0.000,1.927,2.203,2.687,1.345,2.246,2.758,1.492,3.258,3.535,2.698,4.576,3.101,3.682,4.501,3.543,4.819,4.394,3.987,3.730,3.481,3.750,4.466,4.054,3.563,3.885,3.742,3.415,2.886,3.600,3.663,3.970,5.067,5.249,4.125,3.695,3.396,3.689,4.890,4.565,4.932,5.767,5.259,4.391,2.651,3.210,3.655,4.718,4.093,5.014,4.357,3.595,3.751,3.914,3.154,4.657,3.180,3.965,4.247,4.812,4.699,3.746,4.138,4.129,3.974,4.772,4.325,4.859,5.034,5.207,4.544,4.578,3.371,2.818,2.021,1.000,2.421,3.818,2.411,3.218,2.974,3.308,3.545,3.194,2.898,4.128,5.333,4.981,5.238,4.456,2.884,2.486,1.977,1.964,2.063,2.124,1.966,3.783,3.877,3.509,4.002,3.222,4.789,5.183,4.356
1.927,0.000,0.561,2.361,1.522,3.051,2.407,2.527,3.301,3.563,3.143,4.652,3.846,3.501,2.882,3.120,2.104,2.797,3.315,2.955,4.013,4.160,4.444,4.356,3.044,3.275,2.378,3.836,3.215,4.025,4.109,3.647,4.700,4.677,4.144,3.594,2.701,3.320,4.378,3.609,3.670,3.888,4.175,2.894,2.993,2.027,3.904,4.643,4.118,4.940,4.545,4.140,4.089,4.196,4.001,5.002,4.246,4.064,4.041,4.791,3.838,2.459,2.677,2.980,3.227,3.384,3.664,3.474,3.956,4.521,2.923,3.625,2.622,4.042,2.625,2.647,4.039,5.057,3.517,4.659,4.027,5.071,5.049,4.818,4.060,5.100,6.187,5.732,5.795,5.577,3.822,4.293,4.315,4.259,3.669,3.130,3.411,4.277,3.402,3.910,4.390,3.834,5.204,5.995,4.681
2.203,0.561,0.000,0.844,1.621,1.883,2.375,2.140,2.801,3.537,3.105,4.555,3.206,3.084,2.364,2.119,2.438,3.675,2.671,3.750,3.992,4.333,3.692,3.986,2.754,3.217,2.702,5.404,4.765,5.787,6.566,5.395,5.926,5.598,4.515,3.553,2.963,3.339,3.361,3.188,3.151,3.636,4.722,3.909,3.982,2.936,4.491,5.518,4.795,5.443,4.810,4.610,4.762,4.275,4.451,5.088,4.554,4.130,4.017,5.088,4.114,3.115,3.563,4.333,4.266,4.186,4.368,3.405,4.799,5.033,4.181,3.694,3.323,4.443,3.187,3.282,4.341,5.461,3.710,5.079,4.042,5.387,5.568,4.959,4.104,5.046,5.769,5.376,5.070,5.018,3.560,4.445,4.453,4.495,4.086,3.441,3.947,4.434,3.891,4.143,4.232,4.827,4.923,6.317,5.214
2.687,2.361,0.844,0.000,1.256,1.891,1.611,1.790,3.226,4.082,4.280,4.934,3.271,3.355,2.359,2.620,3.112,3.407,2.462,2.987,3.218,3.501,3.735,3.874,2.899,2.886,1.676,4.068,4.156,5.366,6.335,4.651,4.939,4.367,3.329,2.692,3.127,4.231,3.935,3.851,4.090,4.579,5.564,4.615,4.635,3.768,5.464,5.823,4.660,5.607,5.903,5.640,5.385,5.183,5.034,5.272,4.802,3.955,4.130,4.442,3.613,1.989,2.828,3.656,2.645,2.551,2.065,1.897,3.553,4.030,3.506,3.576,3.548,4.484,3.912,3.977,5.183,6.233,4.430,5.839,5.099,6.152,6.906,6.078,5.273,6.387,6.837,6.201,5.862,5.889,4.749,5.491,5.368,5.262,4.841,4.448,5.036,5.792,5.052,4.952,4.555,4.147,4.460,4.950,3.993
1.345,1.522,1.621,1.256,0.000,0.805,1.760,1.219,2.343,2.410,3.064,3.222,2.845,3.158,2.097,2.735,2.869,3.990,2.590,2.788,3.429,3.722,2.981,3.388,2.662,3.586,3.946,7.038,6.453,6.981,7.942,6.683,6.727,6.099,4.919,4.044,3.658,3.510,3.002,2.869,3.386,3.996,4.810,4.260,4.133,3.678,4.930,5.676,3.721,5.608,5.428,4.929,5.535,3.525,4.289,4.256,4.057,3.406,3.471,3.921,2.534,2.565,2.666,3.943,3.457,3.318,2.664,2.254,3.535,3.209,3.125,2.723,2.759,3.741,2.660,2.629,3.724,4.492,2.718,4.100,3.610,4.503,5.496,4.451,3.724,4.258,4.646,4.400,3.473,3.797,3.083,4.384,3.943,4.293,4.228,3.335,4.012,4.114,4.158,4.163,3.018,3.450,3.286,3.946,3.560
2.246,3.051,1.883,1.891,0.805,0.000,0.983,1.211,2.345,3.940,3.280,4.261,3.346,3.108,2.398,3.522,3.197,3.689,2.979,2.792,3.058,3.218,3.589,3.056,2.503,2.987,3.730,5.151,4.808,5.476,7.211,5.068,5.295,5.205,4.414,4.960,5.146,5.126,4.702,5.132,5.328,5.868,6.481,5.440,4.838,4.090,5.473,5.423,3.620,5.541,6.104,5.950,5.522,4.197,5.353,4.569,4.680,4.573,4.394,4.311,3.627,3.917,3.786,4.115,4.315,3.805,3.636,2.538,3.830,3.340,4.597,3.823,4.172,4.501,3.487,3.402,4.072,4.878,3.264,4.737,4.134,5.100,6.649,5.536,4.390,5.397,5.361,4.895,4.065,4.001,3.491,4.353,4.164,4.441,4.244,3.602,4.320,4.932,4.925,4.174,3.447,3.864,3.085,4.234,3.887
2.758,2.407,2.375,1.611,1.760,0.983,0.000,0.616,2.028,2.184,3.009,3.321,2.407,3.263,2.539,3.229,3.462,3.824,2.978,2.662,2.924,3.071,2.693,3.176,2.870,3.802,4.278,7.007,6.791,7.035,7.986,6.552,6.816,6.571,5.820,5.581,5.042,5.118,4.134,4.455,4.645,4.284,5.112,5.019,4.569,3.918,5.080,6.286,4.673,6.980,7.076,6.296,6.614,4.311,5.339,4.821,4.990,4.115,3.773,4.105,2.700,3.609,3.825,5.393,5.180,5.025,3.625,3.341,4.145,3.558,4.554,4.099,4.186,5.002,4.275,4.305,5.552,5.617,4.177,4.959,5.019,5.543,6.229,5.279,4.777,5.195,5.768,5.291,4.358,4.659,4.238,5.657,4.978,5.415,4.997,3.970,4.302,4.089,4.381,4.071,3.494,3.210,2.691,3.382,3.399
1.492,2.527,2.140,1.790,1.219,1.211,0.616,0.000,0.406,1.726,1.734,2.359,2.557,2.376,2.626,2.591,3.391,3.449,3.515,3.264,3.567,3.337,2.205,1.904,2.754,3.559,4.768,6.700,6.508,6.883,8.408,6.765,6.826,6.566,5.131,5.118,4.903,4.695,4.178,4.529,4.820,5.510,5.769,5.771,4.835,4.586,4.839,5.094,3.618,5.276,5.173,4.827,5.187,3.400,4.237,4.169,3.926,3.416,3.134,3.392,2.144,2.877,2.961,3.480,3.579,3.553,3.857,3.203,3.800,3.561,2.776,2.136,2.679,3.589,2.190,2.243,2.772,3.367,1.963,3.257,2.954,3.857,5.058,3.613,2.643,3.189,3.574,3.413,2.473,2.601,2.125,3.027,2.573,3.161,3.415,2.423,2.995,2.897,2.893,3.299,3.147,3.385,3.565,4.663,3.425
3.258,3.301,2.801,3.226,2.343,2.345,2.028,0.406,0.000,1.119,1.832,1.141,1.770,2.040,1.955,2.479,2.618,2.966,2.792,3.004,3.247,1.696,2.129,2.405,2.828,3.878,4.398,6.305,6.807,7.161,8.142,7.210,6.935,6.330,5.151,5.082,3.899,3.337,3.716,3.837,3.936,4.522,4.242,4.004,3.740,3.652,4.457,5.535,4.120,5.657,5.140,4.640,5.273,3.323,3.517,3.515,3.139,2.464,1.905,2.717,2.184,1.944,3.050,3.231,3.512,3.685,4.097,3.676,4.244,4.467,2.965,2.875,2.047,3.607,3.241,3.375,3.857,4.088,2.865,3.553,3.256,4.202,4.736,3.102,2.550,2.785,3.709,3.490,2.759,2.986,2.511,3.698,3.282,3.881,4.017,2.884,3.269,2.496,2.030,2.826,2.809,3.017,3.301,3.606,2.388
3.535,3.563,3.537,4.082,2.410,3.940,2.184,1.726,1.119,0.000,0.669,1.671,1.117,1.606,2.178,2.182,2.861,3.845,3.864,3.740,3.707,2.843,4.072,3.179,3.542,3.699,4.064,5.410,5.125,5.841,6.685,5.385,5.683,5.735,5.133,5.529,5.166,5.314,5.697,5.897,5.173,5.545,5.645,5.191,4.913,4.196,4.756,5.704,4.588,5.550,5.749,5.700,5.530,4.484,4.556,4.530,4.279,3.920,3.070,4.056,3.268,2.414,3.793,3.774,4.091,4.836,4.799,4.111,4.374,4.106,3.614,4.261,3.345,4.997,3.773,3.751,4.226,4.754,3.239,4.503,3.486,4.941,5.271,4.267,3.202,3.825,4.249,4.248,4.183,4.391,3.213,3.989,4.276,4.532,3.704,3.165,3.734,3.599,3.321,3.378,3.208,3.821,4.421,4.869,3.367
2.698,3.143,3.105,4.280,3.064,3.280,3.009,1.734,1.832,0.669,0.000,0.850,1.667,1.061,1.581,1.697,1.963,2.683,2.753,2.684,3.044,2.735,3.568,3.112,4.148,4.629,5.079,6.176,6.260,6.790,7.902,6.793,6.469,6.480,5.864,6.445,5.698,5.473,6.051,6.351,5.843,6.215,5.651,4.641,4.483,4.574,4.356,5.490,3.940,5.489,5.806,5.870,5.365,4.595,4.249,4.619,3.536,3.694,3.366,4.336,3.535,2.107,4.176,3.778,3.805,4.984,5.518,4.387,4.674,4.322,3.450,3.925,2.722,3.449,2.589,2.202,2.613,3.067,1.826,2.858,2.468,3.367,4.101,2.875,1.888,3.046,3.528,3.231,3.546,3.190,1.935,2.213,2.326,2.696,3.002,2.488,3.062,3.715,3.417,3.391,3.985,4.008,4.872,5.125,3.609
4.576,4.652,4.555,4.934,3.222,4.261,3.321,2.359,1.141,1.671,0.850,0.000,0.885,1.815,1.005,1.377,1.297,2.202,2.293,2.113,2.496,3.192,3.345,3.926,3.915,4.633,4.430,6.489,6.035,7.075,7.880,6.795,6.990,6.708,6.124,6.583,5.099,5.066,5.344,5.865,5.238,4.849,5.084,4.729,4.283,3.165,3.100,4.374,3.206,4.403,4.190,4.096,4.127,3.833,4.041,4.442,4.067,4.531,3.874,4.931,5.068,2.919,3.719,3.563,3.878,4.941,5.365,4.374,5.420,5.687,5.227,6.010,4.450,5.652,4.375,4.092,4.189,4.379,3.309,4.311,2.804,4.107,3.985,3.806,3.011,3.884,3.888,4.270,4.798,4.779,3.209,3.856,4.527,4.979,5.076,4.416,4.810,4.968,4.257,4.338,4.797,4.489,4.834,5.960,3.505
3.101,3.846,3.206,3.271,2.845,3.346,2.407,2.557,1.770,1.117,1.667,0.885,0.000,1.050,1.291,1.246,1.295,1.419,2.368,2.053,2.820,2.793,2.612,2.934,3.569,4.353,4.239,5.491,5.483,5.935,7.230,6.153,6.493,6.261,5.439,4.871,3.831,4.463,4.532,4.391,4.281,4.461,4.885,4.210,3.545,2.253,2.604,3.296,2.599,3.871,3.270,3.153,3.631,3.353,3.694,4.533,3.897,3.896,3.057,3.947,3.593,2.220,3.167,2.807,2.990,3.498,3.607,3.165,3.846,4.425,2.950,3.307,2.199,3.846,2.856,2.580,2.719,3.278,1.968,3.434,1.718,3.111,4.006,2.671,1.330,2.402,2.952,3.508,3.383,3.354,2.051,2.469,3.214,3.546,3.972,2.909,3.200,3.428,2.913,3.329,3.607,3.290,4.240,5.136,2.802
3.682,3.501,3.084,3.355,3.158,3.108,3.263,2.376,2.040,1.606,1.061,1.815,1.050,0.000,1.096,2.121,1.408,2.036,1.849,2.116,2.561,2.866,2.932,3.419,3.961,4.745,4.814,6.269,5.652,6.075,6.718,6.280,6.876,6.525,5.942,4.910,4.080,4.590,4.940,4.377,3.918,3.577,4.302,4.045,4.579,3.307,3.742,4.397,3.501,4.693,4.162,4.373,4.724,4.478,4.870,5.365,5.106,5.438,4.957,5.643,5.361,3.855,4.070,3.504,3.521,3.681,3.450,3.252,4.674,5.628,4.084,4.443,3.060,4.695,4.050,4.037,4.862,5.263,4.032,5.092,3.607,5.168,5.080,4.567,3.572,4.116,4.863,5.571,5.163,5.291,3.651,4.807,5.054,5.435,4.968,3.887,3.735,3.753,2.936,3.590,3.603,2.875,3.364,4.301,2.306
4.501,2.882,2.364,2.359,2.097,2.398,2.539,2.626,1.955,2.178,1.581,1.005,1.291,1.096,0.000,0.509,1.319,1.058,1.225,1.825,1.681,2.147,2.486,3.247,3.095,4.237,4.108,6.067,5.883,6.102,6.638,6.214,6.658,6.379,5.712,4.819,3.800,4.472,4.732,4.277,4.160,4.255,4.678,4.395,4.075,3.358,3.987,4.597,3.627,4.872,4.591,4.279,4.886,3.593,4.756,4.314,5.353,4.792,3.771,5.036,4.706,3.459,3.411,4.453,3.163,2.649,1.625,2.007,3.858,3.973,3.123,3.780,3.754,5.333,5.311,5.263,6.239,7.088,5.235,6.541,5.132,6.553,6.731,5.833,5.438,5.782,6.641,7.099,6.289,6.563,5.337,6.684,6.321,6.603,6.060,4.962,4.841,4.360,3.503,4.206,2.840,2.693,1.891,2.494,1.419
3.543,3.120,2.119,2.620,2.735,3.522,3.229,2.591,2.479,2.182,1.697,1.377,1.246,2.121,0.509,0.000,0.824,1.383,1.266,1.428,1.994,2.747,2.653,3.778,4.065,4.920,5.265,6.983,7.041,7.341,8.634,7.639,7.568,7.125,5.965,5.076,4.334,5.428,5.696,5.018,5.615,5.082,5.268,4.693,4.145,2.976,2.804,3.089,3.024,3.829,3.488,3.164,3.626,3.071,4.470,4.084,5.187,4.560,3.703,4.698,4.512,3.485,2.963,3.096,2.542,3.099,3.591,4.247,4.905,5.060,3.761,4.074,3.956,5.314,4.980,4.822,5.702,6.477,4.434,6.101,4.288,5.840,5.820,5.104,4.922,5.285,6.253,6.974,6.297,6.553,5.178,6.000,5.972,6.175,6.486,5.526,5.633,5.276,4.300,4.321,3.916,2.918,3.253,3.791,2.523
4.819,2.104,2.438,3.112,2.869,3.197,3.462,3.391,2.618,2.861,1.963,1.297,1.295,1.408,1.319,0.824,0.000,0.793,1.774,1.113,1.995,2.793,3.312,3.379,4.221,5.391,6.290,7.299,7.396,7.463,7.950,7.617,7.958,7.370,6.812,5.827,4.924,5.208,6.142,6.243,6.095,6.204,5.598,5.208,5.045,4.610,4.652,4.809,4.806,5.355,5.203,4.878,5.422,4.342,5.739,4.645,6.416,5.083,4.357,5.470,5.322,4.027,3.157,4.017,2.477,2.989,2.591,3.340,4.738,4.552,3.565,4.521,5.245,6.543,6.933,7.106,8.002,9.016,6.854,8.547,6.897,8.354,8.282,7.641,7.686,7.807,8.708,9.254,8.534,9.050,7.878,8.664,8.232,8.301,8.438,7.401,7.089,6.156,4.874,5.042,3.956,3.244,2.820,2.695,1.318
4.394,2.797,3.675,3.407,3.990,3.689,3.824,3.449,2.966,3.845,2.683,2.202,1.419,2.036,1.058,1.383,0.793,0.000,0.885,1.834,1.083,1.639,2.372,2.797,3.836,5.163,6.802,7.810,7.823,7.602,8.250,7.925,8.852,7.806,7.611,6.844,5.999,6.325,6.742,7.273,7.321,7.022,6.332,5.923,5.946,4.854,4.615,4.429,4.735,4.779,4.868,5.035,5.311,4.226,5.879,5.364,6.506,5.313,4.936,6.365,5.530,4.448,3.071,3.593,1.730,2.075,2.557,3.199,3.541,3.863,2.937,4.159,4.302,5.900,6.056,6.366,6.947,8.121,6.562,7.735,6.370,7.414,7.262,6.940,6.963,7.094,8.191,8.894,7.882,8.552,7.342,8.034,7.444,7.312,7.071,5.969,5.552,4.530,4.003,4.311,3.329,2.725,3.277,2.794,2.008
3.987,3.315,2.671,2.462,2.590,2.979,2.978,3.515,2.792,3.864,2.753,2.293,2.368,1.849,1.225,1.266,1.774,0.885,0.000,1.046,1.060,1.577,2.636,3.323,4.183,4.803,5.474,6.797,6.696,6.630,7.740,6.977,7.265,6.847,5.645,4.951,4.358,5.902,5.834,5.041,5.886,5.381,5.318,4.550,4.145,3.125,3.039,3.660,3.623,4.834,4.309,3.144,3.874,2.128,3.881,3.279,4.705,3.485,2.721,3.959,3.975,2.755,1.862,2.542,1.508,2.132,2.741,3.493,4.267,4.087,2.882,3.425,3.703,4.917,5.385,5.046,6.424,6.661,4.959,5.810,5.128,5.873,6.120,5.292,5.435,5.973,7.147,7.650,6.983,7.113,5.853,6.618,5.935,5.999,6.020,4.820,4.351,3.952,3.415,3.782,3.191,2.641,3.538,3.342,1.859
3.730,2.955,3.750,2.987,2.788,2.792,2.662,3.264,3.004,3.740,2.684,2.113,2.053,2.116,1.825,1.428,1.113,1.834,1.046,0.000,0.974,0.746,1.422,1.945,2.996,4.155,5.214,5.741,5.537,5.034,5.545,5.523,6.660,5.929,5.567,3.998,3.826,3.921,4.023,4.039,3.816,4.135,4.500,4.012,4.248,2.873,3.233,3.914,3.861,4.913,4.660,4.227,4.697,3.043,4.510,4.102,5.164,3.781,3.424,4.999,3.992,3.131,3.011,3.631,2.089,1.895,2.584,3.141,3.338,3.551,2.686,3.373,3.170,4.876,5.269,4.923,6.154,7.094,5.726,6.468,5.633,6.510,6.763,6.297,5.980,6.342,7.462,7.891,6.780,7.257,5.925,6.794,6.129,6.074,5.466,4.243,3.777,3.035,2.495,3.323,2.941,2.528,2.836,2.919,1.997
3.481,4.013,3.992,3.218,3.429,3.058,2.924,3.567,3.247,3.707,3.044,2.496,2.820,2.561,1.681,1.994,1.995,1.083,1.060,0.974,0.000,1.168,1.537,1.984,2.412,3.735,4.222,5.338,5.984,5.324,5.797,5.921,6.178,5.660,4.814,3.632,2.441,2.517,2.718,2.551,2.293,2.707,2.754,2.136,2.517,2.705,3.661,4.486,3.847,5.140,4.766,3.955,4.773,2.488,3.545,2.858,3.876,2.382,2.365,3.668,2.723,2.733,2.087,3.790,2.414,2.263,1.093,1.968,2.541,2.926,2.328,2.846,2.830,4.177,4.848,4.501,5.679,6.163,4.840,5.294,5.312,5.684,6.227,5.448,5.404,5.800,7.073,7.124,6.061,6.274,5.188,6.260,5.339,5.592,5.411,4.060,3.984,2.656,2.452,3.107,2.673,2.154,1.653,1.833,1.250
3.750,4.160,4.333,3.501,3.722,3.218,3.071,3.337,1.696,2.843,2.735,3.192,2.793,2.866,2.147,2.747,2.793,1.639,1.577,0.746,1.168,0.000,0.994,1.498,2.337,3.211,3.242,4.793,6.053,5.448,5.989,5.890,5.695,5.111,4.679,3.440,2.305,1.987,2.453,2.652,2.344,2.791,2.859,2.978,3.437,3.170,3.595,4.005,3.501,4.939,4.243,4.204,4.806,3.090,4.459,4.001,4.358,3.294,3.439,4.262,3.520,3.280,3.570,4.613,4.046,4.252,2.843,3.029,2.312,2.324,2.544,2.965,2.573,3.937,4.907,5.083,5.806,5.842,4.758,5.259,5.305,5.782,6.366,5.191,4.866,4.685,5.594,5.700,4.561,4.965,4.628,5.748,5.038,5.582,5.190,4.038,4.040,1.943,1.507,1.434,2.678,0.972,1.968,2.006,1.731
4.466,4.444,3.692,3.735,2.981,3.589,2.693,2.205,2.129,4.072,3.568,3.345,2.612,2.932,2.486,2.653,3.312,2.372,2.636,1.422,1.537,0.994,0.000,0.798,1.228,2.158,2.462,2.900,4.528,3.923,3.685,4.042,3.966,3.725,3.672,2.718,1.882,1.646,2.699,2.996,2.209,3.110,3.008,2.522,3.597,3.769,4.064,4.043,4.187,4.812,4.007,4.609,5.260,3.797,4.860,3.925,5.282,4.028,3.662,4.202,4.481,3.762,3.702,4.001,4.292,3.895,3.447,2.851,2.959,2.027,2.444,3.929,4.492,5.691,5.956,5.838,6.221,6.649,5.619,6.255,5.403,6.410,7.057,5.814,5.474,5.673,6.568,6.795,6.020,6.105,5.282,6.279,5.971,6.425,6.491,5.347,5.120,3.791,2.687,1.918,2.271,1.394,1.867,2.188,2.012
4.054,4.356,3.986,3.874,3.388,3.056,3.176,1.904,2.405,3.179,3.112,3.926,2.934,3.419,3.247,3.778,3.379,2.797,3.323,1.945,1.984,1.498,0.798,0.000,0.352,1.168,1.575,2.906,3.954,4.107,4.028,4.003,4.179,3.488,3.349,2.661,2.844,2.947,3.149,3.458,3.451,4.355,4.359,3.174,3.555,3.049,2.973,2.581,2.284,3.063,2.412,3.172,3.204,2.420,3.831,3.008,4.192,3.460,2.657,3.556,3.712,3.124,2.936,3.404,4.394,3.636,3.120,3.369,2.733,2.084,2.802,3.714,3.725,4.399,4.763,4.468,4.596,5.216,3.860,5.288,4.021,5.146,6.336,5.023,4.237,4.341,4.799,5.084,4.351,4.514,3.869,4.720,4.602,4.910,4.971,4.095,4.060,3.178,2.257,1.656,1.746,1.783,2.177,2.469,2.518
3.563,3.044,2.754,2.899,2.662,2.503,2.870,2.754,2.828,3.542,4.148,3.915,3.569,3.961,3.095,4.065,4.221,3.836,4.183,2.996,2.412,2.337,1.228,0.352,0.000,0.976,1.530,0.855,2.533,3.484,2.826,2.515,3.440,2.578,2.726,2.553,2.818,2.537,2.778,3.195,3.145,4.049,3.550,1.869,2.235,2.243,1.932,1.798,1.676,2.173,2.329,3.098,2.312,2.408,3.325,2.416,3.551,2.685,1.885,3.177,3.128,2.593,2.968,3.627,3.912,3.531,3.044,3.613,2.918,2.595,3.247,3.364,4.078,5.000,5.232,4.684,4.755,5.395,3.772,5.642,3.838,5.215,6.639,5.625,4.507,4.591,4.403,4.561,4.044,4.627,4.202,4.961,5.098,5.236,5.092,4.397,4.220,3.415,2.025,1.598,1.796,2.205,2.366,2.225,2.602
3.885,3.275,3.217,2.886,3.586,2.987,3.802,3.559,3.878,3.699,4.629,4.633,4.353,4.745,4.237,4.920,5.391,5.163,4.803,4.155,3.735,3.211,2.158,1.168,0.976,0.000,0.762,1.108,1.953,1.919,2.309,1.731,2.197,2.665,3.262,2.664,2.729,1.852,2.243,2.352,2.899,3.938,3.405,2.659,2.347,2.209,1.974,2.316,2.836,2.489,2.724,2.924,2.199,2.945,3.066,2.641,2.813,2.432,1.867,3.705,3.252,2.739,3.673,4.584,4.435,4.420,4.186,4.611,3.632,3.351,3.119,2.619,3.607,4.804,5.175,4.894,4.747,5.239,3.758,5.446,3.161,4.727,5.781,5.204,4.000,3.687,3.317,3.422,2.911,4.016,3.782,4.743,5.490,5.637,5.656,4.686,4.032,3.214,1.670,2.141,2.647,3.401,3.490,3.252,3.600
3.742,2.378,2.702,1.676,3.946,3.730,4.278,4.768,4.398,4.064,5.079,4.430,4.239,4.814,4.108,5.265,6.290,6.802,5.474,5.214,4.222,3.242,2.462,1.575,1.530,0.762,0.000,1.209,1.445,1.774,1.712,1.379,1.797,1.740,2.582,2.353,1.426,1.025,2.047,1.966,2.988,4.100,3.077,3.325,2.304,2.719,2.780,3.059,3.599,3.145,3.919,4.425,3.216,4.063,3.927,4.113,3.898,3.081,3.325,4.665,4.131,3.409,4.266,4.801,4.169,4.195,4.280,4.449,3.182,3.615,2.919,1.729,3.294,4.932,5.879,6.461,5.619,6.579,5.373,7.029,4.173,5.937,6.844,6.426,4.956,4.469,3.059,2.576,2.733,4.401,4.694,5.452,6.501,6.405,6.283,5.529,4.755,3.396,2.329,3.255,3.118,3.837,3.212,3.453,4.126
3.415,3.836,5.404,4.068,7.038,5.151,7.007,6.700,6.305,5.410,6.176,6.489,5.491,6.269,6.067,6.983,7.299,7.810,6.797,5.741,5.338,4.793,2.900,2.906,0.855,1.108,1.209,0.000,1.136,1.451,0.997,0.809,1.198,1.381,1.937,1.919,1.866,1.863,2.721,3.038,3.995,5.209,4.363,4.410,3.405,3.504,3.690,3.473,3.587,3.243,3.767,3.517,2.607,3.258,3.117,3.663,2.901,2.712,3.080,4.362,3.741,3.608,4.020,4.661,4.773,4.964,5.353,5.762,3.631,4.314,2.796,1.383,2.498,3.898,4.757,6.226,5.564,6.722,4.543,6.847,3.869,5.614,6.525,6.423,5.355,4.568,3.148,2.473,2.956,4.785,5.224,5.862,7.232,6.871,6.676,5.912,4.419,3.398,2.151,2.943,2.912,4.006,3.674,4.148,5.575
2.886,3.215,4.765,4.156,6.453,4.808,6.791,6.508,6.807,5.125,6.260,6.035,5.483,5.652,5.883,7.041,7.396,7.823,6.696,5.537,5.984,6.053,4.528,3.954,2.533,1.953,1.445,1.136,0.000,0.725,1.038,1.568,1.082,1.177,1.235,2.582,2.497,2.373,3.608,4.534,5.238,5.779,4.626,5.099,3.933,4.220,4.221,4.493,4.528,4.561,4.167,4.028,4.026,4.392,3.999,4.801,3.444,4.557,4.786,5.026,4.992,5.714,5.749,5.980,6.829,7.114,7.150,7.691,5.795,6.363,4.493,2.866,2.717,2.356,2.474,4.912,4.251,6.036,3.900,5.373,2.635,4.132,4.525,4.264,3.518,2.319,1.426,1.643,1.884,3.466,3.934,4.270,5.788,5.056,5.376,3.747,2.575,3.160,3.626,4.588,4.780,5.390,5.438,5.036,6.259
3.600,4.025,5.787,5.366,6.981,5.476,7.035,6.883,7.161,5.841,6.790,7.075,5.935,6.075,6.102,7.341,7.463,7.602,6.630,5.034,5.324,5.448,3.923,4.107,3.484,1.919,1.774,1.451,0.725,0.000,1.381,1.174,2.152,1.518,2.460,3.069,3.093,3.055,4.544,5.373,5.473,6.263,5.179,5.400,4.577,4.077,4.089,4.233,4.263,4.510,3.872,3.617,4.162,3.776,3.554,4.651,4.147,4.634,5.334,4.925,5.178,4.942,4.825,5.287,6.136,6.289,6.725,6.990,5.357,6.273,4.287,3.165,2.806,2.733,2.137,4.248,3.670,5.076,2.890,4.682,2.332,3.585,4.312,4.882,4.153,3.435,2.429,1.952,2.491,4.016,4.740,5.013,6.580,5.701,5.873,4.589,3.133,3.958,3.663,4.329,4.094,4.424,4.600,4.535,6.036
3.663,4.109,6.566,6.335,7.942,7.211,7.986,8.408,8.142,6.685,7.902,7.880,7.230,6.718,6.638,8.634,7.950,8.250,7.740,5.545,5.797,5.989,3.685,4.028,2.826,2.309,1.712,0.997,1.038,1.381,0.000,0.644,1.343,0.920,0.889,2.019,2.893,3.404,4.692,5.314,5.682,7.098,6.304,5.716,4.880,4.051,4.113,4.266,4.658,4.829,4.827,4.090,3.970,3.775,3.717,4.476,3.503,3.924,4.650,4.818,4.502,4.057,4.067,4.722,5.631,5.920,7.315,7.340,5.679,6.415,3.826,2.462,2.795,3.800,3.461,5.391,4.945,6.448,3.945,6.069,3.799,5.390,6.470,6.790,5.530,4.582,3.047,2.073,2.858,4.825,5.605,6.628,8.337,7.334,7.162,6.059,4.484,4.388,3.348,4.454,4.830,4.992,5.223,5.648,6.980
3.970,3.647,5.395,4.651,6.683,5.068,6.552,6.765,7.210,5.385,6.793,6.795,6.153,6.280,6.214,7.639,7.617,7.925,6.977,5.523,5.921,5.890,4.042,4.003,2.515,1.731,1.379,0.809,1.568,1.174,0.644,0.000,0.472,1.278,1.058,2.369,2.020,1.965,3.217,3.865,4.157,5.657,4.585,5.099,4.302,4.138,3.938,4.276,4.666,4.502,4.494,3.994,3.938,4.247,3.887,4.863,4.025,4.551,5.074,5.241,5.182,5.076,5.301,5.947,6.652,6.846,7.377,7.527,5.875,6.609,4.126,2.807,3.184,3.126,3.069,4.910,3.443,5.226,3.647,5.040,2.218,3.701,4.528,4.724,3.352,2.766,1.491,1.057,2.017,3.007,3.066,3.936,5.641,5.149,5.495,4.730,3.606,4.014,3.622,4.693,4.923,5.347,5.376,5.503,6.810
5.067,4.700,5.926,4.939,6.727,5.295,6.816,6.826,6.935,5.683,6.469,6.990,6.493,6.876,6.658,7.568,7.958,8.852,7.265,6.660,6.178,5.695,3.966,4.179,3.440,2.197,1.797,1.198,1.082,2.152,1.343,0.472,0.000,0.976,1.695,1.897,1.653,1.917,2.460,3.450,3.257,5.279,4.462,5.302,4.093,4.134,4.003,4.141,4.581,4.260,4.622,4.802,4.373,5.067,4.320,5.329,4.195,4.317,4.761,5.689,5.306,5.379,6.011,6.778,6.880,7.126,7.287,7.638,6.045,6.730,4.814,3.245,3.151,2.809,3.602,5.369,3.737,5.545,4.717,5.642,2.760,4.204,5.098,4.296,3.025,2.467,1.968,1.958,1.867,2.443,2.935,3.413,5.020,4.518,5.027,3.708,2.898,2.939,3.283,4.697,4.785,5.940,5.677,5.889,7.207
5.249,4.677,5.598,4.367,6.099,5.205,6.571,6.566,6.330,5.735,6.480,6.708,6.261,6.525,6.379,7.125,7.370,7.806,6.847,5.929,5.660,5.111,3.725,3.488,2.578,2.665,1.740,1.381,1.177,1.518,0.920,1.278,0.976,0.000,0.435,1.201,1.892,1.989,2.168,2.088,2.290,4.395,4.416,4.799,3.641,3.195,2.943,3.123,3.855,3.205,4.219,4.423,3.493,4.298,3.962,4.632,3.896,3.613,4.190,5.118,4.595,3.711,4.471,5.375,5.149,5.408,6.084,6.059,4.393,4.887,2.792,1.822,2.888,3.953,4.840,5.979,4.744,6.046,4.717,6.350,2.981,5.015,5.788,5.476,4.161,3.571,2.559,2.190,2.379,3.759,4.013,4.917,6.589,6.366,6.746,5.458,4.365,3.516,2.676,3.547,3.726,4.789,5.125,5.618,6.284
4.125,4.144,4.515,3.329,4.919,4.414,5.820,5.131,5.151,5.133,5.864,6.124,5.439,5.942,5.712,5.965,6.812,7.611,5.645,5.567,4.814,4.679,3.672,3.349,2.726,3.262,2.582,1.937,1.235,2.460,0.889,1.058,1.695,0.435,0.000,0.816,1.067,0.997,1.644,1.625,1.391,3.149,2.946,4.273,3.553,3.764,3.605,3.442,3.950,3.481,4.349,5.446,4.497,5.017,4.490,5.311,4.896,3.992,4.658,5.381,5.051,4.162,4.909,5.638,5.680,6.417,6.529,7.157,5.383,5.423,3.522,2.586,3.078,3.916,4.974,6.684,5.152,6.371,5.851,6.874,3.477,5.508,6.062,4.833,3.535,2.768,2.313,2.261,1.910,2.307,3.144,4.129,5.849,6.318,6.340,4.375,4.173,3.252,3.236,3.379,4.016,5.056,6.021,5.771,5.723
3.695,3.594,3.553,2.692,4.044,4.960,5.581,5.118,5.082,5.529,6.445,6.583,4.871,4.910,4.819,5.076,5.827,6.844,4.951,3.998,3.632,3.440,2.718,2.661,2.553,2.664,2.353,1.919,2.582,3.069,2.019,2.369,1.897,1.201,0.816,0.000,0.464,1.534,1.707,1.395,1.423,1.961,1.895,2.540,1.847,1.905,1.863,2.414,3.791,3.227,4.562,4.965,3.185,3.129,2.605,3.440,2.929,1.999,2.957,3.639,3.167,2.612,3.426,4.265,4.472,5.163,5.936,5.987,3.840,4.188,2.953,3.053,3.135,4.565,5.370,7.162,5.795,7.091,5.665,7.434,3.731,6.381,7.064,5.760,4.873,4.081,3.557,3.432,3.066,4.490,5.393,6.005,7.817,7.303,7.611,5.852,5.300,3.757,2.672,2.169,2.921,3.468,5.153,5.672,5.082
3.396,2.701,2.963,3.127,3.658,5.146,5.042,4.903,3.899,5.166,5.698,5.099,3.831,4.080,3.800,4.334,4.924,5.999,4.358,3.826,2.441,2.305,1.882,2.844,2.818,2.729,1.426,1.866,2.497,3.093,2.893,2.020,1.653,1.892,1.067,0.464,0.000,1.042,1.508,0.927,1.038,1.374,1.859,2.565,1.951,1.700,1.848,2.049,3.481,2.494,3.765,4.518,2.685,2.897,2.898,3.183,3.205,2.586,3.282,4.097,3.115,2.872,3.885,4.346,4.334,4.604,5.387,4.630,2.607,2.863,2.379,2.932,3.731,5.073,5.948,7.112,6.526,7.125,5.693,7.508,4.445,6.478,7.193,5.960,5.225,4.601,4.031,3.637,3.298,4.838,5.889,6.175,7.932,7.686,7.966,5.832,4.831,3.813,2.926,2.260,2.618,2.714,3.678,4.844,5.140
3.689,3.320,3.339,4.231,3.510,5.126,5.118,4.695,3.337,5.314,5.473,5.066,4.463,4.590,4.472,5.428,5.208,6.325,5.902,3.921,2.517,1.987,1.646,2.947,2.537,1.852,1.025,1.863,2.373,3.055,3.404,1.965,1.917,1.989,0.997,1.534,1.042,0.000,0.830,2.194,1.007,1.456,1.730,1.313,1.308,1.497,1.467,1.187,2.296,1.117,3.016,3.198,1.408,1.613,2.416,1.652,2.905,2.112,1.940,2.946,2.020,2.408,2.795,3.858,3.542,3.830,4.163,3.711,2.709,2.613,3.153,3.848,5.544,6.526,6.766,7.280,7.723,8.221,6.344,7.964,5.854,7.142,7.889,6.892,7.020,6.727,6.371,5.773,5.950,7.457,7.913,8.128,8.759,8.226,7.971,6.267,4.836,4.103,2.862,2.115,2.306,2.200,3.044,4.339,4.939
4.890,4.378,3.361,3.935,3.002,4.702,4.134,4.178,3.716,5.697,6.051,5.344,4.532,4.940,4.732,5.696,6.142,6.742,5.834,4.023,2.718,2.453,2.699,3.149,2.778,2.243,2.047,2.721,3.608,4.544,4.692,3.217,2.460,2.168,1.644,1.707,1.508,0.830,0.000,0.949,1.530,1.448,1.429,1.247,1.566,2.121,2.314,2.689,3.227,2.334,4.282,4.116,2.635,2.844,2.201,2.030,2.302,1.924,2.664,2.781,2.014,2.107,2.859,3.997,3.089,3.173,4.267,3.146,1.938,1.953,2.768,3.558,4.589,5.768,6.174,7.407,7.389,7.968,6.189,7.652,5.124,6.682,7.155,6.022,6.141,5.346,5.018,4.430,4.453,6.035,7.236,7.793,9.390,8.777,8.458,6.899,5.465,4.514,3.296,2.684,2.533,2.251,2.999,4.525,5.212
4.565,3.609,3.188,3.851,2.869,5.132,4.455,4.529,3.837,5.897,6.351,5.865,4.391,4.377,4.277,5.018,6.243,7.273,5.041,4.039,2.551,2.652,2.996,3.458,3.195,2.352,1.966,3.038,4.534,5.373,5.314,3.865,3.450,2.088,1.625,1.395,0.927,2.194,0.949,0.000,0.741,1.883,1.523,1.647,1.641,2.361,2.444,2.723,3.666,2.867,4.101,4.321,3.081,3.575,3.373,3.754,3.223,2.463,3.160,3.815,2.999,2.210,3.270,4.500,3.701,3.965,5.240,4.048,2.710,2.666,2.723,3.079,4.413,5.744,6.324,8.265,8.317,9.599,7.666,8.873,6.068,7.746,7.917,6.707,6.675,5.667,4.954,3.909,4.331,6.449,7.690,8.259,9.887,8.666,8.292,6.517,4.574,3.429,2.494,1.982,2.758,2.256,3.324,4.641,4.969
4.932,3.670,3.151,4.090,3.386,5.328,4.645,4.820,3.936,5.173,5.843,5.238,4.281,3.918,4.160,5.615,6.095,7.321,5.886,3.816,2.293,2.344,2.209,3.451,3.145,2.899,2.988,3.995,5.238,5.473,5.682,4.157,3.257,2.290,1.391,1.423,1.038,1.007,1.530,0.741,0.000,0.509,1.063,0.650,0.691,1.173,0.805,1.273,2.928,1.757,3.607,3.761,1.965,2.198,2.696,2.660,2.922,2.009,2.332,3.165,2.417,2.445,3.059,4.301,3.892,3.943,4.998,4.320,3.160,3.223,3.320,3.707,4.802,5.797,6.433,8.330,8.030,9.373,6.960,8.711,5.945,7.670,7.992,6.772,6.896,5.931,5.553,4.814,4.793,6.411,7.851,8.310,10.096,8.645,8.452,6.999,5.564,4.337,3.620,2.899,3.511,2.547,3.537,4.604,5.287
5.767,3.888,3.636,4.579,3.996,5.868,4.284,5.510,4.522,5.545,6.215,4.849,4.461,3.577,4.255,5.082,6.204,7.022,5.381,4.135,2.707,2.791,3.110,4.355,4.049,3.938,4.100,5.209,5.779,6.263,7.098,5.657,5.279,4.395,3.149,1.961,1.374,1.456,1.448,1.883,0.509,0.000,0.480,1.079,0.362,1.077,0.982,1.153,3.083,1.925,3.631,3.705,2.097,2.682,3.557,3.896,4.374,3.259,3.561,4.229,3.676,3.689,4.223,5.342,4.449,4.241,5.023,4.793,3.707,3.982,4.006,4.518,5.508,6.060,7.065,8.955,8.442,10.134,7.914,9.318,6.872,8.382,8.743,7.249,7.421,6.292,5.923,5.227,5.082,6.188,8.142,8.478,10.007,8.364,8.332,7.134,6.462,5.539,5.123,4.371,4.563,3.238,3.557,4.115,5.078
5.259,4.175,4.722,5.564,4.810,6.481,5.112,5.769,4.242,5.645,5.651,5.084,4.885,4.302,4.678,5.268,5.598,6.332,5.318,4.500,2.754,2.859,3.008,4.359,3.550,3.405,3.077,4.363,4.626,5.179,6.304,4.585,4.462,4.416,2.946,1.895,1.859,1.730,1.429,1.523,1.063,0.480,0.000,0.986,0.881,0.801,0.664,1.151,3.192,2.009,3.721,3.660,2.512,3.165,4.023,3.766,4.327,3.498,3.389,3.939,3.330,3.634,4.239,5.271,4.283,3.952,4.493,4.533,3.826,4.156,4.288,4.835,5.803,5.914,6.872,7.883,8.407,9.979,7.907,9.199,7.460,8.596,9.008,7.989,8.375,7.163,6.665,5.969,5.829,6.996,8.797,8.901,9.729,8.027,8.081,6.687,5.755,5.106,5.037,4.379,4.746,3.303,3.385,3.629,4.659
4.391,2.894,3.909,4.615,4.260,5.440,5.019,5.771,4.004,5.191,4.641,4.729,4.210,4.045,4.395,4.693,5.208,5.923,4.550,4.012,2.136,2.978,2.522,3.174,1.869,2.659,3.325,4.410,5.099,5.400,5.716,5.099,5.302,4.799,4.273,2.540,2.565,1.313,1.247,1.647,0.650,1.079,0.986,0.000,0.802,1.313,0.773,0.855,3.060,1.752,3.086,3.515,2.460,2.448,3.264,3.364,3.961,2.967,3.696,4.244,2.989,2.999,3.860,4.677,3.554,3.347,4.328,3.666,2.195,2.485,2.246,3.459,4.479,5.137,6.225,7.511,7.546,8.417,6.878,8.361,6.226,7.684,8.223,6.987,6.795,5.751,5.140,4.646,4.160,5.981,7.686,7.820,9.118,8.137,8.441,6.598,5.480,4.069,3.571,3.099,3.487,2.971,3.255,4.150,5.001
2.651,2.993,3.982,4.635,4.133,4.838,4.569,4.835,3.740,4.913,4.483,4.283,3.545,4.579,4.075,4.145,5.045,5.946,4.145,4.248,2.517,3.437,3.597,3.555,2.235,2.347,2.304,3.405,3.933,4.577,4.880,4.302,4.093,3.641,3.553,1.847,1.951,1.308,1.566,1.641,0.691,0.362,0.881,0.802,0.000,0.754,0.845,0.883,2.560,1.476,2.864,2.870,1.640,1.706,2.218,2.301,2.830,1.736,2.793,3.485,2.526,2.132,3.167,3.146,3.276,3.402,3.758,3.488,2.701,3.178,1.531,2.489,3.364,3.895,4.762,5.607,6.038,6.754,5.436,6.680,5.058,6.406,7.351,5.925,5.405,5.215,5.143,4.982,4.204,5.536,6.060,6.138,7.006,6.710,7.449,5.443,4.823,3.393,2.868,2.709,3.403,3.047,3.130,3.610,4.550
3.210,2.027,2.936,3.768,3.678,4.090,3.918,4.586,3.652,4.196,4.574,3.165,2.253,3.307,3.358,2.976,4.610,4.854,3.125,2.873,2.705,3.170,3.769,3.049,2.243,2.209,2.719,3.504,4.220,4.077,4.051,4.138,4.134,3.195,3.764,1.905,1.700,1.497,2.121,2.361,1.173,1.077,0.801,1.313,0.754,0.000,0.810,0.622,1.798,1.287,3.033,3.171,1.610,1.658,2.395,2.355,2.553,1.613,2.596,3.496,3.012,2.676,3.638,3.051,4.040,4.647,4.832,5.049,3.658,4.232,2.701,3.282,2.986,3.039,3.242,4.699,4.390,5.285,4.101,5.720,3.423,5.635,6.637,4.985,4.045,4.032,4.671,5.147,4.093,4.767,4.670,5.085,5.964,6.013,6.279,3.977,3.997,3.450,3.375,3.419,4.027,3.941,3.808,3.598,4.210
3.655,3.904,4.491,5.464,4.930,5.473,5.080,4.839,4.457,4.756,4.356,3.100,2.604,3.742,3.987,2.804,4.652,4.615,3.039,3.233,3.661,3.595,4.064,2.973,1.932,1.974,2.780,3.690,4.221,4.089,4.113,3.938,4.003,2.943,3.605,1.863,1.848,1.467,2.314,2.444,0.805,0.982,0.664,0.773,0.845,0.810,0.000,0.777,2.166,1.745,2.984,2.213,1.399,1.162,2.207,2.584,3.140,1.862,2.394,3.473,3.039,2.286,2.445,2.238,2.688,3.425,3.954,5.002,3.629,4.483,3.240,3.527,3.289,3.967,2.565,3.399,3.769,4.781,3.755,4.576,3.562,5.166,6.415,5.115,4.471,4.841,5.815,6.276,5.247,5.898,5.251,5.732,5.735,5.972,5.743,3.719,4.001,3.529,3.833,4.173,4.348,4.569,4.212,3.585,3.931
4.718,4.643,5.518,5.823,5.676,5.423,6.286,5.094,5.535,5.704,5.490,4.374,3.296,4.397,4.597,3.089,4.809,4.429,3.660,3.914,4.486,4.005,4.043,2.581,1.798,2.316,3.059,3.473,4.493,4.233,4.266,4.276,4.141,3.123,3.442,2.414,2.049,1.187,2.689,2.723,1.273,1.153,1.151,0.855,0.883,0.622,0.777,0.000,0.971,1.814,2.454,1.730,1.622,1.772,1.658,2.159,2.644,1.750,1.780,3.224,3.051,1.957,2.626,3.059,3.001,3.998,4.568,5.483,4.554,4.858,4.493,5.004,3.906,4.857,2.752,3.162,2.783,3.339,2.419,2.669,2.471,3.525,4.564,4.057,3.801,4.480,6.005,6.514,5.707,6.143,4.770,5.011,4.899,5.157,5.190,4.100,4.580,4.222,4.542,3.997,4.247,4.619,5.392,4.542,5.331
4.093,4.118,4.795,4.660,3.721,3.620,4.673,3.618,4.120,4.588,3.940,3.206,2.599,3.501,3.627,3.024,4.806,4.735,3.623,3.861,3.847,3.501,4.187,2.284,1.676,2.836,3.599,3.587,4.528,4.263,4.658,4.666,4.581,3.855,3.950,3.791,3.481,2.296,3.227,3.666,2.928,3.083,3.192,3.060,2.560,1.798,2.166,0.971,0.000,1.046,1.814,1.198,1.487,1.297,1.774,2.122,2.200,2.485,2.626,3.572,3.769,2.757,3.785,3.339,3.589,5.125,5.503,5.590,4.964,4.639,4.531,4.580,3.829,4.398,3.167,3.130,2.587,3.318,2.626,2.935,2.839,3.683,4.626,4.511,3.916,4.576,6.058,6.434,6.457,6.256,4.318,4.278,4.926,4.665,4.974,4.265,4.409,4.241,4.019,2.990,3.929,4.282,5.806,5.504,5.062
5.014,4.940,5.443,5.607,5.608,5.541,6.980,5.276,5.657,5.550,5.489,4.403,3.871,4.693,4.872,3.829,5.355,4.779,4.834,4.913,5.140,4.939,4.812,3.063,2.173,2.489,3.145,3.243,4.561,4.510,4.829,4.502,4.260,3.205,3.481,3.227,2.494,1.117,2.334,2.867,1.757,1.925,2.009,1.752,1.476,1.287,1.745,1.814,1.046,0.000,0.630,1.738,1.762,1.480,1.022,1.981,2.415,2.381,2.355,3.369,3.737,2.895,4.489,4.782,4.598,6.077,6.112,6.444,6.569,5.950,5.842,5.053,5.221,5.367,4.759,4.923,3.825,3.676,3.590,2.970,2.837,3.351,3.563,3.724,3.991,5.058,6.649,6.715,6.850,5.768,4.011,3.643,4.444,4.766,5.546,5.470,5.755,5.214,5.241,4.126,4.938,5.661,7.140,6.679,7.151
4.357,4.545,4.810,5.903,5.428,6.104,7.076,5.173,5.140,5.749,5.806,4.190,3.270,4.162,4.591,3.488,5.203,4.868,4.309,4.660,4.766,4.243,4.007,2.412,2.329,2.724,3.919,3.767,4.167,3.872,4.827,4.494,4.622,4.219,4.349,4.562,3.765,3.016,4.282,4.101,3.607,3.631,3.721,3.086,2.864,3.033,2.984,2.454,1.814,0.630,0.000,0.864,1.552,1.205,0.817,1.693,2.200,2.082,2.153,3.792,3.295,2.719,5.034,5.837,4.969,6.378,6.381,6.239,6.137,5.398,5.595,4.354,4.412,4.288,4.388,5.826,4.593,4.375,4.709,3.985,3.369,3.761,4.453,4.333,4.421,4.665,5.584,5.583,5.508,4.835,4.208,3.434,4.844,5.471,6.029,5.407,5.504,4.409,4.441,3.261,4.061,5.014,6.097,5.516,6.418
3.595,4.140,4.610,5.640,4.929,5.950,6.296,4.827,4.640,5.700,5.870,4.096,3.153,4.373,4.279,3.164,4.878,5.035,3.144,4.227,3.955,4.204,4.609,3.172,3.098,2.924,4.425,3.517,4.028,3.617,4.090,3.994,4.802,4.423,5.446,4.965,4.518,3.198,4.116,4.321,3.761,3.705,3.660,3.515,2.870,3.171,2.213,1.730,1.198,1.738,0.864,0.000,0.769,1.407,1.341,2.468,3.015,2.309,2.453,3.156,3.061,2.433,4.894,4.754,4.236,5.287,5.756,5.589,5.510,4.798,4.888,4.178,3.948,4.176,3.934,5.226,3.631,3.848,3.950,4.120,2.929,4.046,5.134,4.554,4.148,4.255,4.538,4.266,4.038,3.878,4.201,3.182,4.180,4.575,5.043,4.016,4.339,3.254,3.832,3.168,4.378,5.042,6.291,5.319,5.925
3.751,4.089,4.762,5.385,5.535,5.522,6.614,5.187,5.273,5.530,5.365,4.127,3.631,4.724,4.886,3.626,5.422,5.311,3.874,4.697,4.773,4.806,5.260,3.204,2.312,2.199,3.216,2.607,4.026,4.162,3.970,3.938,4.373,3.493,4.497,3.185,2.685,1.408,2.635,3.081,1.965,2.097,2.512,2.460,1.640,1.610,1.399,1.622,1.487,1.762,1.552,0.769,0.000,1.122,0.470,2.276,2.364,1.769,1.728,2.002,2.872,2.285,4.077,4.303,4.410,5.131,5.452,5.681,5.315,5.092,4.245,4.224,3.540,4.130,3.191,3.891,2.669,3.032,2.821,2.857,2.438,3.334,4.433,3.442,3.704,3.857,4.719,4.574,4.410,4.611,4.537,4.135,4.742,4.804,5.044,3.812,4.023,2.818,3.574,3.286,4.261,5.346,6.347,5.106,6.318
3.914,4.196,4.275,5.183,3.525,4.197,4.311,3.400,3.323,4.484,4.595,3.833,3.353,4.478,3.593,3.071,4.342,4.226,2.128,3.043,2.488,3.090,3.797,2.420,2.408,2.945,4.063,3.258,4.392,3.776,3.775,4.247,5.067,4.298,5.017,3.129,2.897,1.613,2.844,3.575,2.198,2.682,3.165,2.448,1.706,1.658,1.162,1.772,1.297,1.480,1.205,1.407,1.122,0.000,0.891,1.880,1.703,1.484,1.107,1.525,2.021,1.903,3.321,3.670,3.280,4.290,4.551,5.132,5.012,5.116,4.239,3.808,3.544,3.102,1.447,2.776,2.395,3.332,2.637,2.978,3.164,3.588,4.521,3.885,4.008,3.963,4.505,4.116,3.660,3.907,4.184,4.119,4.431,4.171,4.097,3.192,3.443,2.880,3.804,3.374,4.328,4.324,5.643,5.235,5.085
3.154,4.001,4.451,5.034,4.289,5.353,5.339,4.237,3.517,4.556,4.249,4.041,3.694,4.870,4.756,4.470,5.739,5.879,3.881,4.510,3.545,4.459,4.860,3.831,3.325,3.066,3.927,3.117,3.999,3.554,3.717,3.887,4.320,3.962,4.490,2.605,2.898,2.416,2.201,3.373,2.696,3.557,4.023,3.264,2.218,2.395,2.207,1.658,1.774,1.022,0.817,1.341,0.470,0.891,0.000,0.941,1.424,0.764,1.246,1.822,1.529,1.987,2.873,3.137,3.630,4.426,4.932,5.144,4.642,4.175,4.001,3.057,2.737,2.421,1.799,3.092,2.072,2.973,2.329,3.218,1.605,3.114,4.335,3.167,1.898,2.455,2.256,2.539,1.932,1.680,2.156,1.662,3.186,3.534,3.577,2.581,3.371,2.555,3.572,3.385,4.474,5.124,5.630,4.605,5.359
4.657,5.002,5.088,5.272,4.256,4.569,4.821,4.169,3.515,4.530,4.619,4.442,4.533,5.365,4.314,4.084,4.645,5.364,3.279,4.102,2.858,4.001,3.925,3.008,2.416,2.641,4.113,3.663,4.801,4.651,4.476,4.863,5.329,4.632,5.311,3.440,3.183,1.652,2.030,3.754,2.660,3.896,3.766,3.364,2.301,2.355,2.584,2.159,2.122,1.981,1.693,2.468,2.276,1.880,0.941,0.000,0.918,1.577,1.345,0.616,2.335,2.111,2.613,2.822,2.898,3.570,4.398,4.274,4.413,4.212,4.054,3.214,3.593,2.315,1.976,1.484,1.316,3.497,2.705,2.496,3.049,3.758,4.712,3.718,3.310,3.862,3.929,3.688,3.605,3.385,3.058,2.908,2.231,2.593,2.785,2.789,3.141,3.413,3.976,3.758,4.808,4.815,6.103,5.853,5.851
3.180,4.246,4.554,4.802,4.057,4.680,4.990,3.926,3.139,4.279,3.536,4.067,3.897,5.106,5.353,5.187,6.416,6.506,4.705,5.164,3.876,4.358,5.282,4.192,3.551,2.813,3.898,2.901,3.444,4.147,3.503,4.025,4.195,3.896,4.896,2.929,3.205,2.905,2.302,3.223,2.922,4.374,4.327,3.961,2.830,2.553,3.140,2.644,2.200,2.415,2.200,3.015,2.364,1.703,1.424,0.918,0.000,0.644,0.898,1.494,1.594,1.309,1.651,1.494,2.259,2.466,3.478,3.394,2.390,2.502,1.866,2.152,2.188,2.201,0.931,1.634,1.353,2.799,1.794,2.641,1.802,3.044,4.421,3.510,2.024,3.270,2.756,2.949,2.591,1.991,2.161,1.868,2.379,2.733,2.682,2.138,3.101,3.017,3.396,3.192,4.065,4.197,4.997,4.263,5.270
3.965,4.064,4.130,3.955,3.406,4.573,4.115,3.416,2.464,3.920,3.694,4.531,3.896,5.438,4.792,4.560,5.083,5.313,3.485,3.781,2.382,3.294,4.028,3.460,2.685,2.432,3.081,2.712,4.557,4.634,3.924,4.551,4.317,3.613,3.992,1.999,2.586,2.112,1.924,2.463,2.009,3.259,3.498,2.967,1.736,1.613,1.862,1.750,2.485,2.381,2.082,2.309,1.769,1.484,0.764,1.577,0.644,0.000,0.421,1.588,1.321,0.907,1.570,1.790,1.756,1.981,2.571,2.834,2.351,2.835,2.441,2.674,2.667,1.894,1.503,2.323,1.420,1.867,1.302,2.033,1.013,2.318,3.848,3.094,1.841,2.388,1.678,2.299,2.042,1.905,2.223,1.817,2.460,2.801,3.184,2.602,3.279,3.015,3.711,2.696,3.149,2.979,3.695,2.848,4.219
4.247,4.041,4.017,4.130,3.471,4.394,3.773,3.134,1.905,3.070,3.366,3.874,3.057,4.957,3.771,3.703,4.357,4.936,2.721,3.424,2.365,3.439,3.662,2.657,1.885,1.867,3.325,3.080,4.786,5.334,4.650,5.074,4.761,4.190,4.658,2.957,3.282,1.940,2.664,3.160,2.332,3.561,3.389,3.696,2.793,2.596,2.394,1.780,2.626,2.355,2.153,2.453,1.728,1.107,1.246,1.345,0.898,0.421,0.000,0.851,1.961,0.940,1.228,1.070,1.548,2.023,3.297,3.312,3.170,3.826,3.075,3.702,2.494,2.120,1.815,2.166,2.032,3.018,1.517,2.446,2.254,2.863,4.114,3.643,3.541,4.095,4.003,4.107,3.638,3.692,3.509,3.324,2.950,3.283,3.709,3.156,3.680,2.779,3.597,2.392,3.224,3.479,4.456,3.749,4.487
4.812,4.791,5.088,4.442,3.921,4.311,4.105,3.392,2.717,4.056,4.336,4.931,3.947,5.643,5.036,4.698,5.470,6.365,3.959,4.999,3.668,4.262,4.202,3.556,3.177,3.705,4.665,4.362,5.026,4.925,4.818,5.241,5.689,5.118,5.381,3.639,4.097,2.946,2.781,3.815,3.165,4.229,3.939,4.244,3.485,3.496,3.473,3.224,3.572,3.369,3.792,3.156,2.002,1.525,1.822,0.616,1.494,1.588,0.851,0.000,0.945,1.754,1.719,1.836,1.111,1.150,3.231,2.371,2.770,2.658,2.469,3.843,2.609,2.581,2.737,3.108,2.393,3.167,2.474,3.041,2.134,2.448,3.671,3.454,2.903,3.752,3.089,3.403,3.264,3.318,3.684,2.990,2.281,3.260,3.641,3.569,4.332,3.283,3.557,2.236,3.124,2.770,4.470,3.709,4.398
4.699,3.838,4.114,3.613,2.534,3.627,2.700,2.144,2.184,3.268,3.535,5.068,3.593,5.361,4.706,4.512,5.322,5.530,3.975,3.992,2.723,3.520,4.481,3.712,3.128,3.252,4.131,3.741,4.992,5.178,4.502,5.182,5.306,4.595,5.051,3.167,3.115,2.020,2.014,2.999,2.417,3.676,3.330,2.989,2.526,3.012,3.039,3.051,3.769,3.737,3.295,3.061,2.872,2.021,1.529,2.335,1.594,1.321,1.961,0.945,0.000,1.424,1.965,2.317,1.125,0.661,1.607,1.508,1.555,2.276,1.854,2.754,1.917,1.409,1.183,0.983,1.433,2.755,1.591,2.627,1.555,2.362,3.849,3.832,2.790,3.816,3.168,3.621,3.222,3.227,3.031,2.829,2.433,2.291,2.952,2.189,2.826,1.789,2.846,2.132,2.996,1.993,3.655,2.648,3.888
3.746,2.459,3.115,1.989,2.565,3.917,3.609,2.877,1.944,2.414,2.107,2.919,2.220,3.855,3.459,3.485,4.027,4.448,2.755,3.131,2.733,3.280,3.762,3.124,2.593,2.739,3.409,3.608,5.714,4.942,4.057,5.076,5.379,3.711,4.162,2.612,2.872,2.408,2.107,2.210,2.445,3.689,3.634,2.999,2.132,2.676,2.286,1.957,2.757,2.895,2.719,2.433,2.285,1.903,1.987,2.111,1.309,0.907,0.940,1.754,1.424,0.000,1.137,0.960,1.372,1.124,1.357,2.344,1.732,2.099,2.845,3.091,2.258,1.823,2.588,3.138,2.837,2.515,2.220,2.049,2.409,2.469,3.351,2.535,2.465,2.596,3.322,4.060,3.087,3.119,2.857,2.756,2.255,2.800,3.657,3.026,4.118,2.747,3.641,2.463,2.710,1.960,3.262,2.248,3.409
4.138,2.677,3.563,2.828,2.666,3.786,3.825,2.961,3.050,3.793,4.176,3.719,3.167,4.070,3.411,2.963,3.157,3.071,1.862,3.011,2.087,3.570,3.702,2.936,2.968,3.673,4.266,4.020,5.749,4.825,4.067,5.301,6.011,4.471,4.909,3.426,3.885,2.795,2.859,3.270,3.059,4.223,4.239,3.860,3.167,3.638,2.445,2.626,3.785,4.489,5.034,4.894,4.077,3.321,2.873,2.613,1.651,1.570,1.228,1.719,1.965,1.137,0.000,0.808,1.309,1.140,1.344,1.510,2.106,2.496,2.889,2.843,2.677,3.019,3.612,4.398,3.814,3.354,3.239,2.583,2.482,3.160,3.043,2.591,2.946,2.530,3.375,4.103,3.355,3.168,2.986,2.998,2.414,3.146,3.627,3.312,3.908,2.996,3.837,2.769,2.732,2.350,3.164,2.786,3.997
