0.000,0.781,1.138,1.675,2.021,1.782,1.509,1.857,2.103,2.133,1.940,2.351,2.420,3.025,4.078,3.041,2.765,2.470,2.001,1.935,1.573,1.209,1.756,2.835,4.162,2.677,1.664,1.221,1.464,2.699,1.687,2.034,2.095,1.570,1.813,1.615,0.979,3.102,2.848,3.154,3.529,4.960,5.389,5.766,4.820,3.972,4.416,3.529,4.285,3.426,3.363,2.927,3.739,3.185,2.333,2.394,2.597,4.164,3.012,3.890,3.169,2.693,2.399,1.967,1.605,1.988,1.311,0.946,0.896,1.092,1.036,1.319,1.690,1.596,1.489,1.599,1.473,1.287,1.696,1.681,1.327,1.293,1.460,1.771,2.065,2.128,2.653
0.781,0.000,0.525,1.296,1.707,1.454,1.467,1.294,1.667,2.187,2.303,2.729,2.948,3.450,4.528,3.597,3.427,3.145,2.754,2.999,2.388,1.733,1.810,2.465,3.696,1.668,2.363,1.438,2.267,2.823,2.537,3.174,3.102,2.839,2.821,2.494,2.184,4.462,4.001,4.570,4.475,5.780,5.796,6.368,5.343,5.030,5.668,4.542,4.757,3.301,3.143,2.682,2.575,2.442,2.252,2.950,3.289,4.886,3.868,4.913,4.182,3.709,3.546,3.074,2.716,3.109,2.374,2.051,1.894,2.132,1.838,2.111,2.077,0.986,1.775,1.059,1.373,1.476,2.304,2.361,2.162,2.212,2.378,2.721,3.058,2.860,3.430
1.138,0.525,0.000,1.246,1.618,1.316,0.421,0.702,0.785,1.218,1.326,1.831,2.025,2.568,3.567,2.702,2.676,2.375,2.177,2.469,2.149,1.099,1.531,2.382,3.017,1.117,1.855,1.379,2.199,2.662,2.763,3.455,3.407,2.902,2.779,2.387,2.420,4.549,4.640,4.743,4.410,5.354,5.583,5.859,5.049,4.818,5.540,4.605,4.786,3.663,3.641,3.001,2.511,2.459,2.512,2.939,3.075,4.438,3.389,4.179,3.403,3.060,2.917,2.442,2.325,2.624,1.834,1.340,1.260,1.367,1.112,1.457,1.623,1.307,2.099,1.013,0.708,0.724,1.595,1.506,1.382,1.372,1.569,1.882,2.306,1.983,2.620
1.675,1.296,1.246,0.000,1.035,1.325,0.740,0.651,0.730,1.812,2.325,2.960,3.248,3.760,4.857,4.159,4.211,3.692,3.363,3.315,3.075,1.431,2.638,2.757,3.268,1.560,2.649,2.775,4.295,4.530,3.725,4.363,4.130,3.539,3.430,3.704,3.162,5.843,5.893,6.388,6.426,7.015,7.844,7.723,7.015,5.970,6.041,4.912,5.182,3.577,2.550,2.069,2.003,0.891,1.783,3.404,4.377,5.792,4.725,5.093,4.382,4.090,3.802,3.216,2.871,3.232,2.237,1.578,1.285,1.326,0.910,1.169,2.291,2.327,3.259,3.102,2.205,1.797,2.121,1.924,1.765,1.797,2.197,2.460,2.999,2.734,3.579
2.021,1.707,1.618,1.035,0.000,1.315,0.844,0.927,0.335,0.828,1.369,1.700,2.004,2.376,3.171,2.702,2.863,2.369,2.577,2.536,2.839,1.465,1.616,1.594,1.801,1.212,2.061,2.264,3.405,3.718,3.515,4.211,3.541,2.650,2.979,3.362,2.953,4.894,5.796,5.582,5.356,5.241,6.542,5.899,6.071,4.740,4.347,3.860,4.464,3.690,3.007,2.440,2.218,1.999,2.644,2.888,3.829,4.202,3.627,3.347,2.686,2.802,2.589,2.268,2.159,2.371,1.603,1.414,1.294,1.860,2.055,2.676,3.708,3.364,3.471,2.853,2.546,2.438,2.909,2.464,1.784,1.679,1.733,1.863,2.171,1.883,2.684
1.782,1.454,1.316,1.325,1.315,0.000,0.404,1.242,0.399,0.381,1.075,1.124,1.297,1.618,2.177,1.946,2.311,1.906,2.780,2.299,2.973,1.758,1.531,1.199,1.296,0.617,1.479,1.238,2.042,2.205,2.245,3.279,2.800,2.694,2.868,3.296,3.076,3.842,4.949,4.156,3.707,3.885,4.507,4.170,4.189,3.883,3.947,3.775,4.037,4.038,4.040,2.550,2.366,2.173,2.996,3.355,3.119,3.117,2.711,2.703,1.970,2.117,1.905,1.713,1.929,1.989,1.487,0.743,0.906,0.579,1.045,1.512,2.824,2.207,2.430,2.010,1.654,1.768,1.992,1.408,1.452,1.294,1.533,1.544,1.903,1.566,2.163
1.509,1.467,0.421,0.740,0.844,0.404,0.000,0.833,0.278,0.445,0.878,0.978,1.108,1.426,1.937,1.607,1.973,1.774,2.796,2.039,2.271,1.173,1.154,1.241,1.487,0.867,1.279,1.158,1.670,1.943,1.680,2.845,2.456,2.890,2.902,3.348,3.492,4.073,4.850,4.443,3.761,3.605,3.913,3.753,3.558,3.795,3.500,3.217,2.973,2.565,2.731,1.547,1.653,1.408,1.765,2.331,2.579,2.530,2.457,2.493,1.880,2.067,1.999,1.827,2.043,2.150,1.485,1.028,0.948,0.918,1.547,1.761,2.463,1.749,1.818,1.440,1.118,1.345,2.144,1.931,1.828,1.617,1.571,1.682,1.940,1.455,2.043
1.857,1.294,0.702,0.651,0.927,1.242,0.833,0.000,0.760,1.074,1.675,1.935,1.941,2.268,2.856,2.383,2.851,2.560,2.575,1.550,2.007,1.616,1.776,1.953,2.401,1.998,2.264,2.461,2.887,3.340,2.609,3.749,2.882,3.363,2.698,3.337,3.856,4.936,5.636,6.161,5.526,4.648,4.840,4.440,3.920,4.315,3.353,2.981,2.670,2.001,1.935,1.545,1.573,1.550,1.330,1.356,1.760,2.050,2.816,3.029,2.828,3.309,3.318,3.121,2.907,3.152,2.197,2.149,1.626,1.817,1.957,2.064,2.645,2.117,2.384,1.897,1.747,2.029,2.807,3.029,3.286,3.004,2.786,3.152,3.326,2.816,3.237
2.103,1.667,0.785,0.730,0.335,0.399,0.278,0.760,0.000,0.892,0.901,0.592,0.826,0.996,1.494,1.317,1.964,1.304,2.115,1.673,0.853,0.925,1.353,1.271,1.813,1.620,1.835,2.262,2.873,3.232,2.721,3.839,2.994,4.064,2.785,2.786,3.795,4.825,5.088,5.152,4.708,3.836,4.080,3.689,3.502,3.777,2.761,2.516,2.172,2.107,2.548,1.705,1.766,1.578,1.736,2.103,2.089,2.121,2.403,2.061,1.656,1.763,1.640,1.555,1.905,1.720,0.889,1.694,1.565,2.110,1.697,2.059,2.437,2.121,2.458,1.726,1.447,1.618,2.112,2.367,2.793,3.155,2.211,2.444,2.181,1.909,2.356
2.133,2.187,1.218,1.812,0.828,0.381,0.445,1.074,0.892,0.000,0.650,1.212,1.163,1.626,2.055,1.887,2.505,1.892,1.924,0.723,0.612,0.981,1.427,1.273,1.789,1.414,1.549,1.992,2.601,3.042,2.372,3.382,2.769,3.928,2.976,3.585,4.425,5.147,4.962,5.597,5.157,3.759,4.199,4.063,3.739,3.979,2.537,1.963,1.420,1.294,1.578,1.067,1.305,1.156,1.088,1.215,1.530,1.886,2.430,2.456,2.229,2.552,2.426,1.957,2.264,1.931,0.632,1.488,1.401,1.525,1.485,1.577,1.925,1.664,1.977,1.421,1.090,1.257,1.814,1.982,2.226,2.614,2.181,2.495,2.343,2.076,2.544
1.940,2.303,1.326,2.325,1.369,1.075,0.878,1.675,0.901,0.650,0.000,0.401,0.351,1.127,1.019,0.799,1.164,1.044,1.543,0.261,0.517,0.574,0.955,0.732,1.230,0.824,1.053,1.467,2.069,2.575,1.838,2.644,2.129,3.457,2.792,3.378,4.092,3.989,3.711,4.511,4.465,3.032,3.397,3.404,3.293,3.024,1.875,1.438,1.032,1.045,1.611,0.833,1.198,0.861,0.916,1.011,1.162,1.548,1.708,1.711,1.907,1.544,1.874,1.319,2.821,2.068,1.164,1.384,1.351,1.340,1.128,1.084,1.257,1.097,1.261,0.839,0.488,0.630,1.227,1.326,1.521,1.845,1.479,1.948,1.494,1.328,1.703
2.351,2.729,1.831,2.960,1.700,1.124,0.978,1.935,0.592,1.212,0.401,0.000,0.317,0.883,1.032,0.729,1.071,0.690,0.803,0.425,0.727,0.908,1.283,0.974,1.409,1.114,1.282,1.772,2.330,2.838,1.985,2.543,1.902,3.068,1.898,2.675,3.041,3.427,3.218,4.241,4.506,2.811,3.279,3.297,3.048,2.351,1.572,1.215,1.142,1.068,1.109,0.886,0.947,0.923,0.723,0.849,0.860,1.607,1.118,1.570,1.351,1.242,1.300,1.635,1.659,1.342,1.600,2.008,1.510,1.413,1.209,1.089,1.280,0.997,1.209,0.813,0.523,0.622,1.182,1.459,1.649,2.055,1.948,2.626,2.769,2.350,2.341
2.420,2.948,2.025,3.248,2.004,1.297,1.108,1.941,0.826,1.163,0.351,0.317,0.000,0.451,0.887,0.602,0.867,0.819,0.740,0.361,0.596,0.679,1.153,0.833,1.173,0.942,1.034,1.599,2.218,2.692,1.879,2.376,1.663,2.867,1.669,2.394,2.853,3.366,2.941,3.856,4.374,2.176,2.501,2.380,1.965,1.543,1.079,0.864,1.235,1.090,1.175,0.960,1.117,1.078,0.877,0.993,0.927,1.732,1.076,1.775,1.346,0.644,0.506,0.779,1.617,1.133,1.294,1.624,1.278,1.313,0.997,0.962,1.124,0.881,1.135,0.855,0.638,0.545,1.021,1.294,1.395,1.678,1.505,2.153,2.454,2.745,2.659
3.025,3.450,2.568,3.760,2.376,1.618,1.426,2.268,0.996,1.626,1.127,0.883,0.451,0.000,0.595,0.891,0.827,0.546,0.535,0.757,1.285,1.140,1.644,1.188,1.443,1.355,1.469,1.994,2.522,2.840,2.079,2.214,1.571,2.329,1.234,1.838,1.920,2.416,2.374,3.142,4.052,2.130,2.452,2.304,2.158,1.339,1.475,1.221,1.434,1.441,1.413,1.279,1.130,1.037,0.897,0.968,0.963,1.555,1.231,2.044,2.092,1.724,1.653,2.302,1.790,1.532,2.140,2.118,1.501,1.308,1.150,0.987,1.271,0.873,1.296,1.156,0.977,0.749,0.863,1.216,1.287,1.703,1.571,2.309,3.028,2.736,2.180
4.078,4.528,3.567,4.857,3.171,2.177,1.937,2.856,1.494,2.055,1.019,1.032,0.887,0.595,0.000,0.443,0.317,0.829,1.343,1.205,2.167,1.747,2.216,1.799,1.990,2.048,2.055,2.672,3.253,3.705,2.681,2.557,1.658,2.332,0.885,2.427,2.183,3.001,2.595,3.401,4.593,2.377,2.906,2.533,1.958,0.928,1.202,1.002,1.273,1.427,1.138,1.222,0.920,0.786,0.817,0.690,0.775,1.709,1.571,3.359,3.534,2.564,2.466,2.726,1.834,1.563,2.024,2.053,1.119,0.877,1.033,1.014,1.642,1.183,1.967,1.952,1.682,1.016,0.706,0.929,1.275,1.787,1.648,2.456,3.137,3.002,3.104
3.041,3.597,2.702,4.159,2.702,1.946,1.607,2.383,1.317,1.887,0.799,0.729,0.602,0.891,0.443,0.000,0.307,0.183,0.520,0.530,1.001,0.777,1.080,0.832,1.072,1.006,1.107,1.719,2.319,2.924,2.040,2.185,1.512,2.517,1.179,2.678,2.395,3.266,2.862,3.984,5.254,2.652,3.218,2.905,2.179,1.584,1.422,1.293,1.644,1.578,1.404,1.239,1.042,1.276,0.902,1.195,0.827,1.980,1.274,2.798,2.231,1.502,0.934,1.231,1.193,1.081,1.171,1.473,0.924,1.045,0.766,0.744,1.130,0.716,1.108,1.178,1.062,0.585,0.695,1.086,1.331,1.585,1.466,1.921,2.265,2.108,2.314
2.765,3.427,2.676,4.211,2.863,2.311,1.973,2.851,1.964,2.505,1.164,1.071,0.867,0.827,0.317,0.307,0.000,0.632,1.089,0.342,0.509,0.441,0.536,0.395,0.816,0.694,0.825,1.214,1.634,2.264,1.611,1.747,1.513,2.347,1.512,2.895,2.547,3.149,2.780,3.974,4.910,2.877,3.356,2.845,2.579,2.360,1.466,1.456,1.695,1.517,1.385,1.202,0.983,1.251,0.892,1.178,0.847,2.046,1.382,2.474,2.053,1.856,1.634,1.651,1.960,1.961,1.360,1.366,0.955,1.077,0.864,0.794,1.213,0.663,0.840,1.023,1.032,0.736,0.511,0.801,1.086,1.398,1.254,1.550,1.883,1.463,1.856
2.470,3.145,2.375,3.692,2.369,1.906,1.774,2.560,1.304,1.892,1.044,0.690,0.819,0.546,0.829,0.183,0.632,0.000,0.486,0.664,1.151,0.959,1.132,0.997,1.270,1.294,1.496,2.107,2.558,3.193,2.343,2.440,1.660,2.294,1.016,2.825,2.398,3.378,3.440,4.651,4.967,3.548,3.678,2.994,2.582,2.618,1.091,1.092,1.023,1.054,0.835,1.024,0.855,0.935,0.717,0.886,0.883,2.100,1.689,2.355,1.915,1.938,1.554,1.825,1.491,1.720,1.644,2.072,1.352,1.333,1.003,0.933,1.322,0.887,1.162,0.936,0.858,0.783,1.078,1.693,2.067,2.473,2.430,2.761,2.786,2.054,2.124
2.001,2.754,2.177,3.363,2.577,2.780,2.796,2.575,2.115,1.924,1.543,0.803,0.740,0.535,1.343,0.520,1.089,0.486,0.000,0.668,1.022,0.555,1.064,0.842,0.913,1.183,1.465,2.403,3.088,3.909,2.781,3.010,1.855,2.712,2.344,3.836,3.164,3.836,4.382,4.956,5.024,3.870,4.027,3.216,2.956,3.367,1.547,1.343,1.111,0.956,1.173,0.943,1.248,1.409,1.243,1.507,1.874,2.774,2.090,2.252,1.800,1.565,1.512,1.971,1.937,2.222,2.100,2.353,1.932,1.768,1.385,1.040,1.176,0.429,1.032,0.962,1.262,1.551,1.812,2.458,3.031,3.228,3.033,3.126,2.893,2.157,2.126
1.935,2.999,2.469,3.315,2.536,2.299,2.039,1.550,1.673,0.723,0.261,0.425,0.361,0.757,1.205,0.530,0.342,0.664,0.668,0.000,0.456,0.458,0.374,0.379,0.713,0.502,0.807,1.159,1.519,2.023,1.756,2.193,2.256,2.547,2.176,2.722,2.573,3.455,3.887,3.898,3.246,3.002,2.967,2.690,2.366,2.875,1.808,1.402,0.816,0.748,0.897,0.782,0.902,0.844,0.663,0.589,0.891,1.306,0.997,1.345,0.941,0.944,0.997,0.931,1.496,1.488,1.010,1.060,1.012,0.925,0.686,0.559,1.019,0.424,0.835,0.977,1.209,1.205,1.191,1.531,1.648,1.569,1.237,1.271,1.199,0.431,0.757
1.573,2.388,2.149,3.075,2.839,2.973,2.271,2.007,0.853,0.612,0.517,0.727,0.596,1.285,2.167,1.001,0.509,1.151,1.022,0.456,0.000,0.686,0.739,0.341,0.298,0.398,0.728,1.837,2.630,3.827,3.238,3.690,3.002,2.814,2.306,2.962,2.899,3.802,5.276,4.730,4.485,4.340,4.584,3.679,3.389,3.059,2.258,2.106,1.822,1.101,1.168,1.024,1.964,2.172,1.755,2.077,1.703,1.932,1.195,1.368,0.933,0.863,0.800,0.786,1.410,1.311,1.083,1.406,1.344,1.324,1.213,1.269,1.571,0.609,0.752,1.347,1.945,2.193,2.422,2.697,2.778,2.385,1.876,1.758,1.492,0.788,0.971
1.209,1.733,1.099,1.431,1.465,1.758,1.173,1.616,0.925,0.981,0.574,0.908,0.679,1.140,1.747,0.777,0.441,0.959,0.555,0.458,0.686,0.000,0.380,0.402,0.430,0.482,0.905,1.471,2.020,2.574,3.304,3.576,3.030,2.721,2.346,2.598,2.745,3.202,4.750,3.799,3.289,3.335,4.013,3.258,3.293,2.598,2.028,1.810,1.986,1.361,1.049,0.985,1.551,1.291,1.001,1.132,1.027,1.384,0.961,0.982,0.716,0.823,0.870,0.767,1.616,1.272,0.992,0.738,0.869,0.873,0.758,0.956,1.585,1.222,1.510,0.295,0.856,1.155,1.605,1.702,1.514,1.198,0.886,0.840,0.818,0.254,0.746
1.756,1.810,1.531,2.638,1.616,1.531,1.154,1.776,1.353,1.427,0.955,1.283,1.153,1.644,2.216,1.080,0.536,1.132,1.064,0.374,0.739,0.380,0.000,0.336,0.446,0.630,0.929,1.714,2.621,2.864,3.848,3.982,3.072,3.212,2.911,3.030,3.489,4.284,5.712,4.378,3.451,3.320,4.021,3.319,3.172,2.618,2.527,2.258,3.109,2.585,1.980,1.748,2.973,2.575,1.738,2.062,1.221,1.769,1.043,1.343,0.984,1.028,1.200,1.113,1.984,1.635,1.457,1.011,1.365,0.750,1.096,0.847,1.128,0.653,1.504,1.418,1.737,2.212,2.038,2.148,1.992,1.530,1.202,1.137,1.169,0.591,0.992
2.835,2.465,2.382,2.757,1.594,1.199,1.241,1.953,1.271,1.273,0.732,0.974,0.833,1.188,1.799,0.832,0.395,0.997,0.842,0.379,0.341,0.402,0.336,0.000,0.229,0.850,1.542,1.662,1.877,1.554,2.714,2.150,1.628,1.575,1.624,1.674,1.780,2.333,3.608,2.661,2.062,2.468,3.297,2.753,2.645,1.864,1.994,1.582,2.514,1.880,1.239,1.521,1.839,1.682,0.592,1.085,0.773,1.290,0.685,0.932,0.658,0.513,0.530,0.503,1.027,0.792,0.816,0.790,0.803,0.720,0.694,0.923,1.522,0.763,1.741,0.977,1.430,1.747,1.953,1.947,1.547,1.303,1.011,0.990,0.919,0.325,0.620
4.162,3.696,3.017,3.268,1.801,1.296,1.487,2.401,1.813,1.789,1.230,1.409,1.173,1.443,1.990,1.072,0.816,1.270,0.913,0.713,0.298,0.430,0.446,0.229,0.000,0.753,0.605,0.385,0.587,0.681,2.473,2.042,2.102,2.187,2.358,2.368,2.748,3.045,3.970,2.913,2.013,2.318,3.141,2.642,2.691,1.877,1.936,1.475,2.127,1.748,1.122,1.276,2.461,1.442,0.643,1.038,1.145,1.449,1.058,1.144,0.886,1.137,1.290,1.287,2.068,1.521,1.667,1.352,1.537,1.169,1.453,1.275,1.678,1.897,2.647,1.700,1.358,1.508,0.898,1.096,1.137,0.798,0.795,0.654,0.751,0.846,0.760
2.677,1.668,1.117,1.560,1.212,0.617,0.867,1.998,1.620,1.414,0.824,1.114,0.942,1.355,2.048,1.006,0.694,1.294,1.183,0.502,0.398,0.482,0.630,0.850,0.753,0.000,0.292,0.905,0.805,0.850,2.013,1.643,1.527,1.405,1.642,1.745,1.792,2.365,3.153,2.237,1.564,2.161,2.993,2.639,2.499,1.629,1.824,1.244,1.959,0.787,1.224,1.089,2.933,1.459,0.895,1.063,0.897,1.432,0.774,1.116,0.728,0.652,0.701,0.597,1.172,0.936,0.917,0.679,0.930,0.473,0.614,0.548,1.298,0.816,1.202,1.307,1.404,1.669,1.334,1.238,0.928,0.687,0.514,0.528,0.635,0.350,0.576
1.664,2.363,1.855,2.649,2.061,1.479,1.279,2.264,1.835,1.549,1.053,1.282,1.034,1.469,2.055,1.107,0.825,1.496,1.465,0.807,0.728,0.905,0.929,1.542,0.605,0.292,0.000,0.412,1.370,0.686,1.952,1.627,1.502,1.298,1.605,1.926,1.803,2.667,3.230,2.389,1.542,1.814,2.860,2.382,2.401,1.219,1.075,0.450,1.098,1.172,2.295,1.937,3.487,1.239,1.299,0.897,0.721,1.187,0.548,0.773,0.711,0.559,0.574,0.462,1.232,0.828,0.896,0.692,0.951,0.509,0.638,0.355,1.262,0.641,1.427,1.574,1.840,1.671,1.097,0.913,0.974,0.621,0.541,0.368,0.563,0.655,0.743
1.221,1.438,1.379,2.775,2.264,1.238,1.158,2.461,2.262,1.992,1.467,1.772,1.599,1.994,2.672,1.719,1.214,2.107,2.403,1.159,1.837,1.471,1.714,1.662,0.385,0.905,0.412,0.000,0.650,0.347,1.152,0.608,0.666,0.435,0.794,1.105,1.044,1.742,2.138,1.441,0.734,1.325,2.181,2.049,1.886,0.932,1.028,0.805,1.134,2.133,3.604,3.141,3.708,2.123,1.923,1.606,1.244,1.457,0.921,1.159,0.993,0.783,0.745,0.428,0.921,0.427,0.543,0.659,0.475,0.720,0.637,1.134,2.276,1.844,1.056,2.278,2.117,1.711,1.166,1.107,0.815,0.462,0.390,0.301,0.476,0.766,0.777
1.464,2.267,2.199,4.295,3.405,2.042,1.670,2.887,2.873,2.601,2.069,2.330,2.218,2.522,3.253,2.319,1.634,2.558,3.088,1.519,2.630,2.020,2.621,1.877,0.587,0.805,1.370,0.650,0.000,0.622,0.802,0.499,0.495,0.512,0.560,0.585,0.605,1.545,2.023,1.556,0.864,1.491,2.405,2.369,2.023,0.950,1.100,0.451,1.679,2.187,3.242,2.613,2.985,1.789,1.517,0.954,0.445,1.490,0.479,1.031,0.793,0.757,0.787,0.511,0.939,0.424,0.438,0.597,0.307,0.651,0.864,1.402,3.006,2.716,2.553,2.784,2.489,1.910,1.342,1.140,0.808,0.432,0.295,0.254,0.395,0.904,1.167
2.699,2.823,2.662,4.530,3.718,2.205,1.943,3.340,3.232,3.042,2.575,2.838,2.692,2.840,3.705,2.924,2.264,3.193,3.909,2.023,3.827,2.574,2.864,1.554,0.681,0.850,0.686,0.347,0.622,0.000,0.850,0.390,0.509,0.527,0.503,0.501,0.431,1.494,1.783,1.575,1.128,1.718,2.189,2.282,1.797,1.202,1.539,0.985,2.358,2.577,2.883,2.048,2.387,1.655,1.338,1.504,0.657,1.596,0.661,1.332,0.919,1.010,0.867,0.554,1.031,0.590,0.566,0.850,0.652,0.887,1.436,1.993,3.921,3.546,3.388,3.863,3.412,2.669,1.889,1.620,1.142,0.817,0.567,0.509,0.629,1.205,1.465
1.687,2.537,2.763,3.725,3.515,2.245,1.680,2.609,2.721,2.372,1.838,1.985,1.879,2.079,2.681,2.040,1.611,2.343,2.781,1.756,3.238,3.304,3.848,2.714,2.473,2.013,1.952,1.152,0.802,0.850,0.000,0.776,0.338,0.629,0.571,0.436,0.860,1.222,1.337,0.699,0.818,0.930,1.218,1.719,1.129,0.895,1.933,1.364,2.351,1.888,2.359,1.494,1.464,2.690,1.796,1.682,0.836,1.450,0.709,1.390,1.055,0.750,0.879,0.655,0.662,0.540,0.628,0.968,0.685,0.980,1.329,1.862,3.569,2.833,2.021,2.798,2.640,2.318,1.634,1.565,1.137,0.760,0.414,0.502,0.586,0.644,0.953
2.034,3.174,3.455,4.363,4.211,3.279,2.845,3.749,3.839,3.382,2.644,2.543,2.376,2.214,2.557,2.185,1.747,2.440,3.010,2.193,3.690,3.576,3.982,2.150,2.042,1.643,1.627,0.608,0.499,0.390,0.776,0.000,0.777,0.488,0.106,0.177,0.502,1.180,1.655,1.313,1.461,0.937,1.178,1.490,1.065,1.152,2.442,2.350,3.410,2.549,2.494,1.653,1.512,2.489,2.056,2.196,0.752,1.728,0.545,1.243,0.699,0.478,0.721,0.579,0.834,0.422,0.551,1.020,0.825,1.104,1.745,2.335,3.832,2.604,2.318,2.641,2.751,2.673,2.088,1.765,1.456,1.119,0.679,0.658,0.540,0.799,1.008
2.095,3.102,3.407,4.130,3.541,2.800,2.456,2.882,2.994,2.769,2.129,1.902,1.663,1.571,1.658,1.512,1.513,1.660,1.855,2.256,3.002,3.030,3.072,1.628,2.102,1.527,1.502,0.666,0.495,0.509,0.338,0.777,0.000,0.862,0.667,0.432,0.645,0.954,1.133,0.703,0.642,0.922,1.591,1.909,1.554,1.391,2.200,1.721,2.238,1.280,1.795,1.245,1.140,2.342,1.926,2.376,1.176,1.932,0.723,1.135,0.766,0.624,0.805,0.699,0.982,0.479,0.733,0.951,0.534,1.070,1.102,1.378,2.148,1.108,0.705,1.228,1.597,1.281,0.746,0.858,0.998,0.431,0.412,0.220,0.379,0.800,1.024
1.570,2.839,2.902,3.539,2.650,2.694,2.890,3.363,4.064,3.928,3.457,3.068,2.867,2.329,2.332,2.517,2.347,2.294,2.712,2.547,2.814,2.721,3.212,1.575,2.187,1.405,1.298,0.435,0.512,0.527,0.629,0.488,0.862,0.000,0.696,1.137,0.675,0.505,0.663,1.298,1.517,1.091,1.654,1.268,1.353,1.895,2.823,2.764,2.457,1.717,2.616,1.537,1.361,2.016,2.022,2.333,0.999,1.702,1.153,1.700,1.160,0.845,0.780,0.425,0.724,0.238,0.635,1.389,1.398,1.718,2.442,2.425,2.964,1.963,1.647,2.035,1.956,2.260,2.103,2.443,2.447,2.015,1.412,1.036,0.577,1.030,1.504
1.813,2.821,2.779,3.430,2.979,2.868,2.902,2.698,2.785,2.976,2.792,1.898,1.669,1.234,0.885,1.179,1.512,1.016,2.344,2.176,2.306,2.346,2.911,1.624,2.358,1.642,1.605,0.794,0.560,0.503,0.571,0.106,0.667,0.696,0.000,0.550,1.180,1.114,1.153,0.603,0.762,0.503,0.838,0.683,0.725,1.401,2.107,2.252,2.239,2.268,3.435,2.255,2.339,2.812,2.943,3.002,1.738,1.582,1.192,1.194,0.795,0.716,0.769,0.616,0.859,0.401,0.502,0.881,0.760,0.192,0.773,0.624,0.885,0.626,0.463,0.740,0.970,0.982,1.209,1.453,2.401,1.863,1.499,0.752,0.419,0.970,1.290
1.615,2.494,2.387,3.704,3.362,3.296,3.348,3.337,2.786,3.585,3.378,2.675,2.394,1.838,2.427,2.678,2.895,2.825,3.836,2.722,2.962,2.598,3.030,1.674,2.368,1.745,1.926,1.105,0.585,0.501,0.436,0.177,0.432,1.137,0.550,0.000,0.908,1.750,0.962,0.814,0.616,1.400,1.929,2.099,2.402,2.647,3.092,2.801,2.947,3.088,3.926,2.674,3.098,3.381,3.527,3.717,3.296,3.378,3.456,3.387,2.620,2.407,1.559,0.770,1.138,0.696,1.002,1.835,1.460,1.289,1.302,0.987,1.566,0.761,0.795,0.962,0.654,1.043,0.892,1.404,2.305,2.269,2.751,1.584,1.525,2.052,2.624
0.979,2.184,2.420,3.162,2.953,3.076,3.492,3.856,3.795,4.425,4.092,3.041,2.853,1.920,2.183,2.395,2.547,2.398,3.164,2.573,2.899,2.745,3.489,1.780,2.748,1.792,1.803,1.044,0.605,0.431,0.860,0.502,0.645,0.675,1.180,0.908,0.000,1.430,1.107,0.684,0.996,1.064,1.704,1.706,1.917,2.711,3.123,2.967,2.782,2.458,3.546,2.146,2.068,2.784,2.960,3.123,2.296,2.615,2.557,3.042,2.630,2.425,2.331,1.975,1.572,2.111,1.708,1.802,1.650,1.622,1.504,1.582,2.316,1.505,1.368,1.598,1.073,1.384,1.192,2.069,2.892,2.893,2.730,2.285,2.296,2.498,2.980
3.102,4.462,4.549,5.843,4.894,3.842,4.073,4.936,4.825,5.147,3.989,3.427,3.366,2.416,3.001,3.266,3.149,3.378,3.836,3.455,3.802,3.202,4.284,2.333,3.045,2.365,2.667,1.742,1.545,1.494,1.222,1.180,0.954,0.505,1.114,1.750,1.430,0.000,0.867,1.336,1.038,2.411,2.229,2.870,2.606,3.595,4.926,4.295,3.942,3.017,3.338,2.335,2.304,3.207,3.228,3.925,3.575,4.640,3.608,4.225,3.014,2.092,1.912,1.508,1.232,1.375,1.129,1.631,0.790,1.476,1.833,2.356,3.211,2.244,2.017,2.236,1.904,1.832,1.328,1.537,2.024,1.584,1.132,0.933,0.975,1.063,2.023
2.848,4.001,4.640,5.893,5.796,4.949,4.850,5.636,5.088,4.962,3.711,3.218,2.941,2.374,2.595,2.862,2.780,3.440,4.382,3.887,5.276,4.750,5.712,3.608,3.970,3.153,3.230,2.138,2.023,1.783,1.337,1.655,1.133,0.663,1.153,0.962,1.107,0.867,0.000,1.163,1.859,0.958,0.870,0.853,0.867,1.509,3.007,3.590,3.847,3.397,4.050,3.041,2.984,4.092,4.109,4.351,2.606,2.696,1.540,1.827,1.207,0.997,1.415,1.318,1.059,1.145,1.136,1.589,1.784,1.754,2.170,2.241,2.645,1.803,1.368,1.661,2.027,2.375,2.750,2.722,3.226,2.457,1.809,1.472,1.192,1.120,1.680
3.154,4.570,4.743,6.388,5.582,4.156,4.443,6.161,5.152,5.597,4.511,4.241,3.856,3.142,3.401,3.984,3.974,4.651,4.956,3.898,4.730,3.799,4.378,2.661,2.913,2.237,2.389,1.441,1.556,1.575,0.699,1.313,0.703,1.298,0.603,0.814,0.684,1.336,1.163,0.000,0.871,1.068,1.131,1.179,1.122,2.238,2.636,2.460,2.389,1.799,1.859,1.303,1.402,2.530,2.311,2.896,2.463,3.138,2.430,3.332,2.332,2.009,1.939,1.606,1.010,1.426,0.957,1.308,0.928,1.100,1.333,1.635,2.655,1.726,1.502,1.776,1.818,1.548,1.369,1.364,2.163,2.003,1.801,1.765,1.562,1.857,2.610
3.529,4.475,4.410,6.426,5.356,3.707,3.761,5.526,4.708,5.157,4.465,4.506,4.374,4.052,4.593,5.254,4.910,4.967,5.024,3.246,4.485,3.289,3.451,2.062,2.013,1.564,1.542,0.734,0.864,1.128,0.818,1.461,0.642,1.517,0.762,0.616,0.996,1.038,1.859,0.871,0.000,0.609,0.696,1.674,1.109,0.959,0.591,1.205,1.472,1.617,1.396,1.058,0.845,1.522,1.013,1.558,1.535,2.525,1.904,2.309,1.819,1.844,1.502,1.130,1.016,0.718,0.686,0.887,0.433,0.636,1.330,1.491,2.858,2.241,2.009,2.243,2.200,1.703,1.080,1.167,1.616,1.398,1.437,1.381,1.326,2.141,3.008
4.960,5.780,5.354,7.015,5.241,3.885,3.605,4.648,3.836,3.759,3.032,2.811,2.176,2.130,2.377,2.652,2.877,3.548,3.870,3.002,4.340,3.335,3.320,2.468,2.318,2.161,1.814,1.325,1.491,1.718,0.930,0.937,0.922,1.091,0.503,1.400,1.064,2.411,0.958,1.068,0.609,0.000,0.439,0.886,0.198,0.587,0.764,1.150,1.124,1.394,0.926,0.721,0.708,1.504,1.066,1.808,1.206,1.786,0.444,0.799,0.737,0.752,1.090,0.999,1.223,0.488,0.735,0.692,0.447,0.451,0.870,0.996,2.098,1.338,1.977,2.924,3.099,2.243,1.518,1.046,1.368,1.029,0.826,0.774,0.554,1.414,1.476
5.389,5.796,5.583,7.844,6.542,4.507,3.913,4.840,4.080,4.199,3.397,3.279,2.501,2.452,2.906,3.218,3.356,3.678,4.027,2.967,4.584,4.013,4.021,3.297,3.141,2.993,2.860,2.181,2.405,2.189,1.218,1.178,1.591,1.654,0.838,1.929,1.704,2.229,0.870,1.131,0.696,0.439,0.000,0.541,0.446,0.904,0.991,0.766,0.486,0.326,0.283,0.971,1.404,2.173,1.434,1.794,1.775,2.128,0.648,0.901,1.466,1.080,1.695,1.491,1.524,0.621,0.834,0.612,0.378,0.171,0.880,1.111,1.993,1.524,2.220,3.384,3.746,2.779,2.000,1.337,1.783,1.217,0.903,0.711,0.442,1.535,1.612
5.766,6.368,5.859,7.723,5.899,4.170,3.753,4.440,3.689,4.063,3.404,3.297,2.380,2.304,2.533,2.905,2.845,2.994,3.216,2.690,3.679,3.258,3.319,2.753,2.642,2.639,2.382,2.049,2.369,2.282,1.719,1.490,1.909,1.268,0.683,2.099,1.706,2.870,0.853,1.179,1.674,0.886,0.541,0.000,0.483,0.648,0.687,0.411,0.337,0.482,0.491,0.883,1.044,1.632,1.320,1.500,1.671,2.123,0.708,0.746,0.871,0.656,1.324,1.245,1.353,0.532,0.738,0.755,0.758,0.681,1.392,1.621,2.465,1.962,2.773,3.714,3.862,2.933,2.149,1.546,1.765,1.418,0.948,0.981,0.648,1.545,1.581
4.820,5.343,5.049,7.015,6.071,4.189,3.558,3.920,3.502,3.739,3.293,3.048,1.965,2.158,1.958,2.179,2.579,2.582,2.956,2.366,3.389,3.293,3.172,2.645,2.691,2.499,2.401,1.886,2.023,1.797,1.129,1.065,1.554,1.353,0.725,2.402,1.917,2.606,0.867,1.122,1.109,0.198,0.446,0.483,0.000,0.871,1.199,0.687,0.272,0.181,0.408,1.013,1.560,1.922,1.509,1.436,1.934,1.509,0.462,1.430,2.149,1.395,1.956,1.628,1.772,0.774,1.019,0.763,0.263,0.413,0.682,0.779,1.355,1.151,1.848,2.870,3.197,2.358,1.608,1.031,1.501,1.042,0.800,0.854,0.841,1.889,1.655
3.972,5.030,4.818,5.970,4.740,3.883,3.795,4.315,3.777,3.979,3.024,2.351,1.543,1.339,0.928,1.584,2.360,2.618,3.367,2.875,3.059,2.598,2.618,1.864,1.877,1.629,1.219,0.932,0.950,1.202,0.895,1.152,1.391,1.895,1.401,2.647,2.711,3.595,1.509,2.238,0.959,0.587,0.904,0.648,0.871,0.000,0.706,0.420,0.320,0.468,0.355,0.617,0.818,1.087,1.182,1.307,1.514,1.341,0.807,0.868,0.715,0.281,0.681,0.729,0.520,0.687,0.492,0.607,1.017,0.681,1.182,1.194,1.601,1.113,1.576,2.366,2.663,2.207,1.732,1.439,1.870,1.758,1.338,1.403,0.759,1.490,1.514
4.416,5.668,5.540,6.041,4.347,3.947,3.500,3.353,2.761,2.537,1.875,1.572,1.079,1.475,1.202,1.422,1.466,1.091,1.547,1.808,2.258,2.028,2.527,1.994,1.936,1.824,1.075,1.028,1.100,1.539,1.933,2.442,2.200,2.823,2.107,3.092,3.123,4.926,3.007,2.636,0.591,0.764,0.991,0.687,1.199,0.706,0.000,0.418,0.391,0.400,0.523,0.816,0.670,0.837,1.255,1.221,0.494,0.690,1.032,0.663,0.980,0.515,0.580,0.634,0.689,0.908,0.897,1.365,1.929,1.744,2.505,2.621,2.884,2.285,2.647,3.456,3.679,3.502,2.981,2.538,2.302,2.007,1.112,1.217,0.614,1.072,0.851
3.529,4.542,4.605,4.912,3.860,3.775,3.217,2.981,2.516,1.963,1.438,1.215,0.864,1.221,1.002,1.293,1.456,1.092,1.343,1.402,2.106,1.810,2.258,1.582,1.475,1.244,0.450,0.805,0.451,0.985,1.364,2.350,1.721,2.764,2.252,2.801,2.967,4.295,3.590,2.460,1.205,1.150,0.766,0.411,0.687,0.420,0.418,0.000,0.285,0.800,0.353,0.547,0.338,0.471,0.812,1.153,0.962,0.627,0.963,0.467,0.738,0.293,0.421,0.599,0.742,0.988,1.066,1.403,1.991,1.639,2.395,2.399,2.394,1.779,1.938,2.832,3.183,3.374,2.977,2.580,2.272,1.978,1.107,1.234,0.702,0.971,0.743
4.285,4.757,4.786,5.182,4.464,4.037,2.973,2.670,2.172,1.420,1.032,1.142,1.235,1.434,1.273,1.644,1.695,1.023,1.111,0.816,1.822,1.986,3.109,2.514,2.127,1.959,1.098,1.134,1.679,2.358,2.351,3.410,2.238,2.457,2.239,2.947,2.782,3.942,3.847,2.389,1.472,1.124,0.486,0.337,0.272,0.320,0.391,0.285,0.000,0.838,0.724,0.702,0.507,0.776,0.663,1.159,1.007,0.805,1.110,1.086,1.337,0.678,0.559,0.490,0.486,0.761,0.910,1.170,1.876,1.310,2.160,2.094,2.111,2.197,2.592,3.806,4.400,4.450,3.452,2.707,2.261,1.877,1.154,1.263,0.863,1.009,0.937
3.426,3.301,3.663,3.577,3.690,4.038,2.565,2.001,2.107,1.294,1.045,1.068,1.090,1.441,1.427,1.578,1.517,1.054,0.956,0.748,1.101,1.361,2.585,1.880,1.748,0.787,1.172,2.133,2.187,2.577,1.888,2.549,1.280,1.717,2.268,3.088,2.458,3.017,3.397,1.799,1.617,1.394,0.326,0.482,0.181,0.468,0.400,0.800,0.838,0.000,0.347,0.774,1.139,0.768,0.493,0.696,1.279,1.107,1.104,0.962,1.224,0.553,0.274,0.494,0.785,0.895,1.403,1.475,2.176,1.105,1.779,1.120,0.446,1.130,1.502,2.340,2.670,3.425,3.112,3.011,2.707,2.253,1.563,1.469,1.014,1.009,0.760
3.363,3.143,3.641,2.550,3.007,4.040,2.731,1.935,2.548,1.578,1.611,1.109,1.175,1.413,1.138,1.404,1.385,0.835,1.173,0.897,1.168,1.049,1.980,1.239,1.122,1.224,2.295,3.604,3.242,2.883,2.359,2.494,1.795,2.616,3.435,3.926,3.546,3.338,4.050,1.859,1.396,0.926,0.283,0.491,0.408,0.355,0.523,0.353,0.724,0.347,0.000,0.439,0.939,0.729,0.366,0.427,1.038,0.919,0.729,0.783,0.757,0.925,1.132,1.796,2.142,2.171,2.908,3.152,3.793,2.750,3.400,2.677,2.193,2.659,2.805,3.626,3.600,4.595,4.510,4.787,4.009,3.680,2.820,2.764,2.259,1.968,1.643
2.927,2.682,3.001,2.069,2.440,2.550,1.547,1.545,1.705,1.067,0.833,0.886,0.960,1.279,1.222,1.239,1.202,1.024,0.943,0.782,1.024,0.985,1.748,1.521,1.276,1.089,1.937,3.141,2.613,2.048,1.494,1.653,1.245,1.537,2.255,2.674,2.146,2.335,3.041,1.303,1.058,0.721,0.971,0.883,1.013,0.617,0.816,0.547,0.702,0.774,0.439,0.000,0.404,0.736,0.391,0.443,0.813,0.293,0.550,0.494,0.751,0.385,0.457,0.870,1.110,1.207,1.622,1.664,2.222,1.317,1.906,1.336,1.014,1.808,2.613,3.031,3.179,3.607,3.116,2.871,2.355,2.105,1.528,1.549,1.272,1.057,1.006
3.739,2.575,2.511,2.003,2.218,2.366,1.653,1.573,1.766,1.305,1.198,0.947,1.117,1.130,0.920,1.042,0.983,0.855,1.248,0.902,1.964,1.551,2.973,1.839,2.461,2.933,3.487,3.708,2.985,2.387,1.464,1.512,1.140,1.361,2.339,3.098,2.068,2.304,2.984,1.402,0.845,0.708,1.404,1.044,1.560,0.818,0.670,0.338,0.507,1.139,0.939,0.404,0.000,0.479,0.573,0.375,0.544,0.411,0.364,0.534,0.628,0.661,0.737,1.186,1.364,1.426,1.850,1.690,2.090,1.098,1.544,1.377,1.885,2.740,3.075,3.470,2.685,2.813,2.262,2.584,2.376,2.269,1.930,1.880,1.668,1.401,1.374
3.185,2.442,2.459,0.891,1.999,2.173,1.408,1.550,1.578,1.156,0.861,0.923,1.078,1.037,0.786,1.276,1.251,0.935,1.409,0.844,2.172,1.291,2.575,1.682,1.442,1.459,1.239,2.123,1.789,1.655,2.690,2.489,2.342,2.016,2.812,3.381,2.784,3.207,4.092,2.530,1.522,1.504,2.173,1.632,1.922,1.087,0.837,0.471,0.776,0.768,0.729,0.736,0.479,0.000,0.832,0.313,0.466,0.132,0.242,0.339,0.610,0.560,0.733,1.063,1.582,1.490,1.646,1.599,2.054,1.638,2.478,2.605,2.741,3.802,3.752,3.854,3.608,3.735,2.642,2.283,1.911,1.798,1.360,1.400,1.112,1.100,0.914
2.333,2.252,2.512,1.783,2.644,2.996,1.765,1.330,1.736,1.088,0.916,0.723,0.877,0.897,0.817,0.902,0.892,0.717,1.243,0.663,1.755,1.001,1.738,0.592,0.643,0.895,1.299,1.923,1.517,1.338,1.796,2.056,1.926,2.022,2.943,3.527,2.960,3.228,4.109,2.311,1.013,1.066,1.434,1.320,1.509,1.182,1.255,0.812,0.663,0.493,0.366,0.391,0.573,0.832,0.000,0.640,0.669,0.547,0.376,0.515,0.546,0.582,0.906,1.245,1.574,1.665,1.845,1.669,2.244,1.274,1.975,1.511,1.096,1.984,2.136,2.178,2.253,2.779,2.410,2.391,2.445,2.167,1.693,1.669,1.469,1.062,1.195
2.394,2.950,2.939,3.404,2.888,3.355,2.331,1.356,2.103,1.215,1.011,0.849,0.993,0.968,0.690,1.195,1.178,0.886,1.507,0.589,2.077,1.132,2.062,1.085,1.038,1.063,0.897,1.606,0.954,1.504,1.682,2.196,2.376,2.333,3.002,3.717,3.123,3.925,4.351,2.896,1.558,1.808,1.794,1.500,1.436,1.307,1.221,1.153,1.159,0.696,0.427,0.443,0.375,0.313,0.640,0.000,0.794,0.462,0.461,0.265,0.508,0.626,0.762,1.043,1.484,1.559,1.612,1.641,2.172,1.763,2.208,2.066,1.534,1.657,1.727,2.382,2.534,3.085,2.483,2.503,2.368,2.202,1.714,1.716,1.278,1.248,0.955
2.597,3.289,3.075,4.377,3.829,3.119,2.579,1.760,2.089,1.530,1.162,0.860,0.927,0.963,0.775,0.827,0.847,0.883,1.874,0.891,1.703,1.027,1.221,0.773,1.145,0.897,0.721,1.244,0.445,0.657,0.836,0.752,1.176,0.999,1.738,3.296,2.296,3.575,2.606,2.463,1.535,1.206,1.775,1.671,1.934,1.514,0.494,0.962,1.007,1.279,1.038,0.813,0.544,0.466,0.669,0.794,0.000,0.329,0.344,0.251,0.364,0.403,0.433,0.514,0.695,0.908,0.542,0.354,0.569,0.818,0.519,0.822,0.677,0.976,0.831,1.328,1.444,1.286,0.549,0.740,0.984,1.156,1.085,1.225,0.937,1.080,1.107
4.164,4.886,4.438,5.792,4.202,3.117,2.530,2.050,2.121,1.886,1.548,1.607,1.732,1.555,1.709,1.980,2.046,2.100,2.774,1.306,1.932,1.384,1.769,1.290,1.449,1.432,1.187,1.457,1.490,1.596,1.450,1.728,1.932,1.702,1.582,3.378,2.615,4.640,2.696,3.138,2.525,1.786,2.128,2.123,1.509,1.341,0.690,0.627,0.805,1.107,0.919,0.293,0.411,0.132,0.547,0.462,0.329,0.000,0.596,0.590,1.028,0.585,0.533,0.506,0.599,0.311,0.476,0.504,0.387,0.714,0.624,0.901,1.099,1.213,1.828,2.602,2.609,1.996,0.967,0.772,0.699,0.853,0.974,1.170,0.893,1.469,0.949
3.012,3.868,3.389,4.725,3.627,2.711,2.457,2.816,2.403,2.430,1.708,1.118,1.076,1.231,1.571,1.274,1.382,1.689,2.090,0.997,1.195,0.961,1.043,0.685,1.058,0.774,0.548,0.921,0.479,0.661,0.709,0.545,0.723,1.153,1.192,3.456,2.557,3.608,1.540,2.430,1.904,0.444,0.648,0.708,0.462,0.807,1.032,0.963,1.110,1.104,0.729,0.550,0.364,0.242,0.376,0.461,0.344,0.596,0.000,0.588,0.761,0.228,0.233,0.176,0.378,0.325,0.359,0.435,0.319,0.883,0.311,0.414,0.464,0.534,0.709,1.315,1.426,0.991,0.275,0.459,0.607,0.889,0.921,1.180,0.723,1.304,1.017
3.890,4.913,4.179,5.093,3.347,2.703,2.493,3.029,2.061,2.456,1.711,1.570,1.775,2.044,3.359,2.798,2.474,2.355,2.252,1.345,1.368,0.982,1.343,0.932,1.144,1.116,0.773,1.159,1.031,1.332,1.390,1.243,1.135,1.700,1.194,3.387,3.042,4.225,1.827,3.332,2.309,0.799,0.901,0.746,1.430,0.868,0.663,0.467,1.086,0.962,0.783,0.494,0.534,0.339,0.515,0.265,0.251,0.590,0.588,0.000,0.544,0.444,0.327,0.153,0.413,0.797,0.325,0.613,0.667,0.874,1.119,1.278,1.742,1.267,1.888,2.395,2.252,1.816,1.124,1.121,1.076,1.365,1.166,1.513,0.936,1.819,1.159
3.169,4.182,3.403,4.382,2.686,1.970,1.880,2.828,1.656,2.229,1.907,1.351,1.346,2.092,3.534,2.231,2.053,1.915,1.800,0.941,0.933,0.716,0.984,0.658,0.886,0.728,0.711,0.993,0.793,0.919,1.055,0.699,0.766,1.160,0.795,2.620,2.630,3.014,1.207,2.332,1.819,0.737,1.466,0.871,2.149,0.715,0.980,0.738,1.337,1.224,0.757,0.751,0.628,0.610,0.546,0.508,0.364,1.028,0.761,0.544,0.000,0.362,0.319,0.239,0.305,0.466,0.548,0.330,0.236,0.335,0.642,0.641,1.188,0.728,1.299,1.594,1.479,0.974,0.511,0.554,0.464,0.774,0.812,1.113,0.849,1.832,1.550
2.693,3.709,3.060,4.090,2.802,2.117,2.067,3.309,1.763,2.552,1.544,1.242,0.644,1.724,2.564,1.502,1.856,1.938,1.565,0.944,0.863,0.823,1.028,0.513,1.137,0.652,0.559,0.783,0.757,1.010,0.750,0.478,0.624,0.845,0.716,2.407,2.425,2.092,0.997,2.009,1.844,0.752,1.080,0.656,1.395,0.281,0.515,0.293,0.678,0.553,0.925,0.385,0.661,0.560,0.582,0.626,0.403,0.585,0.228,0.444,0.362,0.000,0.160,0.297,0.499,0.594,0.535,0.367,0.368,0.529,0.262,0.342,0.637,0.384,0.750,1.115,1.135,0.765,0.337,0.476,0.517,0.737,0.693,0.939,0.589,1.187,1.097
2.399,3.546,2.917,3.802,2.589,1.905,1.999,3.318,1.640,2.426,1.874,1.300,0.506,1.653,2.466,0.934,1.634,1.554,1.512,0.997,0.800,0.870,1.200,0.530,1.290,0.701,0.574,0.745,0.787,0.867,0.879,0.721,0.805,0.780,0.769,1.559,2.331,1.912,1.415,1.939,1.502,1.090,1.695,1.324,1.956,0.681,0.580,0.421,0.559,0.274,1.132,0.457,0.737,0.733,0.906,0.762,0.433,0.533,0.233,0.327,0.319,0.160,0.000,0.162,0.490,0.429,0.494,0.250,0.287,0.348,0.527,0.455,0.751,0.626,0.870,0.944,0.934,0.580,0.618,0.583,0.672,0.964,0.904,1.136,0.826,1.571,2.016
1.967,3.074,2.442,3.216,2.268,1.713,1.827,3.121,1.555,1.957,1.319,1.635,0.779,2.302,2.726,1.231,1.651,1.825,1.971,0.931,0.786,0.767,1.113,0.503,1.287,0.597,0.462,0.428,0.511,0.554,0.655,0.579,0.699,0.425,0.616,0.770,1.975,1.508,1.318,1.606,1.130,0.999,1.491,1.245,1.628,0.729,0.634,0.599,0.490,0.494,1.796,0.870,1.186,1.063,1.245,1.043,0.514,0.506,0.176,0.153,0.239,0.297,0.162,0.000,0.599,0.268,0.497,0.228,0.371,0.332,0.282,0.221,0.408,0.496,0.601,0.537,0.596,0.330,0.534,0.590,0.605,0.930,0.807,1.100,0.667,1.308,1.640
1.605,2.716,2.325,2.871,2.159,1.929,2.043,2.907,1.905,2.264,2.821,1.659,1.617,1.790,1.834,1.193,1.960,1.491,1.937,1.496,1.410,1.616,1.984,1.027,2.068,1.172,1.232,0.921,0.939,1.031,0.662,0.834,0.982,0.724,0.859,1.138,1.572,1.232,1.059,1.010,1.016,1.223,1.524,1.353,1.772,0.520,0.689,0.742,0.486,0.785,2.142,1.110,1.364,1.582,1.574,1.484,0.695,0.599,0.378,0.413,0.305,0.499,0.490,0.599,0.000,0.468,0.386,0.562,0.684,0.547,0.462,0.340,0.369,0.582,0.519,0.491,0.615,0.521,0.957,1.085,1.448,1.818,1.965,1.994,1.323,1.417,1.614
1.988,3.109,2.624,3.232,2.371,1.989,2.150,3.152,1.720,1.931,2.068,1.342,1.133,1.532,1.563,1.081,1.961,1.720,2.222,1.488,1.311,1.272,1.635,0.792,1.521,0.936,0.828,0.427,0.424,0.590,0.540,0.422,0.479,0.238,0.401,0.696,2.111,1.375,1.145,1.426,0.718,0.488,0.621,0.532,0.774,0.687,0.908,0.988,0.761,0.895,2.171,1.207,1.426,1.490,1.665,1.559,0.908,0.311,0.325,0.797,0.466,0.594,0.429,0.268,0.468,0.000,0.560,0.461,0.283,0.219,0.420,0.371,0.462,0.528,0.579,0.721,0.810,0.553,0.539,0.637,0.985,1.266,1.221,1.189,0.709,1.060,1.403
1.311,2.374,1.834,2.237,1.603,1.487,1.485,2.197,0.889,0.632,1.164,1.600,1.294,2.140,2.024,1.171,1.360,1.644,2.100,1.010,1.083,0.992,1.457,0.816,1.667,0.917,0.896,0.543,0.438,0.566,0.628,0.551,0.733,0.635,0.502,1.002,1.708,1.129,1.136,0.957,0.686,0.735,0.834,0.738,1.019,0.492,0.897,1.066,0.910,1.403,2.908,1.622,1.850,1.646,1.845,1.612,0.542,0.476,0.359,0.325,0.548,0.535,0.494,0.497,0.386,0.560,0.000,0.279,0.382,0.383,0.418,0.293,0.434,0.567,0.635,0.454,0.534,0.452,0.786,0.946,1.025,1.441,1.164,0.932,0.316,0.647,0.823
0.946,2.051,1.340,1.578,1.414,0.743,1.028,2.149,1.694,1.488,1.384,2.008,1.624,2.118,2.053,1.473,1.366,2.072,2.353,1.060,1.406,0.738,1.011,0.790,1.352,0.679,0.692,0.659,0.597,0.850,0.968,1.020,0.951,1.389,0.881,1.835,1.802,1.631,1.589,1.308,0.887,0.692,0.612,0.755,0.763,0.607,1.365,1.403,1.170,1.475,3.152,1.664,1.690,1.599,1.669,1.641,0.354,0.504,0.435,0.613,0.330,0.367,0.250,0.228,0.562,0.461,0.279,0.000,0.416,0.215,0.237,0.276,0.546,0.457,0.602,0.375,0.452,0.434,0.740,0.843,0.648,0.800,0.906,0.453,0.469,0.503,0.551
0.896,1.894,1.260,1.285,1.294,0.906,0.948,1.626,1.565,1.401,1.351,1.510,1.278,1.501,1.119,0.924,0.955,1.352,1.932,1.012,1.344,0.869,1.365,0.803,1.537,0.930,0.951,0.475,0.307,0.652,0.685,0.825,0.534,1.398,0.760,1.460,1.650,0.790,1.784,0.928,0.433,0.447,0.378,0.758,0.263,1.017,1.929,1.991,1.876,2.176,3.793,2.222,2.090,2.054,2.244,2.172,0.569,0.387,0.319,0.667,0.236,0.368,0.287,0.371,0.684,0.283,0.382,0.416,0.000,0.219,0.285,0.192,0.364,0.415,0.399,0.284,0.267,0.243,0.676,0.993,0.843,0.584,0.580,0.416,0.390,0.570,0.528
1.092,2.132,1.367,1.326,1.860,0.579,0.918,1.817,2.110,1.525,1.340,1.413,1.313,1.308,0.877,1.045,1.077,1.333,1.768,0.925,1.324,0.873,0.750,0.720,1.169,0.473,0.509,0.720,0.651,0.887,0.980,1.104,1.070,1.718,0.192,1.289,1.622,1.476,1.754,1.100,0.636,0.451,0.171,0.681,0.413,0.681,1.744,1.639,1.310,1.105,2.750,1.317,1.098,1.638,1.274,1.763,0.818,0.714,0.883,0.874,0.335,0.529,0.348,0.332,0.547,0.219,0.383,0.215,0.219,0.000,0.491,0.157,0.256,0.405,0.463,0.286,0.334,0.230,0.371,0.535,0.785,0.772,1.144,0.685,0.534,0.836,0.684
1.036,1.838,1.112,0.910,2.055,1.045,1.547,1.957,1.697,1.485,1.128,1.209,0.997,1.150,1.033,0.766,0.864,1.003,1.385,0.686,1.213,0.758,1.096,0.694,1.453,0.614,0.638,0.637,0.864,1.436,1.329,1.745,1.102,2.442,0.773,1.302,1.504,1.833,2.170,1.333,1.330,0.870,0.880,1.392,0.682,1.182,2.505,2.395,2.160,1.779,3.400,1.906,1.544,2.478,1.975,2.208,0.519,0.624,0.311,1.119,0.642,0.262,0.527,0.282,0.462,0.420,0.418,0.237,0.285,0.491,0.000,0.223,0.453,0.219,0.370,0.408,0.470,0.365,0.766,0.468,1.072,0.614,0.419,0.288,0.371,0.554,0.565
1.319,2.111,1.457,1.169,2.676,1.512,1.761,2.064,2.059,1.577,1.084,1.089,0.962,0.987,1.014,0.744,0.794,0.933,1.040,0.559,1.269,0.956,0.847,0.923,1.275,0.548,0.355,1.134,1.402,1.993,1.862,2.335,1.378,2.425,0.624,0.987,1.582,2.356,2.241,1.635,1.491,0.996,1.111,1.621,0.779,1.194,2.621,2.399,2.094,1.120,2.677,1.336,1.377,2.605,1.511,2.066,0.822,0.901,0.414,1.278,0.641,0.342,0.455,0.221,0.340,0.371,0.293,0.276,0.192,0.157,0.223,0.000,0.289,0.365,0.523,0.289,0.453,0.565,0.382,0.928,0.996,0.886,0.783,0.678,0.559,0.807,0.637
1.690,2.077,1.623,2.291,3.708,2.824,2.463,2.645,2.437,1.925,1.257,1.280,1.124,1.271,1.642,1.130,1.213,1.322,1.176,1.019,1.571,1.585,1.128,1.522,1.678,1.298,1.262,2.276,3.006,3.921,3.569,3.832,2.148,2.964,0.885,1.566,2.316,3.211,2.645,2.655,2.858,2.098,1.993,2.465,1.355,1.601,2.884,2.394,2.111,0.446,2.193,1.014,1.885,2.741,1.096,1.534,0.677,1.099,0.464,1.742,1.188,0.637,0.751,0.408,0.369,0.462,0.434,0.546,0.364,0.256,0.453,0.289,0.000,0.627,0.940,0.545,0.958,1.038,0.944,1.329,1.460,1.217,0.917,0.761,0.599,0.940,0.845
1.596,0.986,1.307,2.327,3.364,2.207,1.749,2.117,2.121,1.664,1.097,0.997,0.881,0.873,1.183,0.716,0.663,0.887,0.429,0.424,0.609,1.222,0.653,0.763,1.897,0.816,0.641,1.844,2.716,3.546,2.833,2.604,1.108,1.963,0.626,0.761,1.505,2.244,1.803,1.726,2.241,1.338,1.524,1.962,1.151,1.113,2.285,1.779,2.197,1.130,2.659,1.808,2.740,3.802,1.984,1.657,0.976,1.213,0.534,1.267,0.728,0.384,0.626,0.496,0.582,0.528,0.567,0.457,0.415,0.405,0.219,0.365,0.627,0.000,0.445,0.589,0.863,1.118,0.828,0.746,0.890,0.741,0.540,0.457,0.334,0.783,0.684
1.489,1.775,2.099,3.259,3.471,2.430,1.818,2.384,2.458,1.977,1.261,1.209,1.135,1.296,1.967,1.108,0.840,1.162,1.032,0.835,0.752,1.510,1.504,1.741,2.647,1.202,1.427,1.056,2.553,3.388,2.021,2.318,0.705,1.647,0.463,0.795,1.368,2.017,1.368,1.502,2.009,1.977,2.220,2.773,1.848,1.576,2.647,1.938,2.592,1.502,2.805,2.613,3.075,3.752,2.136,1.727,0.831,1.828,0.709,1.888,1.299,0.750,0.870,0.601,0.519,0.579,0.635,0.602,0.399,0.463,0.370,0.523,0.940,0.445,0.000,0.609,0.879,0.669,0.719,0.507,0.694,0.504,0.405,0.338,0.463,0.703,0.931
1.599,1.059,1.013,3.102,2.853,2.010,1.440,1.897,1.726,1.421,0.839,0.813,0.855,1.156,1.952,1.178,1.023,0.936,0.962,0.977,1.347,0.295,1.418,0.977,1.700,1.307,1.574,2.278,2.784,3.863,2.798,2.641,1.228,2.035,0.740,0.962,1.598,2.236,1.661,1.776,2.243,2.924,3.384,3.714,2.870,2.366,3.456,2.832,3.806,2.340,3.626,3.031,3.470,3.854,2.178,2.382,1.328,2.602,1.315,2.395,1.594,1.115,0.944,0.537,0.491,0.721,0.454,0.375,0.284,0.286,0.408,0.289,0.545,0.589,0.609,0.000,0.429,0.312,0.397,0.545,0.651,0.582,0.431,0.503,0.712,0.865,1.168
