0.000,0.012,0.039,0.038,0.065,0.077,0.131,0.185,0.281,1.182,0.271,0.351,0.519,0.158,0.101,0.069,0.059,0.019,0.011,0.018,0.079,0.047,0.076,0.080,0.036,0.005,0.001,0.073,0.135,0.160,0.161,0.086,0.139,0.086,0.166,0.073,0.023,0.044,0.101,0.002,0.072,0.029,0.003,0.067,0.068,0.113,0.103,0.067,0.119,0.074,0.049,0.077,0.089,0.097,0.144,0.160,0.158,0.127,0.149,0.120,0.127,0.110,0.142,0.146,0.144,0.133,0.047,0.059,0.103,0.114,0.035,0.028,0.022,0.152,0.097,0.083,0.119,0.027,0.113,0.111,0.118,0.154,0.961,1.597,0.738,1.189,1.243,1.050,0.606,0.373,1.206,1.679,0.709,0.434,0.319,0.175,0.016,0.138,0.249,0.276,0.304,0.259,0.171,0.186,0.234
0.012,0.000,0.055,0.067,0.095,0.121,0.185,0.253,0.359,1.385,0.360,0.479,0.551,0.152,0.095,0.057,0.047,0.018,0.022,0.009,0.074,0.060,0.106,0.122,0.078,0.019,0.015,0.101,0.198,0.278,0.258,0.121,0.142,0.054,0.133,0.019,0.095,0.114,0.183,0.106,0.038,0.127,0.085,0.128,0.124,0.158,0.132,0.085,0.126,0.082,0.065,0.094,0.114,0.117,0.148,0.163,0.162,0.142,0.154,0.122,0.157,0.134,0.148,0.155,0.161,0.143,0.051,0.070,0.126,0.166,0.077,0.003,0.059,0.151,0.030,0.016,0.081,0.079,0.126,0.107,0.078,0.142,1.045,1.558,0.765,1.159,1.136,0.950,0.571,0.404,1.263,1.760,0.930,0.609,0.521,0.319,0.143,0.059,0.227,0.242,0.292,0.228,0.153,0.140,0.171
0.039,0.055,0.000,0.002,0.027,0.028,0.105,0.194,0.332,1.373,0.341,0.487,0.499,0.152,0.094,0.046,0.030,0.017,0.021,0.013,0.086,0.097,0.158,0.182,0.121,0.046,0.025,0.121,0.216,0.332,0.317,0.159,0.141,0.029,0.084,0.038,0.161,0.183,0.260,0.195,0.148,0.228,0.180,0.200,0.189,0.208,0.158,0.100,0.121,0.070,0.064,0.082,0.110,0.106,0.123,0.112,0.097,0.115,0.125,0.076,0.127,0.148,0.134,0.133,0.186,0.169,0.092,0.126,0.184,0.238,0.112,0.006,0.007,0.195,0.099,0.072,0.134,0.069,0.048,0.040,0.167,0.189,0.868,1.403,0.591,0.966,0.984,0.804,0.500,0.365,1.155,1.626,0.858,0.598,0.556,0.383,0.281,0.043,0.184,0.232,0.332,0.246,0.190,0.146,0.147
0.038,0.067,0.002,0.000,0.039,0.050,0.160,0.278,0.417,1.481,0.414,0.569,0.467,0.123,0.083,0.035,0.030,0.033,0.008,0.036,0.109,0.141,0.218,0.264,0.207,0.120,0.080,0.102,0.225,0.387,0.370,0.157,0.099,0.049,0.005,0.136,0.279,0.298,0.393,0.353,0.308,0.377,0.313,0.300,0.276,0.276,0.209,0.135,0.137,0.086,0.095,0.113,0.154,0.143,0.134,0.115,0.109,0.134,0.131,0.073,0.119,0.151,0.119,0.093,0.159,0.152,0.103,0.151,0.221,0.333,0.230,0.088,0.089,0.124,0.053,0.038,0.105,0.062,0.055,0.045,0.123,0.175,0.856,1.309,0.558,0.880,0.840,0.659,0.417,0.345,1.120,1.594,0.945,0.670,0.631,0.429,0.358,0.083,0.165,0.194,0.316,0.210,0.184,0.108,0.094
0.065,0.095,0.027,0.039,0.000,0.036,0.108,0.256,0.410,1.354,0.349,0.516,0.353,0.117,0.085,0.042,0.034,0.048,0.004,0.038,0.106,0.157,0.232,0.273,0.181,0.072,0.022,0.175,0.278,0.454,0.459,0.255,0.159,0.005,0.015,0.130,0.278,0.311,0.414,0.386,0.375,0.441,0.378,0.340,0.306,0.300,0.216,0.146,0.134,0.089,0.103,0.107,0.145,0.120,0.105,0.080,0.059,0.086,0.099,0.043,0.065,0.124,0.097,0.051,0.128,0.154,0.137,0.196,0.262,0.379,0.112,0.053,0.027,0.187,0.115,0.088,0.153,0.153,0.007,0.010,0.200,0.213,0.735,1.200,0.438,0.739,0.727,0.556,0.383,0.336,1.050,1.505,0.891,0.664,0.651,0.478,0.460,0.219,0.019,0.058,0.256,0.161,0.186,0.087,0.050
0.077,0.121,0.028,0.050,0.036,0.000,0.105,0.132,0.293,0.994,0.191,0.351,0.124,0.199,0.175,0.144,0.138,0.161,0.127,0.156,0.209,0.260,0.317,0.341,0.209,0.047,0.030,0.273,0.379,0.580,0.618,0.409,0.258,0.056,0.036,0.135,0.304,0.375,0.488,0.463,0.483,0.551,0.502,0.446,0.394,0.399,0.307,0.241,0.216,0.170,0.191,0.171,0.210,0.158,0.098,0.080,0.054,0.097,0.133,0.079,0.086,0.166,0.156,0.100,0.169,0.214,0.247,0.294,0.327,0.402,0.092,0.114,0.051,0.213,0.144,0.124,0.194,0.245,0.026,0.060,0.230,0.251,0.606,1.028,0.360,0.581,0.555,0.414,0.346,0.362,0.990,1.396,0.900,0.725,0.724,0.560,0.576,0.325,0.171,0.021,0.221,0.180,0.249,0.149,0.114
0.131,0.185,0.105,0.160,0.108,0.105,0.000,0.004,0.173,0.644,0.070,0.242,0.029,0.216,0.191,0.170,0.150,0.179,0.145,0.147,0.184,0.242,0.260,0.240,0.065,0.099,0.153,0.385,0.465,0.663,0.715,0.531,0.376,0.183,0.131,0.031,0.180,0.273,0.371,0.354,0.426,0.502,0.475,0.405,0.353,0.373,0.274,0.233,0.202,0.166,0.179,0.141,0.166,0.100,0.053,0.038,0.014,0.019,0.083,0.033,0.009,0.108,0.126,0.051,0.114,0.225,0.304,0.364,0.286,0.150,0.182,0.278,0.192,0.324,0.238,0.205,0.272,0.313,0.082,0.123,0.332,0.312,0.602,1.053,0.338,0.567,0.575,0.441,0.400,0.408,1.023,1.431,0.903,0.752,0.768,0.621,0.659,0.445,0.354,0.202,0.051,0.092,0.239,0.148,0.094
0.185,0.253,0.194,0.278,0.256,0.132,0.004,0.000,0.110,0.678,0.077,0.265,0.007,0.229,0.195,0.168,0.132,0.169,0.131,0.124,0.159,0.223,0.226,0.195,0.021,0.123,0.170,0.389,0.471,0.673,0.710,0.524,0.385,0.203,0.161,0.004,0.137,0.225,0.315,0.292,0.365,0.448,0.426,0.364,0.323,0.348,0.245,0.217,0.183,0.147,0.152,0.110,0.132,0.072,0.048,0.025,0.052,0.018,0.054,0.011,0.051,0.069,0.095,0.009,0.072,0.262,0.335,0.391,0.228,0.075,0.284,0.337,0.269,0.399,0.295,0.259,0.312,0.298,0.100,0.128,0.366,0.335,0.723,1.206,0.404,0.689,0.708,0.556,0.457,0.431,1.111,1.558,0.942,0.763,0.783,0.626,0.654,0.437,0.329,0.194,0.058,0.095,0.261,0.190,0.120
0.281,0.359,0.332,0.417,0.410,0.293,0.173,0.110,0.000,0.071,0.084,0.061,0.199,0.259,0.213,0.218,0.164,0.199,0.157,0.102,0.098,0.132,0.060,0.023,0.206,0.332,0.349,0.544,0.590,0.773,0.822,0.681,0.550,0.391,0.321,0.185,0.081,0.016,0.071,0.047,0.159,0.236,0.249,0.199,0.186,0.251,0.167,0.185,0.156,0.141,0.134,0.067,0.062,0.023,0.037,0.054,0.167,0.151,0.036,0.094,0.196,0.067,0.024,0.125,0.119,0.210,0.356,0.244,0.262,0.328,0.575,0.552,0.471,0.551,0.431,0.375,0.420,0.414,0.195,0.230,0.498,0.417,0.664,1.199,0.389,0.669,0.758,0.635,0.559,0.506,1.138,1.547,0.899,0.779,0.824,0.708,0.764,0.594,0.533,0.411,0.190,0.076,0.170,0.191,0.134
1.182,1.385,1.373,1.481,1.354,0.994,0.644,0.678,0.071,0.000,0.466,0.115,0.604,0.530,0.385,0.456,0.280,0.422,0.473,0.352,0.230,0.279,0.007,0.195,0.578,0.809,0.934,1.224,1.353,1.634,1.656,1.431,1.248,1.002,0.899,0.655,0.457,0.211,0.115,0.192,0.009,0.182,0.266,0.216,0.126,0.297,0.149,0.234,0.103,0.046,0.039,0.183,0.157,0.353,0.499,0.560,0.836,0.703,0.459,0.671,0.908,0.537,0.331,0.790,0.683,0.261,0.660,0.346,0.494,0.731,1.293,1.374,1.327,1.483,1.290,1.265,1.235,1.099,0.881,0.872,1.133,1.141,1.501,1.977,1.119,1.386,1.385,1.250,1.180,1.193,1.958,2.428,1.766,1.608,1.688,1.491,1.541,1.243,1.112,0.839,0.413,0.112,0.392,0.663,0.626
0.271,0.360,0.341,0.414,0.349,0.191,0.070,0.077,0.084,0.466,0.000,0.234,0.106,0.387,0.285,0.261,0.176,0.209,0.161,0.119,0.135,0.173,0.133,0.084,0.077,0.186,0.214,0.399,0.472,0.658,0.682,0.521,0.424,0.273,0.242,0.101,0.014,0.093,0.157,0.108,0.171,0.263,0.256,0.233,0.227,0.276,0.196,0.211,0.192,0.163,0.140,0.086,0.090,0.039,0.062,0.030,0.111,0.076,0.027,0.072,0.164,0.001,0.071,0.134,0.021,0.335,0.280,0.216,0.003,0.048,0.376,0.415,0.392,0.512,0.386,0.352,0.372,0.244,0.115,0.116,0.405,0.350,0.883,1.434,0.501,0.894,0.953,0.782,0.566,0.457,1.219,1.700,0.917,0.716,0.736,0.581,0.589,0.386,0.272,0.142,0.078,0.134,0.267,0.310,0.278
0.351,0.479,0.487,0.569,0.516,0.351,0.242,0.265,0.061,0.115,0.234,0.000,0.115,0.496,0.426,0.471,0.362,0.399,0.333,0.241,0.199,0.196,0.092,0.012,0.150,0.251,0.261,0.438,0.492,0.687,0.720,0.586,0.477,0.334,0.273,0.142,0.056,0.036,0.063,0.011,0.102,0.184,0.206,0.197,0.225,0.312,0.263,0.330,0.312,0.307,0.279,0.193,0.179,0.095,0.113,0.066,0.145,0.100,0.045,0.103,0.266,0.066,0.042,0.335,0.238,0.091,0.149,0.038,0.219,0.239,0.531,0.544,0.513,0.607,0.456,0.417,0.398,0.248,0.119,0.100,0.399,0.326,0.771,1.349,0.406,0.799,0.904,0.754,0.542,0.416,1.156,1.608,0.802,0.647,0.699,0.565,0.600,0.414,0.340,0.196,0.006,0.093,0.238,0.389,0.439
0.519,0.551,0.499,0.467,0.353,0.124,0.029,0.007,0.199,0.604,0.106,0.115,0.000,0.241,0.016,0.010,0.057,0.103,0.122,0.110,0.084,0.206,0.100,0.062,0.133,0.211,0.265,0.419,0.478,0.655,0.664,0.525,0.432,0.292,0.243,0.114,0.009,0.084,0.154,0.107,0.201,0.306,0.308,0.263,0.226,0.261,0.115,0.113,0.025,0.069,0.030,0.118,0.070,0.140,0.148,0.275,0.423,0.339,0.295,0.468,0.524,0.345,0.434,0.693,0.526,0.213,0.196,0.157,0.183,0.197,0.500,0.520,0.586,0.661,0.602,0.588,0.586,0.592,0.409,0.336,0.638,0.540,0.738,1.327,0.370,0.760,0.894,0.730,0.549,0.446,1.117,1.556,0.803,0.672,0.745,0.614,0.624,0.457,0.340,0.228,0.008,0.055,0.345,0.485,0.381
0.158,0.152,0.152,0.123,0.117,0.199,0.216,0.229,0.259,0.530,0.387,0.496,0.241,0.000,0.002,0.039,0.045,0.076,0.195,0.201,0.124,0.064,0.004,0.019,0.015,0.014,0.033,0.040,0.021,0.111,0.154,0.104,0.069,0.014,0.010,0.046,0.062,0.038,0.059,0.022,0.043,0.070,0.027,0.026,0.077,0.054,0.013,0.013,0.048,0.073,0.047,0.081,0.046,0.069,0.206,0.169,0.103,0.068,0.088,0.088,0.041,0.054,0.050,0.003,0.018,0.005,0.048,0.002,0.028,0.007,0.101,0.055,0.060,0.067,0.012,0.041,0.007,0.044,0.137,0.140,0.204,0.011,0.139,0.829,0.085,0.338,0.593,0.468,0.241,0.032,0.603,0.960,0.150,0.079,0.119,0.074,0.097,0.032,0.017,0.053,0.139,0.097,0.104,0.083,0.014
0.101,0.095,0.094,0.083,0.085,0.175,0.191,0.195,0.213,0.385,0.285,0.426,0.016,0.002,0.000,0.013,0.025,0.064,0.175,0.181,0.109,0.058,0.028,0.015,0.052,0.038,0.007,0.044,0.011,0.087,0.131,0.108,0.086,0.047,0.015,0.006,0.005,0.017,0.006,0.058,0.041,0.008,0.043,0.021,0.033,0.018,0.015,0.002,0.032,0.064,0.039,0.059,0.018,0.032,0.165,0.102,0.025,0.006,0.025,0.016,0.040,0.021,0.037,0.061,0.062,0.024,0.026,0.004,0.043,0.044,0.130,0.093,0.118,0.103,0.066,0.022,0.058,0.159,0.061,0.087,0.264,0.045,0.032,0.690,0.185,0.227,0.547,0.453,0.234,0.006,0.505,0.800,0.012,0.000,0.061,0.038,0.064,0.020,0.018,0.067,0.148,0.143,0.148,0.208,0.192
0.069,0.057,0.046,0.035,0.042,0.144,0.170,0.168,0.218,0.456,0.261,0.471,0.010,0.039,0.013,0.000,0.026,0.046,0.133,0.125,0.064,0.028,0.022,0.013,0.050,0.030,0.016,0.023,0.017,0.058,0.101,0.091,0.073,0.043,0.007,0.006,0.006,0.026,0.022,0.083,0.069,0.031,0.061,0.027,0.026,0.009,0.020,0.010,0.022,0.071,0.043,0.057,0.014,0.035,0.177,0.094,0.004,0.011,0.000,0.027,0.079,0.049,0.085,0.105,0.085,0.043,0.029,0.008,0.059,0.057,0.145,0.110,0.140,0.122,0.083,0.048,0.064,0.145,0.052,0.101,0.254,0.025,0.101,0.630,0.242,0.186,0.537,0.453,0.209,0.039,0.438,0.706,0.094,0.080,0.004,0.014,0.020,0.014,0.036,0.086,0.150,0.148,0.163,0.257,0.286
0.059,0.047,0.030,0.030,0.034,0.138,0.150,0.132,0.164,0.280,0.176,0.362,0.057,0.045,0.025,0.026,0.000,0.019,0.034,0.024,0.010,0.016,0.003,0.009,0.020,0.014,0.061,0.047,0.099,0.036,0.006,0.021,0.014,0.002,0.037,0.033,0.004,0.016,0.022,0.098,0.100,0.056,0.082,0.024,0.029,0.014,0.001,0.036,0.031,0.094,0.073,0.082,0.041,0.065,0.199,0.078,0.023,0.008,0.014,0.058,0.094,0.057,0.106,0.114,0.081,0.049,0.026,0.006,0.047,0.051,0.122,0.088,0.128,0.095,0.068,0.048,0.044,0.169,0.039,0.125,0.222,0.017,0.312,0.437,0.380,0.046,0.456,0.399,0.137,0.136,0.274,0.476,0.298,0.231,0.136,0.125,0.085,0.098,0.102,0.153,0.194,0.197,0.194,0.304,0.367
0.019,0.018,0.017,0.033,0.048,0.161,0.179,0.169,0.199,0.422,0.209,0.399,0.103,0.076,0.064,0.046,0.019,0.000,0.055,0.017,0.010,0.013,0.023,0.022,0.049,0.006,0.036,0.034,0.098,0.037,0.008,0.036,0.026,0.021,0.040,0.020,0.030,0.053,0.072,0.144,0.132,0.100,0.119,0.060,0.005,0.031,0.047,0.004,0.072,0.006,0.048,0.029,0.010,0.000,0.105,0.032,0.095,0.072,0.096,0.109,0.134,0.102,0.142,0.137,0.110,0.080,0.027,0.017,0.065,0.093,0.138,0.107,0.158,0.113,0.108,0.093,0.093,0.318,0.053,0.036,0.299,0.034,0.541,0.161,0.555,0.221,0.230,0.234,0.069,0.176,0.123,0.265,0.395,0.271,0.142,0.117,0.065,0.063,0.059,0.108,0.148,0.158,0.184,0.311,0.367
0.011,0.022,0.021,0.008,0.004,0.127,0.145,0.131,0.157,0.473,0.161,0.333,0.122,0.195,0.175,0.133,0.034,0.055,0.000,0.024,0.043,0.005,0.045,0.039,0.066,0.026,0.019,0.005,0.054,0.030,0.077,0.088,0.048,0.023,0.059,0.050,0.003,0.021,0.052,0.094,0.042,0.038,0.051,0.029,0.049,0.034,0.020,0.082,0.020,0.058,0.124,0.093,0.066,0.036,0.113,0.022,0.096,0.082,0.098,0.124,0.167,0.147,0.199,0.210,0.201,0.188,0.109,0.093,0.148,0.165,0.203,0.157,0.197,0.150,0.133,0.102,0.104,0.335,0.054,0.023,0.300,0.049,0.482,0.188,0.555,0.254,0.143,0.133,0.035,0.160,0.166,0.356,0.277,0.179,0.042,0.034,0.028,0.018,0.023,0.022,0.065,0.065,0.123,0.248,0.282
0.018,0.009,0.013,0.036,0.038,0.156,0.147,0.124,0.102,0.352,0.119,0.241,0.110,0.201,0.181,0.125,0.024,0.017,0.024,0.000,0.052,0.020,0.057,0.042,0.047,0.008,0.058,0.042,0.111,0.028,0.021,0.043,0.005,0.026,0.129,0.108,0.028,0.002,0.051,0.078,0.011,0.038,0.050,0.033,0.076,0.068,0.085,0.125,0.005,0.064,0.162,0.136,0.127,0.072,0.111,0.027,0.074,0.061,0.086,0.096,0.139,0.138,0.177,0.185,0.199,0.214,0.140,0.130,0.157,0.188,0.177,0.122,0.160,0.096,0.091,0.058,0.064,0.380,0.049,0.022,0.276,0.022,0.666,0.038,0.715,0.476,0.089,0.069,0.081,0.241,0.013,0.175,0.362,0.240,0.088,0.074,0.005,0.001,0.016,0.018,0.040,0.030,0.080,0.168,0.131
0.079,0.074,0.086,0.109,0.106,0.209,0.184,0.159,0.098,0.230,0.135,0.199,0.084,0.124,0.109,0.064,0.010,0.010,0.043,0.052,0.000,0.003,0.006,0.005,0.005,0.036,0.084,0.049,0.106,0.026,0.027,0.031,0.013,0.045,0.134,0.129,0.072,0.048,0.005,0.024,0.037,0.016,0.000,0.020,0.140,0.164,0.155,0.129,0.065,0.092,0.152,0.150,0.145,0.107,0.143,0.028,0.006,0.004,0.012,0.020,0.062,0.064,0.091,0.105,0.131,0.155,0.096,0.090,0.100,0.137,0.119,0.067,0.099,0.043,0.040,0.004,0.030,0.335,0.001,0.048,0.252,0.018,0.531,0.113,0.600,0.328,0.018,0.006,0.031,0.190,0.118,0.318,0.249,0.171,0.050,0.053,0.002,0.013,0.016,0.055,0.096,0.088,0.123,0.172,0.091
0.047,0.060,0.097,0.141,0.157,0.260,0.242,0.223,0.132,0.279,0.173,0.196,0.206,0.064,0.058,0.028,0.016,0.013,0.005,0.020,0.003,0.000,0.042,0.034,0.049,0.015,0.016,0.023,0.031,0.041,0.098,0.096,0.049,0.007,0.092,0.092,0.039,0.023,0.025,0.034,0.067,0.027,0.028,0.026,0.147,0.168,0.093,0.066,0.024,0.049,0.101,0.085,0.076,0.020,0.028,0.050,0.053,0.050,0.053,0.034,0.062,0.060,0.062,0.069,0.092,0.107,0.026,0.052,0.064,0.153,0.102,0.072,0.108,0.061,0.080,0.045,0.095,0.445,0.076,0.062,0.337,0.109,0.515,0.071,0.574,0.367,0.066,0.067,0.010,0.114,0.132,0.322,0.151,0.065,0.052,0.050,0.094,0.090,0.075,0.049,0.009,0.000,0.101,0.078,0.051
0.076,0.106,0.158,0.218,0.232,0.317,0.260,0.226,0.060,0.007,0.133,0.092,0.100,0.004,0.028,0.022,0.003,0.023,0.045,0.057,0.006,0.042,0.000,0.004,0.026,0.005,0.016,0.032,0.011,0.044,0.101,0.087,0.055,0.007,0.068,0.081,0.058,0.043,0.021,0.001,0.070,0.047,0.031,0.046,0.122,0.111,0.062,0.022,0.019,0.026,0.059,0.057,0.050,0.001,0.002,0.051,0.028,0.030,0.032,0.000,0.008,0.010,0.009,0.001,0.012,0.032,0.023,0.003,0.027,0.085,0.014,0.006,0.047,0.011,0.049,0.016,0.089,0.443,0.072,0.082,0.336,0.135,0.390,0.190,0.437,0.219,0.045,0.027,0.064,0.037,0.228,0.429,0.040,0.017,0.099,0.090,0.107,0.100,0.048,0.026,0.082,0.052,0.096,0.006,0.062
0.080,0.122,0.182,0.264,0.273,0.341,0.240,0.195,0.023,0.195,0.084,0.012,0.062,0.019,0.015,0.013,0.009,0.022,0.039,0.042,0.005,0.034,0.004,0.000,0.014,0.011,0.002,0.052,0.012,0.050,0.111,0.093,0.064,0.010,0.063,0.081,0.076,0.067,0.046,0.031,0.106,0.065,0.049,0.054,0.084,0.085,0.058,0.016,0.022,0.023,0.053,0.052,0.049,0.008,0.042,0.063,0.017,0.019,0.021,0.019,0.025,0.015,0.018,0.038,0.026,0.004,0.034,0.011,0.068,0.058,0.060,0.047,0.004,0.032,0.026,0.003,0.086,0.466,0.084,0.118,0.328,0.157,0.375,0.149,0.394,0.226,0.011,0.028,0.063,0.006,0.219,0.403,0.023,0.078,0.142,0.135,0.138,0.142,0.078,0.078,0.019,0.005,0.007,0.063,0.090
0.036,0.078,0.121,0.207,0.181,0.209,0.065,0.021,0.206,0.578,0.077,0.150,0.133,0.015,0.052,0.050,0.020,0.049,0.066,0.047,0.005,0.049,0.026,0.014,0.000,0.016,0.014,0.029,0.004,0.016,0.069,0.053,0.041,0.011,0.061,0.086,0.099,0.077,0.072,0.035,0.042,0.026,0.003,0.020,0.035,0.063,0.053,0.006,0.004,0.004,0.034,0.043,0.055,0.007,0.073,0.092,0.042,0.039,0.043,0.015,0.006,0.026,0.015,0.003,0.010,0.044,0.032,0.050,0.021,0.082,0.051,0.042,0.002,0.040,0.033,0.007,0.090,0.485,0.110,0.142,0.302,0.169,0.315,0.202,0.298,0.122,0.077,0.060,0.108,0.038,0.259,0.427,0.058,0.099,0.144,0.140,0.112,0.130,0.008,0.013,0.053,0.008,0.018,0.060,0.059
0.005,0.019,0.046,0.120,0.072,0.047,0.099,0.123,0.332,0.809,0.186,0.251,0.211,0.014,0.038,0.030,0.014,0.006,0.026,0.008,0.036,0.015,0.005,0.011,0.016,0.000,0.008,0.051,0.017,0.021,0.079,0.071,0.053,0.013,0.075,0.118,0.136,0.105,0.083,0.061,0.049,0.027,0.015,0.043,0.056,0.102,0.106,0.041,0.046,0.034,0.084,0.094,0.121,0.048,0.065,0.078,0.032,0.017,0.016,0.007,0.007,0.022,0.006,0.004,0.023,0.059,0.055,0.088,0.018,0.121,0.023,0.006,0.005,0.044,0.029,0.006,0.077,0.482,0.111,0.148,0.228,0.160,0.316,0.127,0.250,0.133,0.007,0.002,0.080,0.059,0.223,0.356,0.096,0.144,0.173,0.175,0.130,0.151,0.034,0.028,0.002,0.004,0.040,0.058,0.029
0.001,0.015,0.025,0.080,0.022,0.030,0.153,0.170,0.349,0.934,0.214,0.261,0.265,0.033,0.007,0.016,0.061,0.036,0.019,0.058,0.084,0.016,0.016,0.002,0.014,0.008,0.000,0.008,0.020,0.059,0.013,0.033,0.079,0.060,0.033,0.015,0.012,0.025,0.013,0.056,0.098,0.063,0.054,0.019,0.034,0.107,0.135,0.076,0.091,0.074,0.120,0.135,0.165,0.096,0.041,0.048,0.005,0.025,0.028,0.026,0.021,0.010,0.034,0.033,0.016,0.019,0.032,0.064,0.004,0.083,0.036,0.010,0.017,0.080,0.001,0.010,0.054,0.468,0.094,0.131,0.166,0.140,0.325,0.137,0.166,0.037,0.122,0.158,0.182,0.097,0.253,0.323,0.046,0.101,0.092,0.100,0.034,0.041,0.133,0.107,0.090,0.079,0.017,0.021,0.069
0.073,0.101,0.121,0.102,0.175,0.273,0.385,0.389,0.544,1.224,0.399,0.438,0.419,0.040,0.044,0.023,0.047,0.034,0.005,0.042,0.049,0.023,0.032,0.052,0.029,0.051,0.008,0.000,0.031,0.064,0.009,0.055,0.040,0.009,0.041,0.043,0.013,0.039,0.013,0.015,0.059,0.053,0.045,0.006,0.034,0.108,0.147,0.085,0.097,0.092,0.158,0.193,0.231,0.156,0.016,0.006,0.013,0.032,0.034,0.004,0.023,0.040,0.011,0.039,0.072,0.114,0.135,0.181,0.116,0.192,0.080,0.109,0.042,0.039,0.011,0.039,0.027,0.343,0.041,0.051,0.039,0.043,0.247,0.118,0.056,0.004,0.080,0.095,0.090,0.065,0.237,0.294,0.124,0.157,0.129,0.135,0.010,0.022,0.016,0.002,0.022,0.014,0.078,0.060,0.014
0.135,0.198,0.216,0.225,0.278,0.379,0.465,0.471,0.590,1.353,0.472,0.492,0.478,0.021,0.011,0.017,0.099,0.098,0.054,0.111,0.106,0.031,0.011,0.012,0.004,0.017,0.020,0.031,0.000,0.056,0.025,0.081,0.065,0.008,0.013,0.045,0.030,0.074,0.044,0.003,0.046,0.024,0.008,0.053,0.085,0.165,0.213,0.150,0.157,0.151,0.230,0.269,0.317,0.238,0.082,0.043,0.033,0.068,0.076,0.016,0.028,0.025,0.007,0.046,0.072,0.107,0.128,0.176,0.125,0.189,0.111,0.160,0.077,0.022,0.004,0.012,0.060,0.262,0.011,0.016,0.221,0.019,0.171,0.132,0.110,0.118,0.137,0.171,0.098,0.079,0.299,0.284,0.174,0.206,0.120,0.083,0.073,0.056,0.052,0.050,0.017,0.031,0.035,0.000,0.090
0.160,0.278,0.332,0.387,0.454,0.580,0.663,0.673,0.773,1.634,0.658,0.687,0.655,0.111,0.087,0.058,0.036,0.037,0.030,0.028,0.026,0.041,0.044,0.050,0.016,0.021,0.059,0.064,0.056,0.000,0.017,0.004,0.096,0.109,0.087,0.100,0.081,0.089,0.069,0.069,0.010,0.008,0.002,0.029,0.070,0.135,0.179,0.111,0.124,0.129,0.211,0.276,0.318,0.252,0.151,0.106,0.084,0.083,0.077,0.000,0.055,0.069,0.046,0.118,0.158,0.204,0.241,0.287,0.234,0.263,0.201,0.236,0.095,0.031,0.063,0.132,0.219,0.010,0.108,0.160,0.377,0.165,0.134,0.404,0.295,0.333,0.285,0.246,0.077,0.045,0.496,0.610,0.422,0.331,0.234,0.127,0.008,0.013,0.001,0.021,0.064,0.062,0.136,0.109,0.013
0.161,0.258,0.317,0.370,0.459,0.618,0.715,0.710,0.822,1.656,0.682,0.720,0.664,0.154,0.131,0.101,0.006,0.008,0.077,0.021,0.027,0.098,0.101,0.111,0.069,0.079,0.013,0.009,0.025,0.017,0.000,0.038,0.116,0.088,0.067,0.061,0.031,0.039,0.014,0.041,0.017,0.039,0.047,0.026,0.012,0.079,0.126,0.061,0.075,0.085,0.168,0.230,0.268,0.191,0.076,0.050,0.042,0.032,0.029,0.029,0.078,0.105,0.080,0.141,0.190,0.247,0.286,0.340,0.274,0.310,0.213,0.230,0.094,0.016,0.040,0.112,0.181,0.044,0.057,0.078,0.327,0.127,0.063,0.247,0.248,0.216,0.147,0.112,0.019,0.057,0.318,0.395,0.389,0.321,0.221,0.163,0.089,0.077,0.090,0.107,0.151,0.139,0.213,0.190,0.092
0.086,0.121,0.159,0.157,0.255,0.409,0.531,0.524,0.681,1.431,0.521,0.586,0.525,0.104,0.108,0.091,0.021,0.036,0.088,0.043,0.031,0.096,0.087,0.093,0.053,0.071,0.033,0.055,0.081,0.004,0.038,0.000,0.072,0.087,0.033,0.038,0.032,0.032,0.026,0.053,0.012,0.032,0.046,0.028,0.007,0.054,0.086,0.023,0.041,0.041,0.103,0.147,0.179,0.110,0.006,0.009,0.021,0.013,0.006,0.016,0.035,0.073,0.050,0.074,0.117,0.173,0.210,0.256,0.174,0.224,0.095,0.103,0.014,0.065,0.043,0.092,0.079,0.212,0.011,0.032,0.112,0.015,0.003,0.248,0.165,0.158,0.136,0.105,0.093,0.145,0.332,0.422,0.364,0.338,0.255,0.225,0.127,0.108,0.071,0.096,0.121,0.114,0.182,0.179,0.103
0.139,0.142,0.141,0.099,0.159,0.258,0.376,0.385,0.550,1.248,0.424,0.477,0.432,0.069,0.086,0.073,0.014,0.026,0.048,0.005,0.013,0.049,0.055,0.064,0.041,0.053,0.079,0.040,0.065,0.096,0.116,0.072,0.000,0.017,0.050,0.036,0.030,0.007,0.002,0.011,0.081,0.069,0.063,0.019,0.020,0.050,0.079,0.016,0.022,0.007,0.070,0.090,0.132,0.047,0.121,0.118,0.077,0.050,0.047,0.063,0.070,0.082,0.058,0.068,0.087,0.125,0.140,0.174,0.103,0.169,0.048,0.076,0.048,0.017,0.050,0.042,0.065,0.445,0.158,0.190,0.024,0.156,0.204,0.011,0.072,0.008,0.009,0.030,0.098,0.187,0.122,0.111,0.195,0.250,0.175,0.173,0.032,0.058,0.009,0.033,0.050,0.044,0.099,0.092,0.027
0.086,0.054,0.029,0.049,0.005,0.056,0.183,0.203,0.391,1.002,0.273,0.334,0.292,0.014,0.047,0.043,0.002,0.021,0.023,0.026,0.045,0.007,0.007,0.010,0.011,0.013,0.060,0.009,0.008,0.109,0.088,0.087,0.017,0.000,0.047,0.033,0.009,0.031,0.037,0.001,0.071,0.046,0.040,0.013,0.006,0.060,0.076,0.013,0.017,0.008,0.042,0.045,0.084,0.001,0.170,0.155,0.092,0.057,0.054,0.049,0.037,0.045,0.025,0.015,0.021,0.052,0.053,0.076,0.004,0.081,0.048,0.019,0.001,0.058,0.051,0.059,0.125,0.566,0.202,0.257,0.188,0.235,0.317,0.033,0.085,0.099,0.044,0.013,0.119,0.177,0.090,0.098,0.107,0.186,0.145,0.152,0.003,0.029,0.058,0.027,0.025,0.021,0.025,0.032,0.011
0.166,0.133,0.084,0.005,0.015,0.036,0.131,0.161,0.321,0.899,0.242,0.273,0.243,0.010,0.015,0.007,0.037,0.040,0.059,0.129,0.134,0.092,0.068,0.063,0.061,0.075,0.033,0.041,0.013,0.087,0.067,0.033,0.050,0.047,0.000,0.024,0.024,0.100,0.086,0.014,0.044,0.006,0.029,0.097,0.072,0.137,0.145,0.071,0.046,0.007,0.074,0.053,0.118,0.011,0.224,0.225,0.175,0.094,0.079,0.094,0.084,0.054,0.035,0.038,0.022,0.031,0.003,0.023,0.018,0.072,0.020,0.034,0.075,0.038,0.156,0.195,0.255,0.751,0.320,0.368,0.300,0.340,0.490,0.226,0.242,0.258,0.187,0.117,0.070,0.139,0.071,0.109,0.036,0.092,0.100,0.103,0.041,0.023,0.095,0.097,0.101,0.104,0.078,0.088,0.127
0.073,0.019,0.038,0.136,0.130,0.135,0.031,0.004,0.185,0.655,0.101,0.142,0.114,0.046,0.006,0.006,0.033,0.020,0.050,0.108,0.129,0.092,0.081,0.081,0.086,0.118,0.015,0.043,0.045,0.100,0.061,0.038,0.036,0.033,0.024,0.000,0.001,0.081,0.065,0.038,0.087,0.027,0.001,0.082,0.046,0.108,0.108,0.041,0.026,0.012,0.036,0.010,0.051,0.047,0.240,0.224,0.148,0.088,0.078,0.060,0.038,0.019,0.005,0.015,0.032,0.020,0.054,0.040,0.087,0.012,0.095,0.050,0.014,0.028,0.104,0.132,0.219,0.741,0.288,0.350,0.389,0.322,0.559,0.217,0.381,0.343,0.215,0.150,0.064,0.078,0.057,0.053,0.093,0.035,0.064,0.074,0.043,0.024,0.119,0.121,0.136,0.130,0.109,0.100,0.116
0.023,0.095,0.161,0.279,0.278,0.304,0.180,0.137,0.081,0.457,0.014,0.056,0.009,0.062,0.005,0.006,0.004,0.030,0.003,0.028,0.072,0.039,0.058,0.076,0.099,0.136,0.012,0.013,0.030,0.081,0.031,0.032,0.030,0.009,0.024,0.001,0.000,0.035,0.055,0.050,0.080,0.048,0.038,0.035,0.016,0.039,0.034,0.017,0.010,0.038,0.013,0.032,0.020,0.095,0.217,0.190,0.094,0.068,0.069,0.019,0.018,0.013,0.021,0.066,0.077,0.056,0.088,0.083,0.149,0.050,0.180,0.145,0.063,0.099,0.038,0.049,0.160,0.656,0.220,0.291,0.398,0.280,0.495,0.099,0.371,0.308,0.155,0.121,0.079,0.080,0.036,0.098,0.036,0.068,0.092,0.101,0.008,0.028,0.099,0.089,0.126,0.103,0.086,0.041,0.031
0.044,0.114,0.183,0.298,0.311,0.375,0.273,0.225,0.016,0.211,0.093,0.036,0.084,0.038,0.017,0.026,0.016,0.053,0.021,0.002,0.048,0.023,0.043,0.067,0.077,0.105,0.025,0.039,0.074,0.089,0.039,0.032,0.007,0.031,0.100,0.081,0.035,0.000,0.017,0.086,0.053,0.085,0.081,0.000,0.047,0.002,0.004,0.044,0.039,0.056,0.029,0.047,0.047,0.116,0.200,0.191,0.098,0.080,0.090,0.029,0.004,0.003,0.001,0.046,0.057,0.037,0.088,0.086,0.138,0.028,0.151,0.126,0.041,0.084,0.038,0.040,0.142,0.649,0.205,0.257,0.416,0.244,0.611,0.182,0.539,0.457,0.263,0.233,0.020,0.029,0.046,0.038,0.142,0.025,0.040,0.052,0.004,0.031,0.059,0.060,0.106,0.084,0.087,0.029,0.006
0.101,0.183,0.260,0.393,0.414,0.488,0.371,0.315,0.071,0.115,0.157,0.063,0.154,0.059,0.006,0.022,0.022,0.072,0.052,0.051,0.005,0.025,0.021,0.046,0.072,0.083,0.013,0.013,0.044,0.069,0.014,0.026,0.002,0.037,0.086,0.065,0.055,0.017,0.000,0.017,0.083,0.051,0.056,0.033,0.066,0.032,0.033,0.063,0.041,0.054,0.041,0.050,0.062,0.113,0.173,0.149,0.046,0.044,0.059,0.015,0.058,0.035,0.035,0.096,0.101,0.073,0.117,0.121,0.192,0.089,0.227,0.198,0.109,0.139,0.013,0.018,0.103,0.582,0.155,0.225,0.384,0.226,0.528,0.119,0.466,0.408,0.242,0.236,0.006,0.015,0.006,0.114,0.051,0.045,0.088,0.094,0.048,0.072,0.021,0.002,0.052,0.031,0.032,0.055,0.094
0.002,0.106,0.195,0.353,0.386,0.463,0.354,0.292,0.047,0.192,0.108,0.011,0.107,0.022,0.058,0.083,0.098,0.144,0.094,0.078,0.024,0.034,0.001,0.031,0.035,0.061,0.056,0.015,0.003,0.069,0.041,0.053,0.011,0.001,0.014,0.038,0.050,0.086,0.017,0.000,0.040,0.074,0.077,0.045,0.140,0.101,0.114,0.148,0.134,0.165,0.158,0.183,0.189,0.243,0.334,0.293,0.165,0.148,0.164,0.083,0.022,0.036,0.036,0.040,0.064,0.052,0.109,0.131,0.190,0.090,0.215,0.174,0.057,0.088,0.075,0.090,0.223,0.755,0.303,0.385,0.511,0.370,0.511,0.171,0.395,0.397,0.259,0.243,0.048,0.111,0.032,0.029,0.013,0.105,0.135,0.147,0.064,0.098,0.020,0.007,0.051,0.026,0.044,0.040,0.092
0.072,0.038,0.148,0.308,0.375,0.483,0.426,0.365,0.159,0.009,0.171,0.102,0.201,0.043,0.041,0.069,0.100,0.132,0.042,0.011,0.037,0.067,0.070,0.106,0.042,0.049,0.098,0.059,0.046,0.010,0.017,0.012,0.081,0.071,0.044,0.087,0.080,0.053,0.083,0.040,0.000,0.092,0.057,0.065,0.109,0.078,0.124,0.155,0.165,0.211,0.208,0.264,0.269,0.330,0.432,0.394,0.263,0.221,0.230,0.149,0.083,0.065,0.066,0.010,0.060,0.081,0.181,0.212,0.223,0.102,0.180,0.114,0.022,0.005,0.177,0.212,0.349,0.912,0.422,0.497,0.662,0.488,0.554,0.207,0.437,0.444,0.278,0.234,0.093,0.146,0.033,0.004,0.038,0.111,0.164,0.176,0.091,0.112,0.017,0.025,0.120,0.104,0.175,0.097,0.011
0.029,0.127,0.228,0.377,0.441,0.551,0.502,0.448,0.236,0.182,0.263,0.184,0.306,0.070,0.008,0.031,0.056,0.100,0.038,0.038,0.016,0.027,0.047,0.065,0.026,0.027,0.063,0.053,0.024,0.008,0.039,0.032,0.069,0.046,0.006,0.027,0.048,0.085,0.051,0.074,0.092,0.000,0.006,0.002,0.106,0.082,0.103,0.118,0.111,0.135,0.134,0.171,0.190,0.237,0.299,0.269,0.154,0.136,0.147,0.061,0.007,0.007,0.007,0.067,0.097,0.104,0.197,0.219,0.238,0.110,0.202,0.149,0.035,0.055,0.088,0.100,0.233,0.751,0.285,0.358,0.547,0.360,0.569,0.183,0.495,0.480,0.299,0.271,0.031,0.073,0.019,0.061,0.053,0.078,0.138,0.148,0.099,0.119,0.021,0.016,0.068,0.061,0.127,0.030,0.059
0.003,0.085,0.180,0.313,0.378,0.502,0.475,0.426,0.249,0.266,0.256,0.206,0.308,0.027,0.043,0.061,0.082,0.119,0.051,0.050,0.000,0.028,0.031,0.049,0.003,0.015,0.054,0.045,0.008,0.002,0.047,0.046,0.063,0.040,0.029,0.001,0.038,0.081,0.056,0.077,0.057,0.006,0.000,0.015,0.127,0.112,0.133,0.141,0.142,0.158,0.148,0.185,0.207,0.255,0.296,0.290,0.189,0.170,0.185,0.103,0.058,0.052,0.055,0.010,0.043,0.056,0.166,0.186,0.181,0.051,0.125,0.082,0.027,0.000,0.127,0.134,0.249,0.761,0.301,0.349,0.568,0.351,0.601,0.168,0.557,0.502,0.277,0.244,0.017,0.022,0.013,0.081,0.108,0.028,0.115,0.127,0.098,0.118,0.035,0.023,0.067,0.058,0.151,0.060,0.053
0.067,0.128,0.200,0.300,0.340,0.446,0.405,0.364,0.199,0.216,0.233,0.197,0.263,0.026,0.021,0.027,0.024,0.060,0.029,0.033,0.020,0.026,0.046,0.054,0.020,0.043,0.019,0.006,0.053,0.029,0.026,0.028,0.019,0.013,0.097,0.082,0.035,0.000,0.033,0.045,0.065,0.002,0.015,0.000,0.004,0.019,0.037,0.055,0.055,0.054,0.029,0.047,0.064,0.115,0.137,0.159,0.088,0.080,0.094,0.030,0.008,0.009,0.014,0.029,0.040,0.032,0.120,0.119,0.131,0.009,0.093,0.077,0.001,0.035,0.053,0.043,0.135,0.594,0.167,0.195,0.429,0.208,0.608,0.111,0.601,0.479,0.228,0.207,0.030,0.072,0.009,0.140,0.161,0.047,0.048,0.055,0.053,0.067,0.010,0.006,0.081,0.067,0.137,0.046,0.051
0.068,0.124,0.189,0.276,0.306,0.394,0.353,0.323,0.186,0.126,0.227,0.225,0.226,0.077,0.033,0.026,0.029,0.005,0.049,0.076,0.140,0.147,0.122,0.084,0.035,0.056,0.034,0.034,0.085,0.070,0.012,0.007,0.020,0.006,0.072,0.046,0.016,0.047,0.066,0.140,0.109,0.106,0.127,0.004,0.000,0.046,0.015,0.009,0.016,0.026,0.002,0.032,0.050,0.112,0.141,0.168,0.097,0.076,0.084,0.021,0.003,0.013,0.014,0.052,0.070,0.071,0.150,0.139,0.146,0.024,0.092,0.070,0.009,0.033,0.058,0.057,0.144,0.622,0.181,0.198,0.446,0.207,0.688,0.158,0.646,0.493,0.197,0.137,0.002,0.095,0.025,0.069,0.260,0.126,0.028,0.014,0.026,0.014,0.073,0.124,0.197,0.204,0.243,0.210,0.136
0.113,0.158,0.208,0.276,0.300,0.399,0.373,0.348,0.251,0.297,0.276,0.312,0.261,0.054,0.018,0.009,0.014,0.031,0.034,0.068,0.164,0.168,0.111,0.085,0.063,0.102,0.107,0.108,0.165,0.135,0.079,0.054,0.050,0.060,0.137,0.108,0.039,0.002,0.032,0.101,0.078,0.082,0.112,0.019,0.046,0.000,0.015,0.026,0.029,0.026,0.001,0.013,0.038,0.063,0.046,0.114,0.056,0.033,0.064,0.007,0.008,0.022,0.004,0.041,0.057,0.054,0.133,0.126,0.124,0.029,0.076,0.079,0.006,0.056,0.014,0.011,0.079,0.530,0.113,0.095,0.380,0.117,0.765,0.185,0.742,0.545,0.193,0.134,0.065,0.201,0.082,0.022,0.386,0.248,0.132,0.117,0.107,0.096,0.127,0.177,0.230,0.241,0.275,0.280,0.192
0.103,0.132,0.158,0.209,0.216,0.307,0.274,0.245,0.167,0.149,0.196,0.263,0.115,0.013,0.015,0.020,0.001,0.047,0.020,0.085,0.155,0.093,0.062,0.058,0.053,0.106,0.135,0.147,0.213,0.179,0.126,0.086,0.079,0.076,0.145,0.108,0.034,0.004,0.033,0.114,0.124,0.103,0.133,0.037,0.015,0.015,0.000,0.038,0.041,0.030,0.017,0.017,0.002,0.013,0.018,0.098,0.059,0.026,0.073,0.030,0.025,0.011,0.034,0.003,0.012,0.007,0.061,0.062,0.064,0.004,0.027,0.045,0.021,0.043,0.011,0.008,0.050,0.482,0.089,0.030,0.329,0.059,0.814,0.178,0.771,0.517,0.100,0.032,0.064,0.260,0.102,0.012,0.492,0.346,0.222,0.201,0.179,0.164,0.171,0.223,0.246,0.253,0.241,0.292,0.274
0.067,0.085,0.100,0.135,0.146,0.241,0.233,0.217,0.185,0.234,0.211,0.330,0.113,0.013,0.002,0.010,0.036,0.004,0.082,0.125,0.129,0.066,0.022,0.016,0.006,0.041,0.076,0.085,0.150,0.111,0.061,0.023,0.016,0.013,0.071,0.041,0.017,0.044,0.063,0.148,0.155,0.118,0.141,0.055,0.009,0.026,0.038,0.000,0.044,0.008,0.037,0.019,0.016,0.018,0.053,0.081,0.084,0.054,0.089,0.060,0.071,0.045,0.062,0.040,0.020,0.004,0.046,0.044,0.023,0.036,0.043,0.026,0.087,0.031,0.061,0.055,0.081,0.433,0.085,0.010,0.336,0.061,0.703,0.013,0.661,0.362,0.098,0.142,0.029,0.205,0.016,0.118,0.456,0.313,0.191,0.164,0.132,0.122,0.126,0.182,0.219,0.241,0.239,0.345,0.387
0.119,0.126,0.121,0.137,0.134,0.216,0.202,0.183,0.156,0.103,0.192,0.312,0.025,0.048,0.032,0.022,0.031,0.072,0.020,0.005,0.065,0.024,0.019,0.022,0.004,0.046,0.091,0.097,0.157,0.124,0.075,0.041,0.022,0.017,0.046,0.026,0.010,0.039,0.041,0.134,0.165,0.111,0.142,0.055,0.016,0.029,0.041,0.044,0.000,0.019,0.007,0.038,0.010,0.032,0.159,0.024,0.016,0.008,0.017,0.010,0.030,0.004,0.021,0.002,0.016,0.029,0.038,0.046,0.038,0.003,0.027,0.007,0.057,0.008,0.018,0.008,0.029,0.287,0.006,0.088,0.265,0.003,0.512,0.267,0.481,0.075,0.394,0.373,0.125,0.163,0.164,0.306,0.409,0.307,0.220,0.197,0.175,0.172,0.177,0.233,0.263,0.274,0.232,0.326,0.389
0.074,0.082,0.070,0.086,0.089,0.170,0.166,0.147,0.141,0.046,0.163,0.307,0.069,0.073,0.064,0.071,0.094,0.006,0.058,0.064,0.092,0.049,0.026,0.023,0.004,0.034,0.074,0.092,0.151,0.129,0.085,0.041,0.007,0.008,0.007,0.012,0.038,0.056,0.054,0.165,0.211,0.135,0.158,0.054,0.026,0.026,0.030,0.008,0.019,0.000,0.049,0.014,0.050,0.010,0.143,0.005,0.059,0.017,0.036,0.047,0.059,0.016,0.023,0.011,0.019,0.047,0.050,0.057,0.039,0.007,0.039,0.029,0.083,0.041,0.050,0.057,0.060,0.275,0.025,0.085,0.263,0.009,0.502,0.310,0.419,0.031,0.534,0.504,0.175,0.150,0.170,0.272,0.477,0.352,0.265,0.228,0.205,0.193,0.192,0.246,0.272,0.285,0.248,0.358,0.436
0.049,0.065,0.064,0.095,0.103,0.191,0.179,0.152,0.134,0.039,0.140,0.279,0.030,0.047,0.039,0.043,0.073,0.048,0.124,0.162,0.152,0.101,0.059,0.053,0.034,0.084,0.120,0.158,0.230,0.211,0.168,0.103,0.070,0.042,0.074,0.036,0.013,0.029,0.041,0.158,0.208,0.134,0.148,0.029,0.002,0.001,0.017,0.037,0.007,0.049,0.000,0.016,0.017,0.029,0.096,0.091,0.096,0.027,0.066,0.076,0.070,0.024,0.044,0.029,0.009,0.030,0.058,0.065,0.047,0.006,0.017,0.006,0.069,0.014,0.045,0.068,0.061,0.390,0.090,0.050,0.263,0.003,0.844,0.105,0.675,0.318,0.249,0.306,0.039,0.273,0.088,0.080,0.685,0.492,0.363,0.310,0.274,0.243,0.225,0.275,0.285,0.297,0.269,0.379,0.447
0.077,0.094,0.082,0.113,0.107,0.171,0.141,0.110,0.067,0.183,0.086,0.193,0.118,0.081,0.059,0.057,0.082,0.029,0.093,0.136,0.150,0.085,0.057,0.052,0.043,0.094,0.135,0.193,0.269,0.276,0.230,0.147,0.090,0.045,0.053,0.010,0.032,0.047,0.050,0.183,0.264,0.171,0.185,0.047,0.032,0.013,0.017,0.019,0.038,0.014,0.016,0.000,0.002,0.056,0.113,0.090,0.070,0.007,0.025,0.033,0.029,0.007,0.003,0.022,0.049,0.058,0.061,0.067,0.072,0.031,0.023,0.029,0.027,0.037,0.001,0.032,0.024,0.392,0.077,0.081,0.225,0.028,0.941,0.128,0.649,0.230,0.422,0.464,0.090,0.278,0.116,0.168,0.787,0.572,0.460,0.391,0.360,0.310,0.281,0.321,0.311,0.315,0.257,0.351,0.422
0.089,0.114,0.110,0.154,0.145,0.210,0.166,0.132,0.062,0.157,0.090,0.179,0.070,0.046,0.018,0.014,0.041,0.010,0.066,0.127,0.145,0.076,0.050,0.049,0.055,0.121,0.165,0.231,0.317,0.318,0.268,0.179,0.132,0.084,0.118,0.051,0.020,0.047,0.062,0.189,0.269,0.190,0.207,0.064,0.050,0.038,0.002,0.016,0.010,0.050,0.017,0.002,0.000,0.034,0.031,0.142,0.077,0.007,0.060,0.038,0.027,0.005,0.017,0.013,0.034,0.031,0.048,0.052,0.067,0.016,0.040,0.054,0.006,0.074,0.020,0.007,0.012,0.493,0.107,0.023,0.261,0.014,1.134,0.448,0.900,0.594,0.019,0.176,0.047,0.368,0.298,0.360,0.834,0.608,0.468,0.406,0.370,0.314,0.279,0.312,0.291,0.289,0.234,0.310,0.360
0.097,0.117,0.106,0.143,0.120,0.158,0.100,0.072,0.023,0.353,0.039,0.095,0.140,0.069,0.032,0.035,0.065,0.000,0.036,0.072,0.107,0.020,0.001,0.008,0.007,0.048,0.096,0.156,0.238,0.252,0.191,0.110,0.047,0.001,0.011,0.047,0.095,0.116,0.113,0.243,0.330,0.237,0.255,0.115,0.112,0.063,0.013,0.018,0.032,0.010,0.029,0.056,0.034,0.000,0.004,0.134,0.067,0.016,0.038,0.002,0.010,0.002,0.017,0.043,0.046,0.036,0.028,0.022,0.053,0.007,0.026,0.030,0.018,0.064,0.012,0.002,0.029,0.512,0.104,0.012,0.316,0.033,0.913,0.133,0.676,0.285,0.335,0.425,0.135,0.222,0.074,0.096,0.658,0.480,0.389,0.342,0.329,0.281,0.251,0.289,0.263,0.262,0.183,0.247,0.304
0.144,0.148,0.123,0.134,0.105,0.098,0.053,0.048,0.037,0.499,0.062,0.113,0.148,0.206,0.165,0.177,0.199,0.105,0.113,0.111,0.143,0.028,0.002,0.042,0.073,0.065,0.041,0.016,0.082,0.151,0.076,0.006,0.121,0.170,0.224,0.240,0.217,0.200,0.173,0.334,0.432,0.299,0.296,0.137,0.141,0.046,0.018,0.053,0.159,0.143,0.096,0.113,0.031,0.004,0.000,0.001,0.012,0.053,0.126,0.146,0.089,0.093,0.165,0.176,0.152,0.143,0.093,0.067,0.105,0.027,0.045,0.013,0.010,0.047,0.008,0.017,0.084,0.512,0.077,0.049,0.425,0.116,0.612,0.417,0.169,0.333,1.062,1.009,0.520,0.075,0.318,0.270,0.506,0.340,0.346,0.281,0.307,0.258,0.241,0.294,0.282,0.302,0.202,0.286,0.376
0.160,0.163,0.112,0.115,0.080,0.080,0.038,0.025,0.054,0.560,0.030,0.066,0.275,0.169,0.102,0.094,0.078,0.032,0.022,0.027,0.028,0.050,0.051,0.063,0.092,0.078,0.048,0.006,0.043,0.106,0.050,0.009,0.118,0.155,0.225,0.224,0.190,0.191,0.149,0.293,0.394,0.269,0.290,0.159,0.168,0.114,0.098,0.081,0.024,0.005,0.091,0.090,0.142,0.134,0.001,0.000,0.018,0.023,0.043,0.115,0.053,0.040,0.119,0.155,0.129,0.123,0.048,0.043,0.083,0.036,0.020,0.003,0.033,0.012,0.011,0.018,0.083,0.303,0.015,0.038,0.351,0.110,0.064,1.033,0.187,0.789,1.302,1.129,0.581,0.162,0.603,0.722,0.277,0.209,0.267,0.208,0.258,0.220,0.231,0.269,0.271,0.267,0.164,0.234,0.312
0.158,0.162,0.097,0.109,0.059,0.054,0.014,0.052,0.167,0.836,0.111,0.145,0.423,0.103,0.025,0.004,0.023,0.095,0.096,0.074,0.006,0.053,0.028,0.017,0.042,0.032,0.005,0.013,0.033,0.084,0.042,0.021,0.077,0.092,0.175,0.148,0.094,0.098,0.046,0.165,0.263,0.154,0.189,0.088,0.097,0.056,0.059,0.084,0.016,0.059,0.096,0.070,0.077,0.067,0.012,0.018,0.000,0.007,0.005,0.038,0.043,0.017,0.060,0.110,0.101,0.085,0.009,0.023,0.078,0.062,0.042,0.023,0.007,0.027,0.003,0.004,0.084,0.243,0.007,0.051,0.274,0.140,0.339,1.287,0.406,0.939,1.273,1.089,0.585,0.229,0.831,1.101,0.062,0.011,0.126,0.129,0.246,0.240,0.275,0.290,0.282,0.241,0.135,0.164,0.213
0.127,0.142,0.115,0.134,0.086,0.097,0.019,0.018,0.151,0.703,0.076,0.100,0.339,0.068,0.006,0.011,0.008,0.072,0.082,0.061,0.004,0.050,0.030,0.019,0.039,0.017,0.025,0.032,0.068,0.083,0.032,0.013,0.050,0.057,0.094,0.088,0.068,0.080,0.044,0.148,0.221,0.136,0.170,0.080,0.076,0.033,0.026,0.054,0.008,0.017,0.027,0.007,0.007,0.016,0.053,0.023,0.007,0.000,0.001,0.026,0.018,0.001,0.036,0.067,0.061,0.042,0.008,0.001,0.050,0.016,0.017,0.009,0.031,0.025,0.009,0.008,0.059,0.344,0.027,0.019,0.290,0.103,0.076,0.779,0.009,0.454,0.858,0.764,0.409,0.092,0.558,0.757,0.071,0.075,0.101,0.111,0.190,0.213,0.246,0.290,0.271,0.233,0.126,0.148,0.187
0.149,0.154,0.125,0.131,0.099,0.133,0.083,0.054,0.036,0.459,0.027,0.045,0.295,0.088,0.025,0.000,0.014,0.096,0.098,0.086,0.012,0.053,0.032,0.021,0.043,0.016,0.028,0.034,0.076,0.077,0.029,0.006,0.047,0.054,0.079,0.078,0.069,0.090,0.059,0.164,0.230,0.147,0.185,0.094,0.084,0.064,0.073,0.089,0.017,0.036,0.066,0.025,0.060,0.038,0.126,0.043,0.005,0.001,0.000,0.044,0.004,0.004,0.044,0.072,0.067,0.061,0.009,0.021,0.052,0.023,0.007,0.006,0.049,0.005,0.016,0.001,0.048,0.258,0.020,0.077,0.284,0.063,0.104,0.780,0.064,0.435,0.864,0.753,0.370,0.039,0.504,0.712,0.157,0.141,0.140,0.134,0.170,0.180,0.211,0.264,0.277,0.261,0.162,0.207,0.252
0.120,0.122,0.076,0.073,0.043,0.079,0.033,0.011,0.094,0.671,0.072,0.103,0.468,0.088,0.016,0.027,0.058,0.109,0.124,0.096,0.020,0.034,0.000,0.019,0.015,0.007,0.026,0.004,0.016,0.000,0.029,0.016,0.063,0.049,0.094,0.060,0.019,0.029,0.015,0.083,0.149,0.061,0.103,0.030,0.021,0.007,0.030,0.060,0.010,0.047,0.076,0.033,0.038,0.002,0.146,0.115,0.038,0.026,0.044,0.000,0.019,0.010,0.037,0.060,0.071,0.074,0.003,0.031,0.057,0.060,0.018,0.025,0.067,0.062,0.049,0.027,0.068,0.099,0.071,0.117,0.228,0.081,0.366,1.203,0.244,0.793,1.079,0.897,0.454,0.143,0.770,1.105,0.124,0.029,0.011,0.042,0.107,0.152,0.214,0.258,0.290,0.255,0.165,0.194,0.228
0.127,0.157,0.127,0.119,0.065,0.086,0.009,0.051,0.196,0.908,0.164,0.266,0.524,0.041,0.040,0.079,0.094,0.134,0.167,0.139,0.062,0.062,0.008,0.025,0.006,0.007,0.021,0.023,0.028,0.055,0.078,0.035,0.070,0.037,0.084,0.038,0.018,0.004,0.058,0.022,0.083,0.007,0.058,0.008,0.003,0.008,0.025,0.071,0.030,0.059,0.070,0.029,0.027,0.010,0.089,0.053,0.043,0.018,0.004,0.019,0.000,0.010,0.000,0.045,0.061,0.046,0.029,0.009,0.058,0.075,0.001,0.008,0.053,0.057,0.047,0.007,0.074,0.143,0.042,0.063,0.237,0.119,0.432,1.185,0.290,0.758,0.990,0.824,0.455,0.196,0.846,1.212,0.311,0.178,0.137,0.079,0.012,0.092,0.206,0.245,0.283,0.211,0.115,0.102,0.108
0.110,0.134,0.148,0.151,0.124,0.166,0.108,0.069,0.067,0.537,0.001,0.066,0.345,0.054,0.021,0.049,0.057,0.102,0.147,0.138,0.064,0.060,0.010,0.015,0.026,0.022,0.010,0.040,0.025,0.069,0.105,0.073,0.082,0.045,0.054,0.019,0.013,0.003,0.035,0.036,0.065,0.007,0.052,0.009,0.013,0.022,0.011,0.045,0.004,0.016,0.024,0.007,0.005,0.002,0.093,0.040,0.017,0.001,0.004,0.010,0.010,0.000,0.015,0.037,0.052,0.045,0.006,0.019,0.050,0.032,0.038,0.035,0.082,0.065,0.060,0.018,0.082,0.236,0.013,0.030,0.286,0.114,0.136,0.878,0.029,0.448,0.737,0.619,0.351,0.116,0.656,0.964,0.164,0.105,0.116,0.079,0.042,0.020,0.123,0.196,0.277,0.243,0.142,0.129,0.116
0.142,0.148,0.134,0.119,0.097,0.156,0.126,0.095,0.024,0.331,0.071,0.042,0.434,0.050,0.037,0.085,0.106,0.142,0.199,0.177,0.091,0.062,0.009,0.018,0.015,0.006,0.034,0.011,0.007,0.046,0.080,0.050,0.058,0.025,0.035,0.005,0.021,0.001,0.035,0.036,0.066,0.007,0.055,0.014,0.014,0.004,0.034,0.062,0.021,0.023,0.044,0.003,0.017,0.017,0.165,0.119,0.060,0.036,0.044,0.037,0.000,0.015,0.000,0.017,0.035,0.048,0.019,0.022,0.031,0.043,0.054,0.035,0.068,0.062,0.032,0.007,0.041,0.101,0.088,0.113,0.234,0.053,0.203,0.965,0.039,0.520,0.807,0.664,0.338,0.076,0.660,0.995,0.119,0.045,0.054,0.018,0.003,0.060,0.130,0.180,0.253,0.223,0.152,0.161,0.152
