0.000,0.220,0.684,1.106,0.607,2.503,2.887,1.846,3.565,3.487,2.485,2.476,3.642,3.825,4.241,4.671,4.977,5.234,3.675,2.735,4.794,4.749,4.013,4.326,4.142,4.272,4.267,4.554,4.628,4.926,5.436,5.483,5.897,6.828,6.282,4.788,4.856,2.951,2.117,1.749,2.903,3.997,2.391,3.144,1.209,1.331,1.400,3.598,2.870,3.860,1.099,3.474,3.181,1.444,0.400,2.041,2.466,0.551,4.672,2.170,2.115,3.883,2.074,1.560,2.611,2.124,1.012,1.431,1.429,1.920,2.219,2.551,3.260,3.004,2.289,2.028,1.180,0.810,0.246,0.371,0.381,0.748,0.492,0.172,0.068,1.036,2.504,4.290,0.832,0.364,2.780,0.013,1.145,0.344,0.692,0.823,1.906,3.472,0.748,2.843,1.937,0.376
0.220,0.000,0.510,0.557,0.486,2.255,3.419,2.170,3.142,3.169,2.592,1.791,2.408,2.737,3.023,2.878,2.842,3.177,1.797,0.923,2.954,2.476,2.129,2.095,1.686,1.956,2.211,2.043,1.855,2.420,2.841,3.328,3.445,4.045,4.009,2.249,1.922,0.042,0.849,1.372,0.224,0.950,0.441,0.109,1.788,4.078,4.217,6.346,5.340,6.567,4.183,5.961,5.236,4.299,1.934,0.938,0.112,1.849,5.865,4.645,2.436,4.021,2.182,1.364,2.664,2.496,1.231,1.434,1.704,2.545,2.761,2.968,3.930,4.011,3.153,3.159,2.452,2.279,1.552,1.408,1.139,1.424,0.869,0.361,0.003,1.079,2.531,3.555,0.790,0.445,2.004,0.390,1.061,0.223,0.604,0.626,1.146,2.718,0.918,1.647,0.201,1.672
0.684,0.510,0.000,0.769,0.080,0.588,1.493,0.429,1.347,1.317,0.589,0.433,1.103,1.243,1.559,1.886,2.183,2.542,1.304,0.499,2.404,2.402,1.526,1.895,1.805,1.715,2.339,2.037,2.314,2.460,3.033,3.246,4.084,5.047,5.302,3.813,3.897,1.982,0.563,0.399,1.435,2.191,0.522,1.286,0.391,2.676,3.447,5.686,4.800,5.533,2.696,5.528,3.676,2.895,0.556,0.453,1.839,0.572,4.683,3.042,1.946,4.402,2.446,1.650,3.140,2.961,1.580,1.879,2.174,3.059,3.332,3.633,4.570,4.655,3.827,3.789,2.951,2.672,1.894,1.868,1.602,1.715,1.181,0.566,0.195,1.054,2.614,3.674,0.798,0.459,2.268,0.441,1.088,0.261,0.495,0.684,1.179,2.352,0.721,1.185,0.129,1.123
1.106,0.557,0.769,0.000,0.037,0.705,3.006,0.825,1.869,2.225,1.772,0.498,0.899,1.420,1.609,1.196,1.095,1.602,0.530,0.114,1.719,1.096,0.859,0.767,0.350,0.500,1.206,0.478,0.298,0.826,1.185,2.069,2.067,2.442,2.850,0.777,0.545,1.587,2.726,2.885,1.734,0.557,1.722,1.364,3.028,5.184,6.105,8.205,7.186,8.494,5.740,8.068,5.531,5.323,2.754,2.125,0.412,2.331,5.962,5.150,2.318,4.252,2.088,0.922,2.672,2.566,0.921,1.068,1.534,2.725,2.988,3.351,4.541,4.902,3.861,3.968,3.182,3.007,1.992,1.641,1.119,1.134,0.388,0.373,0.854,2.194,3.742,4.172,1.938,1.437,2.532,1.689,0.172,0.435,0.443,1.509,1.442,2.639,1.420,1.327,0.389,2.277
0.607,0.486,0.080,0.037,0.000,0.902,3.299,1.192,2.227,2.505,2.147,0.682,1.072,1.582,1.806,1.262,1.040,1.480,0.285,0.323,1.633,0.818,0.684,0.625,0.230,0.420,1.154,0.344,0.088,0.585,0.911,1.932,1.585,2.042,2.396,0.375,0.257,1.840,3.167,3.099,1.994,0.816,1.865,1.576,3.136,5.335,6.520,8.479,7.692,8.930,5.828,8.423,5.241,5.319,2.902,2.192,0.400,1.724,4.901,4.436,1.159,3.426,1.231,0.181,2.034,1.971,0.277,0.504,1.041,2.307,2.637,2.967,4.153,4.621,3.566,3.748,2.970,2.834,1.711,1.325,0.717,0.790,0.038,0.855,1.320,2.674,4.353,4.986,2.544,2.036,3.287,2.465,0.656,1.456,1.576,2.688,2.471,3.604,0.711,1.876,0.017,1.775
2.503,2.255,0.588,0.705,0.902,0.000,0.041,0.753,0.325,0.287,0.603,0.890,0.443,0.440,0.624,0.647,0.844,1.895,1.677,1.496,3.285,2.253,1.806,1.984,1.727,0.898,1.873,0.770,1.216,1.559,1.907,3.628,3.325,3.362,4.329,1.680,1.834,1.188,3.180,2.012,0.654,0.725,0.315,0.066,1.324,3.471,6.967,8.959,8.622,8.993,4.615,9.756,3.378,4.012,1.295,0.065,1.193,0.759,2.782,1.797,0.494,2.461,0.060,0.787,1.332,1.081,0.857,0.329,0.239,1.603,2.242,2.798,3.872,4.488,3.448,3.617,2.535,2.237,0.703,0.380,0.352,0.332,1.173,2.126,2.411,4.055,5.971,7.336,4.234,3.350,5.221,3.924,2.105,2.905,3.364,4.911,4.816,5.846,1.909,4.259,2.051,0.723
2.887,3.419,1.493,3.006,3.299,0.041,0.000,0.852,0.695,0.073,0.681,0.520,0.022,0.165,0.520,0.347,0.222,1.117,1.306,1.404,3.107,1.552,1.330,1.622,1.576,0.765,3.068,0.581,0.807,0.751,1.063,3.685,2.377,2.504,3.495,0.722,1.435,1.377,3.190,1.969,1.030,0.283,0.287,0.423,0.960,2.643,7.026,8.562,8.192,8.049,4.167,9.163,1.474,2.879,0.152,0.759,2.691,2.112,1.127,0.678,2.548,0.404,2.314,3.543,0.998,1.217,3.545,3.067,2.293,0.553,0.173,0.938,2.201,3.182,1.993,2.332,1.128,0.902,1.012,1.573,2.649,2.968,4.035,5.257,5.663,7.554,9.529,10.041,7.730,6.712,7.997,7.515,5.336,5.786,6.605,7.901,7.156,7.734,3.222,5.724,3.378,1.947
1.846,2.170,0.429,0.825,1.192,0.753,0.852,0.000,0.373,0.544,0.074,0.071,0.444,0.348,0.755,0.847,0.993,1.263,0.187,0.349,1.576,1.096,0.372,0.971,1.161,1.020,2.786,1.269,1.418,1.193,1.772,2.897,2.608,3.698,4.051,2.262,2.895,0.973,0.665,0.121,0.583,1.311,0.543,0.540,0.432,2.581,4.765,6.444,6.314,6.270,2.708,6.971,1.783,2.027,0.109,0.800,2.978,1.538,1.834,1.016,1.487,1.985,0.446,1.381,0.874,0.817,1.117,0.665,0.008,1.416,1.934,2.444,3.605,4.250,3.187,3.372,2.346,2.091,0.737,0.478,0.241,0.400,1.276,2.289,2.757,4.317,6.190,6.913,4.277,3.868,5.549,4.398,2.646,3.599,3.788,4.726,4.527,5.061,1.202,2.743,1.371,0.433
3.565,3.142,1.347,1.869,2.227,0.325,0.695,0.373,0.000,0.164,0.326,0.520,0.854,0.200,0.019,0.194,0.081,0.735,0.518,0.456,2.287,0.967,0.544,1.034,1.162,0.393,2.364,0.329,0.713,0.582,1.066,3.312,2.154,2.743,3.632,1.404,1.969,0.432,2.551,1.275,0.514,0.525,0.161,0.213,0.846,2.871,7.046,8.144,8.901,7.397,3.280,8.961,1.495,2.467,0.273,0.939,2.347,2.590,0.685,0.021,2.709,0.744,1.826,2.677,0.186,0.351,2.559,1.895,1.100,0.557,1.374,2.005,3.114,4.099,3.015,3.380,2.182,1.942,0.034,0.380,1.416,1.580,2.632,3.842,4.157,6.002,8.151,9.495,6.385,5.427,7.420,6.331,4.478,5.286,6.140,7.682,7.063,7.546,3.220,5.209,2.917,1.859
3.487,3.169,1.317,2.225,2.505,0.287,0.073,0.544,0.164,0.000,0.417,0.205,0.386,0.048,0.214,0.283,0.414,0.631,1.130,1.497,3.002,1.123,1.103,1.494,1.589,0.616,2.952,0.282,0.569,0.348,0.614,3.400,1.689,1.869,2.943,0.461,1.247,1.272,3.258,1.747,1.076,0.153,0.481,0.452,0.657,2.396,7.459,8.081,8.806,7.232,3.290,8.714,0.702,1.968,0.205,1.146,2.746,3.372,0.206,0.851,3.726,0.539,3.343,4.394,1.709,2.062,4.558,3.841,3.024,1.198,0.222,0.652,1.808,2.968,1.806,2.215,0.861,0.599,1.680,2.277,3.527,3.845,4.956,6.276,6.466,8.540,10.725,12.092,9.101,7.678,9.513,8.597,6.546,6.976,8.272,10.006,9.084,9.348,4.697,7.297,4.572,3.198
2.485,2.592,0.589,1.772,2.147,0.603,0.681,0.074,0.326,0.417,0.000,0.166,0.179,0.046,0.117,0.236,0.044,0.430,0.056,0.195,1.417,0.475,0.016,0.674,1.033,0.677,3.154,0.722,0.856,0.437,0.960,2.839,1.798,2.688,3.384,1.324,2.125,0.088,1.702,0.602,0.090,0.723,0.660,0.079,0.357,2.379,5.859,6.722,7.533,6.285,2.520,7.625,0.459,1.173,0.423,1.080,3.400,3.121,0.071,0.573,3.498,0.120,2.734,3.867,1.018,1.203,3.715,3.043,2.139,0.282,0.579,1.430,2.673,3.805,2.589,2.918,1.597,1.289,0.723,1.218,2.374,2.831,3.948,5.326,5.704,7.748,9.997,10.591,8.110,7.157,8.891,8.239,6.200,6.737,7.962,9.073,7.851,7.726,3.184,4.965,3.103,2.080
2.476,1.791,0.433,0.498,0.682,0.890,0.520,0.071,0.520,0.205,0.166,0.000,0.337,0.172,0.396,0.329,0.388,0.301,1.105,1.582,0.294,0.087,0.847,0.088,0.611,0.700,3.149,1.023,1.016,0.398,1.011,1.934,1.394,2.819,3.071,1.694,2.616,1.219,0.336,0.414,0.654,1.100,0.903,0.461,0.006,2.102,4.514,5.347,6.288,4.823,1.446,5.925,0.017,0.500,0.784,1.334,3.799,3.376,0.470,0.906,3.893,0.078,2.407,3.070,0.587,0.539,2.590,1.927,1.086,0.528,1.223,1.713,2.851,3.831,2.735,3.098,2.014,1.816,0.196,0.088,1.026,1.210,2.252,3.415,3.862,5.431,7.444,8.374,5.562,5.291,7.370,5.944,4.560,5.868,6.037,6.730,6.584,6.656,2.521,3.212,2.019,1.572
3.642,2.408,1.103,0.899,1.072,0.443,0.022,0.444,0.854,0.386,0.179,0.337,0.000,0.680,0.413,0.291,0.077,0.191,0.810,0.835,1.236,0.092,0.494,0.552,1.114,0.777,3.522,0.890,0.978,0.262,0.746,2.364,1.085,2.239,2.680,1.193,2.197,0.533,1.223,0.000,0.279,0.952,1.248,0.377,0.246,1.641,5.633,5.947,7.607,5.019,1.366,6.451,0.446,0.396,0.974,1.923,3.653,4.588,1.545,2.098,4.741,1.145,3.573,4.033,1.691,1.821,3.843,3.020,2.216,0.629,0.261,0.750,1.712,2.799,1.816,2.321,1.166,1.049,0.892,1.194,2.274,2.299,3.388,4.539,4.809,6.389,8.445,10.269,6.753,6.176,8.740,6.791,5.513,6.716,7.163,8.490,8.816,9.223,4.786,5.683,3.916,3.325
3.825,2.737,1.243,1.420,1.582,0.440,0.165,0.348,0.200,0.048,0.046,0.172,0.680,0.000,0.130,0.564,0.672,0.441,0.692,1.124,2.762,0.804,0.759,1.375,1.621,0.584,2.377,0.212,0.617,0.285,0.540,2.748,1.224,1.617,2.584,0.688,1.410,0.703,2.688,1.163,0.676,0.380,0.648,0.164,0.293,2.145,7.226,7.067,8.793,6.016,2.211,7.416,0.389,1.296,0.085,1.467,2.448,4.078,0.994,1.923,4.070,0.780,3.318,3.931,1.494,1.859,4.103,3.216,2.457,0.813,0.263,0.973,1.891,3.012,2.028,2.494,1.168,0.939,1.366,1.798,2.986,3.046,4.095,5.296,5.345,7.207,9.332,11.789,7.878,6.597,9.058,7.348,5.764,6.528,7.569,9.343,9.356,9.766,5.537,7.969,5.044,3.875
4.241,3.023,1.559,1.609,1.806,0.624,0.520,0.755,0.019,0.214,0.117,0.396,0.413,0.130,0.000,0.642,0.151,0.098,0.122,0.052,1.625,0.271,0.302,0.981,1.843,1.190,3.443,1.194,1.462,0.589,1.122,2.578,1.378,2.414,3.104,1.724,2.662,1.067,0.617,0.794,0.929,1.583,2.121,1.101,1.277,0.645,4.849,4.265,6.502,3.512,0.061,4.770,1.467,1.141,1.464,2.761,3.983,5.929,2.880,3.986,5.635,2.064,4.520,4.845,2.405,2.756,4.945,3.853,3.030,1.394,0.150,0.525,1.254,2.516,1.685,2.264,0.812,0.605,1.846,2.098,3.371,3.446,4.529,5.779,5.782,7.583,9.713,12.573,8.296,7.246,10.269,7.883,6.648,7.599,8.475,9.960,10.882,11.074,6.851,8.272,6.035,5.232
4.671,2.878,1.886,1.196,1.262,0.647,0.347,0.847,0.194,0.283,0.236,0.329,0.291,0.564,0.642,0.000,0.571,0.218,1.104,1.176,0.684,0.107,1.345,0.599,1.974,1.382,3.203,1.989,2.249,0.884,1.570,1.819,1.351,2.802,3.197,2.511,3.591,2.419,0.987,2.348,2.299,2.672,3.315,2.198,2.538,0.567,3.124,2.329,4.827,1.488,1.951,2.539,2.279,2.416,2.200,3.829,4.475,7.122,4.023,5.459,6.050,2.389,4.274,4.049,2.086,2.228,3.831,2.737,1.953,0.599,0.564,0.813,1.224,2.330,1.840,2.563,1.328,1.299,0.862,0.819,1.921,1.679,2.741,3.829,3.928,5.323,7.300,9.882,5.883,5.406,8.346,5.940,5.077,6.524,6.726,7.805,9.244,9.936,7.852,6.528,5.758,6.065
4.977,2.842,2.183,1.095,1.040,0.844,0.222,0.993,0.081,0.414,0.044,0.388,0.077,0.672,0.151,0.571,0.000,0.517,1.052,0.680,1.847,0.014,0.946,0.890,2.053,0.597,1.755,0.914,1.710,0.470,1.026,1.330,0.741,1.906,2.445,1.878,2.812,1.534,0.029,1.324,1.370,1.990,2.462,1.431,1.745,0.004,4.579,3.542,5.728,2.247,1.115,3.172,1.319,0.829,1.450,3.403,3.155,6.019,3.355,4.697,5.309,2.045,3.730,3.512,1.801,1.892,3.269,2.329,1.617,0.402,0.612,0.673,1.058,1.959,1.545,2.279,1.290,1.433,0.526,0.526,1.543,1.061,2.133,3.094,3.245,4.444,6.318,8.780,4.942,4.537,7.064,5.092,4.221,5.703,5.774,6.930,8.159,9.148,7.436,6.569,5.271,5.666
5.234,3.177,2.542,1.602,1.480,1.895,1.117,1.263,0.735,0.631,0.430,0.301,0.191,0.441,0.098,0.218,0.517,0.000,0.572,0.836,2.938,0.393,0.151,1.108,1.774,1.073,0.036,1.137,0.748,0.631,1.159,1.036,1.090,1.717,2.691,2.152,2.428,1.092,0.629,0.496,0.598,1.323,1.024,0.617,0.611,1.128,5.250,4.043,6.227,2.793,0.440,3.556,0.200,0.466,0.266,2.610,1.388,4.650,2.281,3.671,4.237,1.033,2.660,2.473,0.711,0.759,2.167,1.211,0.416,0.828,1.916,1.927,2.207,3.104,2.821,3.613,2.662,2.866,0.782,0.725,0.375,0.136,0.995,2.044,2.164,3.502,5.486,8.006,4.219,3.550,5.918,4.456,3.485,4.830,5.234,6.509,7.202,8.020,6.209,6.276,4.268,4.524
3.675,1.797,1.304,0.530,0.285,1.677,1.306,0.187,0.518,1.130,0.056,1.105,0.810,0.692,0.122,1.104,1.052,0.572,0.000,0.027,1.446,0.388,0.356,0.010,0.696,2.356,3.237,2.943,1.375,0.060,0.288,1.092,0.982,0.967,2.257,1.485,0.858,0.644,2.640,1.977,1.540,0.752,2.557,1.615,2.757,4.876,7.776,6.897,8.922,5.573,2.520,6.115,3.134,4.055,2.980,0.295,1.990,1.125,1.274,0.215,1.021,2.124,0.510,0.521,2.313,2.369,0.916,1.718,2.509,3.771,4.656,4.639,5.108,5.877,5.417,6.023,5.256,5.326,3.573,3.320,2.394,2.902,1.828,0.804,0.626,0.801,2.849,5.193,1.520,0.689,2.837,1.830,0.664,1.917,2.539,3.904,4.001,4.853,2.291,3.288,0.634,0.486
2.735,0.923,0.499,0.114,0.323,1.496,1.404,0.349,0.456,1.497,0.195,1.582,0.835,1.124,0.052,1.176,0.680,0.836,0.027,0.000,1.146,0.370,1.241,0.496,1.894,2.731,5.359,3.154,1.854,0.218,0.176,2.355,0.406,0.337,1.572,1.210,0.183,0.949,2.645,2.237,1.856,1.208,3.578,1.988,3.569,5.943,6.888,6.005,8.308,5.298,2.442,5.555,4.074,4.301,4.260,1.262,3.847,0.018,2.248,0.889,0.258,3.317,1.935,2.125,3.796,3.890,2.587,3.442,4.255,5.415,6.337,6.200,6.447,7.101,6.854,7.447,6.829,6.944,5.275,4.987,4.108,4.725,3.671,2.653,2.549,1.117,0.950,3.397,0.207,1.153,0.970,0.223,0.803,0.401,1.226,2.482,2.371,2.957,0.909,1.557,0.998,0.833
4.794,2.954,2.404,1.719,1.633,3.285,3.107,1.576,2.287,3.002,1.417,0.294,1.236,2.762,1.625,0.684,1.847,2.938,1.446,1.146,0.000,0.610,0.011,0.229,0.100,0.759,3.050,0.367,0.860,2.234,3.192,0.666,2.762,3.386,4.113,3.750,3.100,2.034,0.353,0.750,0.920,1.442,0.718,0.376,0.972,3.704,4.323,3.682,5.997,2.823,0.227,3.257,1.699,1.584,1.806,1.504,1.090,2.596,0.133,1.273,1.784,1.797,0.491,0.835,2.633,2.973,1.666,2.616,3.645,4.960,5.915,5.598,5.776,6.628,6.515,7.344,6.751,6.971,5.213,5.046,4.003,4.465,3.231,2.000,1.744,0.207,2.104,4.659,0.763,0.022,2.547,1.610,0.660,2.043,2.853,4.090,3.924,4.285,2.386,2.220,0.014,0.583
4.749,2.476,2.402,1.096,0.818,2.253,1.552,1.096,0.967,1.123,0.475,0.087,0.092,0.804,0.271,0.107,0.014,0.393,0.388,0.370,0.610,0.000,0.019,0.658,0.936,3.174,2.996,2.917,1.150,0.545,0.649,1.057,0.444,0.771,1.886,2.325,1.675,0.900,0.568,0.054,0.013,0.409,0.986,0.477,0.991,2.442,4.381,3.336,5.401,2.318,0.330,2.602,1.382,2.056,1.443,1.280,1.721,2.344,0.798,2.104,2.248,0.607,0.423,0.098,1.411,1.617,0.764,1.644,2.488,3.427,4.387,3.900,3.807,4.375,4.540,5.406,4.904,5.509,3.921,3.983,2.976,3.881,2.645,1.674,1.434,0.396,1.541,3.725,0.427,0.034,1.971,1.318,0.653,2.135,2.422,3.470,3.764,4.631,3.497,2.746,0.910,1.925
4.013,2.129,1.526,0.859,0.684,1.806,1.330,0.372,0.544,1.103,0.016,0.847,0.494,0.759,0.302,1.345,0.946,0.151,0.356,1.241,0.011,0.019,0.000,0.195,0.256,3.195,2.968,2.767,0.731,0.322,0.524,0.814,0.700,0.957,2.203,1.925,1.442,0.297,1.381,0.532,0.317,0.260,1.098,0.394,1.091,3.144,5.452,4.210,6.813,3.504,0.433,3.998,1.741,1.825,1.970,0.792,1.382,2.495,0.298,1.999,2.027,1.175,0.267,0.025,1.772,1.781,0.426,1.449,2.320,3.526,4.705,4.621,4.679,5.508,5.457,6.272,5.428,5.675,3.521,3.413,2.293,2.834,1.703,0.582,0.546,0.936,3.023,5.595,1.938,0.993,3.291,2.295,1.334,2.549,3.334,4.571,4.744,5.164,3.671,3.738,1.666,2.165
4.326,2.095,1.895,0.767,0.625,1.984,1.622,0.971,1.034,1.494,0.674,0.088,0.552,1.375,0.981,0.599,0.890,1.108,0.010,0.496,0.229,0.658,0.195,0.000,0.157,1.329,2.713,1.169,0.145,1.264,0.965,1.150,0.053,0.791,1.537,2.001,1.632,1.134,0.045,0.578,0.564,0.915,0.278,0.438,0.142,1.897,3.054,1.812,4.327,1.408,1.211,1.560,0.761,0.606,1.184,1.418,1.264,3.012,1.456,3.163,2.673,0.112,0.863,0.236,1.008,1.121,0.321,1.273,2.057,2.915,3.934,3.479,3.277,3.793,4.027,4.849,4.346,4.927,3.301,3.400,2.434,3.362,2.203,1.280,1.148,0.138,1.751,4.133,0.738,0.318,2.411,1.513,0.980,2.431,2.773,3.723,4.199,4.829,4.189,2.938,1.624,2.869
4.142,1.686,1.805,0.350,0.230,1.727,1.576,1.161,1.162,1.589,1.033,0.611,1.114,1.621,1.843,1.974,2.053,1.774,0.696,1.894,0.100,0.936,0.256,0.157,0.000,0.247,2.489,0.059,0.457,1.337,0.820,1.711,0.910,0.255,0.581,1.374,1.153,1.074,0.249,0.582,0.349,0.604,0.269,0.127,0.353,1.815,2.345,1.280,3.399,0.849,1.429,0.766,0.569,0.653,0.995,1.332,1.362,2.908,1.686,3.063,2.832,0.412,1.186,0.485,0.435,0.591,0.090,0.877,1.519,2.182,2.950,2.351,2.222,2.536,2.696,3.401,3.100,3.709,2.606,2.730,2.004,3.158,2.063,1.371,1.138,0.507,1.151,3.291,0.085,0.072,1.913,0.985,0.655,2.271,2.184,2.961,3.749,4.778,4.263,2.505,1.458,2.876
4.272,1.956,1.715,0.500,0.420,0.898,0.765,1.020,0.393,0.616,0.677,0.700,0.777,0.584,1.190,1.382,0.597,1.073,2.356,2.731,0.759,3.174,3.195,1.329,0.247,0.000,0.394,0.268,0.070,1.369,0.790,1.271,1.795,0.210,0.272,0.560,1.144,0.907,0.015,0.895,0.404,0.499,1.384,0.346,1.159,0.095,2.524,0.849,3.295,0.509,1.900,0.715,1.371,1.518,0.632,2.164,1.423,5.126,3.841,5.395,5.089,2.594,3.752,3.201,2.041,2.167,2.997,2.093,1.523,0.687,0.295,0.055,0.070,0.665,0.614,1.380,0.708,1.156,0.562,0.419,1.317,0.403,1.429,2.149,2.223,2.964,4.518,6.806,3.465,3.332,5.399,3.784,3.341,4.864,4.736,5.477,6.850,7.679,7.410,5.085,4.992,6.306
4.267,2.211,2.339,1.206,1.154,1.873,3.068,2.786,2.364,2.952,3.154,3.149,3.522,2.377,3.443,3.203,1.755,0.036,3.237,5.359,3.050,2.996,2.968,2.713,2.489,0.394,0.000,0.167,0.975,1.143,0.273,1.727,1.388,0.912,0.780,0.993,1.307,1.807,1.142,0.665,0.413,0.756,0.638,1.503,1.706,3.424,2.549,1.874,3.013,0.815,0.667,0.907,1.241,0.079,0.331,1.245,1.195,4.340,2.511,1.692,5.148,2.113,3.246,2.765,1.445,0.868,1.678,1.060,0.120,1.068,1.561,0.926,1.337,2.160,1.886,2.853,2.665,3.355,2.294,2.055,1.092,1.735,0.398,0.523,1.124,1.778,3.463,4.775,1.961,2.473,4.341,3.168,2.850,4.788,4.224,4.439,5.315,6.007,2.585,0.755,0.362,0.500
4.554,2.043,2.037,0.478,0.344,0.770,0.581,1.269,0.329,0.282,0.722,1.023,0.890,0.212,1.194,1.989,0.914,1.137,2.943,3.154,0.367,2.917,2.767,1.169,0.059,0.268,0.167,0.000,0.104,2.029,1.219,1.364,2.186,0.326,0.044,0.480,1.297,1.161,0.350,1.161,0.542,0.577,1.972,0.301,1.417,0.375,2.547,1.075,3.029,0.240,2.141,0.455,1.719,1.369,1.245,2.638,2.012,5.511,4.197,5.474,5.450,2.968,4.014,3.419,2.391,2.377,3.051,2.261,1.688,0.877,0.066,0.462,0.380,0.175,0.104,0.918,0.387,0.950,0.493,0.349,1.200,0.237,1.319,1.990,2.220,2.790,4.286,6.320,3.099,3.265,5.197,3.608,3.217,4.918,4.448,5.130,6.625,7.782,7.568,4.672,4.402,6.229
4.628,1.855,2.314,0.298,0.088,1.216,0.807,1.418,0.713,0.569,0.856,1.016,0.978,0.617,1.462,2.249,1.710,0.748,1.375,1.854,0.860,1.150,0.731,0.145,0.457,0.070,0.975,0.104,0.000,0.434,0.576,1.621,2.522,0.748,0.467,0.638,0.998,1.066,0.412,0.766,0.295,0.531,0.783,0.082,0.507,0.220,2.291,1.459,2.751,0.335,1.796,0.281,0.396,0.719,0.372,2.185,0.097,3.602,2.857,3.805,3.946,1.767,2.476,1.809,1.084,0.896,1.247,0.619,0.085,0.520,1.114,0.452,0.464,0.748,0.799,1.534,1.278,1.930,1.005,1.187,0.542,1.761,0.691,0.155,0.195,0.530,1.952,3.729,0.767,1.139,2.690,1.626,1.343,3.132,2.473,3.162,4.374,5.909,5.224,3.214,2.287,3.939
4.926,2.420,2.460,0.826,0.585,1.559,0.751,1.193,0.582,0.348,0.437,0.398,0.262,0.285,0.589,0.884,0.470,0.631,0.060,0.218,2.234,0.545,0.322,1.264,1.337,1.369,1.143,2.029,0.434,0.000,0.114,0.593,0.689,0.046,0.936,1.273,1.360,0.517,0.831,0.153,0.195,0.501,0.130,0.265,0.149,1.225,4.737,3.684,5.145,2.276,0.315,2.585,0.432,1.715,0.247,1.973,0.067,3.349,1.889,2.943,3.464,0.860,2.004,1.596,0.395,0.314,1.156,0.399,0.252,1.141,1.950,1.587,1.735,2.262,2.153,2.892,2.342,2.791,1.348,1.398,0.559,1.499,0.398,0.366,0.616,1.424,3.117,5.209,1.898,1.743,3.595,2.484,1.832,3.404,3.249,4.280,5.166,6.489,5.173,4.411,2.777,3.637
5.436,2.841,3.033,1.185,0.911,1.907,1.063,1.772,1.066,0.614,0.960,1.011,0.746,0.540,1.122,1.570,1.026,1.159,0.288,0.176,3.192,0.649,0.524,0.965,0.820,0.790,0.273,1.219,0.576,0.114,0.000,0.310,0.452,0.298,1.124,1.168,1.320,0.240,1.321,0.967,1.097,0.257,0.159,1.254,1.046,1.770,6.061,5.305,5.796,3.236,0.882,3.550,0.659,2.974,0.038,2.093,0.193,3.008,1.420,1.719,3.447,0.893,2.125,1.886,0.653,0.491,1.382,0.758,0.097,0.868,1.530,1.165,1.521,2.084,1.807,2.544,2.033,2.489,1.166,1.127,0.303,1.173,0.048,0.703,1.074,1.839,3.489,5.314,2.124,2.097,3.785,2.739,1.997,3.598,3.257,4.311,5.154,6.742,4.667,4.467,2.513,2.846
5.483,3.328,3.246,2.069,1.932,3.628,3.685,2.897,3.312,3.400,2.839,1.934,2.364,2.748,2.578,1.819,1.330,1.036,1.092,2.355,0.666,1.057,0.814,1.150,1.711,1.271,1.727,1.364,1.621,0.593,0.310,0.000,0.155,1.683,2.159,1.585,1.017,0.335,1.350,1.839,2.058,1.650,3.269,2.720,3.925,5.599,6.528,6.309,7.021,4.615,2.576,4.776,2.317,4.575,2.122,0.064,1.549,1.099,0.815,1.302,2.060,0.805,0.585,0.625,0.932,1.333,0.183,0.697,1.560,2.787,3.316,2.961,3.566,4.274,3.803,4.537,4.115,4.527,3.297,3.011,2.118,2.719,1.492,0.548,0.025,1.005,2.899,4.453,1.344,1.189,2.816,2.267,1.279,2.793,2.890,3.946,3.849,5.033,1.421,2.208,0.351,0.802
5.897,3.445,4.084,2.067,1.585,3.325,2.377,2.608,2.154,1.689,1.798,1.394,1.085,1.224,1.378,1.351,0.741,1.090,0.982,0.406,2.762,0.444,0.700,0.053,0.910,1.795,1.388,2.186,2.522,0.689,0.452,0.155,0.000,0.217,1.465,1.682,0.300,0.434,1.959,2.920,3.793,3.345,2.344,4.454,3.929,3.692,6.539,6.483,6.191,4.185,2.691,4.237,2.170,5.728,1.246,0.707,2.094,0.625,0.433,1.207,1.927,0.327,0.739,0.595,0.539,0.915,0.160,0.619,1.373,2.326,2.841,2.276,2.657,3.169,2.948,3.746,3.417,4.046,2.963,2.872,2.045,2.995,1.763,1.005,0.458,0.200,1.801,3.084,0.426,0.530,1.668,1.424,0.670,2.223,1.828,2.798,3.119,4.909,2.262,2.813,0.381,0.147
6.828,4.045,5.047,2.442,2.042,3.362,2.504,3.698,2.743,1.869,2.688,2.819,2.239,1.617,2.414,2.802,1.906,1.717,0.967,0.337,3.386,0.771,0.957,0.791,0.255,0.210,0.912,0.326,0.748,0.046,0.298,1.683,0.217,0.000,0.311,0.615,0.245,0.313,1.385,3.150,3.939,2.330,0.775,3.185,2.833,2.279,5.373,6.090,4.698,3.586,2.793,3.458,0.908,5.303,0.535,1.887,0.137,1.381,0.573,0.970,3.154,1.203,2.232,2.177,1.207,0.794,1.439,1.139,0.479,0.433,0.768,0.177,0.713,1.206,0.861,1.656,1.389,2.043,1.133,1.037,0.296,1.230,0.053,0.562,1.203,1.609,2.965,3.896,1.491,1.945,2.848,2.405,1.745,3.378,2.465,3.272,3.958,6.043,3.062,3.606,1.487,1.053
6.282,4.009,5.302,2.850,2.396,4.329,3.495,4.051,3.632,2.943,3.384,3.071,2.680,2.584,3.104,3.197,2.445,2.691,2.257,1.572,4.113,1.886,2.203,1.537,0.581,0.272,0.780,0.044,0.467,0.936,1.124,2.159,1.465,0.311,0.000,0.114,2.485,1.886,2.018,4.856,5.333,2.762,1.554,3.654,4.019,3.363,5.284,6.524,4.834,4.476,4.265,4.016,2.303,6.817,0.492,0.460,1.765,0.548,1.301,3.425,1.563,0.158,1.156,1.242,0.394,0.015,0.605,0.417,0.171,0.988,1.233,0.662,1.251,1.613,1.219,1.895,1.657,2.257,1.519,1.396,0.779,1.760,0.673,0.168,0.475,0.806,2.006,2.688,0.600,1.013,1.597,1.443,0.797,2.228,1.284,2.097,2.649,5.006,1.777,3.224,0.891,0.298
4.788,2.249,3.813,0.777,0.375,1.680,0.722,2.262,1.404,0.461,1.324,1.694,1.193,0.688,1.724,2.511,1.878,2.152,1.485,1.210,3.750,2.325,1.925,2.001,1.374,0.560,0.993,0.480,0.638,1.273,1.168,1.585,1.682,0.615,0.114,0.000,0.093,1.947,1.822,3.515,2.387,0.414,0.432,1.290,1.923,1.719,4.512,6.343,4.303,4.279,3.835,3.880,2.049,5.873,0.141,0.951,0.298,0.197,0.858,2.294,1.474,0.071,0.991,0.991,0.298,0.007,0.502,0.307,0.122,0.818,1.015,0.470,1.048,1.293,0.888,1.466,1.200,1.663,1.018,1.010,0.557,1.558,0.623,0.242,0.338,0.591,1.709,2.631,0.244,0.754,1.601,0.775,0.166,1.701,0.433,1.283,2.416,4.872,2.129,3.021,1.185,0.584
4.856,1.922,3.897,0.545,0.257,1.834,1.435,2.895,1.969,1.247,2.125,2.616,2.197,1.410,2.662,3.591,2.812,2.428,0.858,0.183,3.100,1.675,1.442,1.632,1.153,1.144,1.307,1.297,0.998,1.360,1.320,1.017,0.300,0.245,2.485,0.093,0.000,0.920,1.017,1.876,1.768,0.220,0.144,1.088,1.646,0.864,2.096,3.810,1.866,1.653,1.811,1.137,0.996,5.054,1.039,1.611,0.154,0.047,0.198,2.014,2.122,1.045,1.487,1.203,0.952,0.495,0.529,0.437,0.073,0.382,0.410,0.438,0.016,0.079,0.143,0.495,0.483,1.139,0.884,0.993,0.683,1.910,1.005,0.821,0.163,0.346,0.517,1.219,0.875,0.118,0.686,0.048,0.234,1.518,0.202,0.296,1.672,4.297,1.912,2.136,0.760,0.404
2.951,0.042,1.982,1.587,1.840,1.188,1.377,0.973,0.432,1.272,0.088,1.219,0.533,0.703,1.067,2.419,1.534,1.092,0.644,0.949,2.034,0.900,0.297,1.134,1.074,0.907,1.807,1.161,1.066,0.517,0.240,0.335,0.434,0.313,1.886,1.947,0.920,0.000,0.512,0.843,0.065,0.700,0.924,0.155,0.015,0.346,2.242,4.600,1.987,2.442,2.586,2.002,0.342,3.836,2.014,1.545,2.418,0.636,0.992,0.685,2.709,1.394,1.976,1.821,1.476,1.078,1.264,1.204,0.916,0.354,0.370,1.068,0.474,0.289,0.679,0.063,0.166,0.350,0.018,0.048,0.257,0.742,0.088,0.285,0.924,0.832,1.680,2.436,0.137,1.131,1.902,0.523,0.127,1.913,0.016,0.494,2.261,4.654,2.217,2.103,1.133,1.252
2.117,0.849,0.563,2.726,3.167,3.180,3.190,0.665,2.551,3.258,1.702,0.336,1.223,2.688,0.617,0.987,0.029,0.629,2.640,2.645,0.353,0.568,1.381,0.045,0.249,0.015,1.142,0.350,0.412,0.831,1.321,1.350,1.959,1.385,2.018,1.822,1.017,0.512,0.000,0.880,0.889,0.774,1.181,0.472,0.924,1.164,2.753,5.129,2.498,2.294,1.288,2.248,0.590,2.400,2.420,1.633,3.724,1.911,2.592,1.540,3.738,1.864,2.449,2.151,1.705,1.309,1.548,1.391,1.075,0.439,0.377,1.055,0.503,0.216,0.586,0.094,0.049,0.449,0.050,0.034,0.341,0.588,0.276,0.551,1.156,1.143,2.100,3.029,0.522,1.509,2.518,0.889,0.428,2.373,0.535,0.984,2.832,4.847,2.724,1.684,1.042,2.029
1.749,1.372,0.399,2.885,3.099,2.012,1.969,0.121,1.275,1.747,0.602,0.414,0.000,1.163,0.794,2.348,1.324,0.496,1.977,2.237,0.750,0.054,0.532,0.578,0.582,0.895,0.665,1.161,0.766,0.153,0.967,1.839,2.920,3.150,4.856,3.515,1.876,0.843,0.880,0.000,0.297,0.291,0.874,0.374,0.724,1.658,0.156,2.054,0.124,0.178,0.106,0.699,0.004,3.235,1.423,0.551,1.643,0.658,2.236,1.012,2.831,1.841,1.979,1.425,1.530,1.187,0.934,0.858,0.743,0.503,0.577,1.480,1.159,1.235,1.398,0.827,0.725,0.128,0.163,0.051,0.053,1.262,0.542,0.578,0.026,0.470,0.188,1.097,1.192,0.039,0.764,0.736,0.782,1.193,0.913,0.608,1.503,3.958,2.364,1.164,0.708,1.705
2.903,0.224,1.435,1.734,1.994,0.654,1.030,0.583,0.514,1.076,0.090,0.654,0.279,0.676,0.929,2.299,1.370,0.598,1.540,1.856,0.920,0.013,0.317,0.564,0.349,0.404,0.413,0.542,0.295,0.195,1.097,2.058,3.793,3.939,5.333,2.387,1.768,0.065,0.889,0.297,0.000,0.280,0.290,0.062,0.447,1.551,0.229,0.973,0.034,0.963,1.408,1.429,0.185,2.967,0.741,0.905,0.243,0.685,2.207,1.459,2.615,1.642,1.653,0.927,1.075,0.701,0.319,0.154,0.034,0.180,0.193,0.852,0.746,0.901,0.857,0.253,0.065,0.649,0.677,0.984,0.852,2.394,1.577,1.580,1.028,1.520,0.774,0.182,2.006,0.790,0.129,1.125,1.019,0.962,0.882,0.551,1.240,3.699,2.566,1.093,0.440,1.702
3.997,0.950,2.191,0.557,0.816,0.725,0.283,1.311,0.525,0.153,0.723,1.100,0.952,0.380,1.583,2.672,1.990,1.323,0.752,1.208,1.442,0.409,0.260,0.915,0.604,0.499,0.756,0.577,0.531,0.501,0.257,1.650,3.345,2.330,2.762,0.414,0.220,0.700,0.774,0.291,0.280,0.000,0.130,0.855,0.315,0.202,0.963,1.377,1.327,0.179,1.398,0.578,0.377,2.727,0.259,1.475,0.969,1.491,1.955,1.801,2.775,1.332,1.596,0.872,0.694,0.367,0.233,0.111,0.455,0.742,0.978,0.045,0.081,0.044,0.123,0.748,0.784,1.489,1.237,1.511,1.210,2.700,1.769,1.569,1.075,1.263,0.229,1.003,1.427,0.534,0.409,0.402,0.418,1.497,0.166,0.654,2.069,4.262,3.229,1.739,0.799,2.021
2.391,0.441,0.522,1.722,1.865,0.315,0.287,0.543,0.161,0.481,0.660,0.903,1.248,0.648,2.121,3.315,2.462,1.024,2.557,3.578,0.718,0.986,1.098,0.278,0.269,1.384,0.638,1.972,0.783,0.130,0.159,3.269,2.344,0.775,1.554,0.432,0.144,0.924,1.181,0.874,0.290,0.130,0.000,0.052,0.817,2.001,0.593,0.799,1.238,0.078,1.563,0.609,0.256,1.133,0.399,0.380,0.072,2.353,2.012,2.078,3.007,1.209,1.562,0.822,0.567,0.264,0.223,0.111,0.405,0.764,0.941,0.142,0.303,0.304,0.222,0.758,0.726,1.281,1.066,1.243,1.022,2.295,1.489,1.309,0.855,0.957,0.088,1.444,1.262,0.365,0.858,0.500,0.587,1.445,0.099,0.364,1.966,3.801,2.583,0.351,0.028,1.431
3.144,0.109,1.286,1.364,1.576,0.066,0.423,0.540,0.213,0.452,0.079,0.461,0.377,0.164,1.101,2.198,1.431,0.617,1.615,1.988,0.376,0.477,0.394,0.438,0.127,0.346,1.503,0.301,0.082,0.265,1.254,2.720,4.454,3.185,3.654,1.290,1.088,0.155,0.472,0.374,0.062,0.855,0.052,0.000,0.537,0.914,0.323,0.222,0.405,1.066,2.145,1.619,0.253,1.637,0.099,0.807,1.388,1.380,2.409,2.917,2.676,1.469,1.538,0.652,0.691,0.439,0.092,0.266,0.499,0.593,0.813,0.183,0.303,0.511,0.312,0.232,0.369,1.073,1.020,1.391,1.218,2.877,2.024,1.947,1.520,1.879,0.954,0.306,2.025,1.043,0.151,0.986,0.836,1.097,0.266,0.115,1.648,3.730,3.248,1.162,0.601,2.462
1.209,1.788,0.391,3.028,3.136,1.324,0.960,0.432,0.846,0.657,0.357,0.006,0.246,0.293,1.277,2.538,1.745,0.611,2.757,3.569,0.972,0.991,1.091,0.142,0.353,1.159,1.706,1.417,0.507,0.149,1.046,3.925,3.929,2.833,4.019,1.923,1.646,0.015,0.924,0.724,0.447,0.315,0.817,0.537,0.000,0.488,2.208,1.516,1.019,1.862,2.780,2.802,0.770,1.443,0.922,0.851,2.023,0.009,1.915,2.387,1.788,0.971,0.732,0.229,0.178,0.097,0.742,0.916,0.941,0.824,0.787,0.279,0.366,0.807,0.642,0.248,0.025,0.643,1.043,1.428,1.567,3.255,2.634,2.827,2.386,3.034,2.385,1.305,3.534,2.254,1.583,2.654,2.356,0.313,2.057,1.973,0.174,2.026,1.421,0.845,0.911,0.939
1.331,4.078,2.676,5.184,5.335,3.471,2.643,2.581,2.871,2.396,2.379,2.102,1.641,2.145,0.645,0.567,0.004,1.128,4.876,5.943,3.704,2.442,3.144,1.897,1.815,0.095,3.424,0.375,0.220,1.225,1.770,5.599,3.692,2.279,3.363,1.719,0.864,0.346,1.164,1.658,1.551,0.202,2.001,0.914,0.488,0.000,4.089,2.716,2.387,3.217,2.974,4.187,1.643,0.029,2.782,2.895,1.635,1.825,1.511,2.150,0.371,0.505,1.129,2.106,1.497,1.938,2.747,2.729,2.631,2.455,2.142,0.962,0.938,0.355,0.509,0.834,1.281,1.757,2.493,2.863,3.237,4.760,4.330,4.624,4.150,4.817,4.190,3.077,5.526,4.157,3.430,4.839,4.717,2.523,4.348,4.455,2.738,0.933,1.948,4.231,3.864,1.825
1.400,4.217,3.447,6.105,6.520,6.967,7.026,4.765,7.046,7.459,5.859,4.514,5.633,7.226,4.849,3.124,4.579,5.250,7.776,6.888,4.323,4.381,5.452,3.054,2.345,2.524,2.549,2.547,2.291,4.737,6.061,6.528,6.539,5.373,5.284,4.512,2.096,2.242,2.753,0.156,0.229,0.963,0.593,0.323,2.208,4.089,0.000,0.026,0.539,1.057,1.112,1.303,0.640,1.116,0.150,1.583,2.481,1.238,4.657,6.054,3.253,2.093,2.094,1.372,1.522,1.409,1.119,0.958,1.049,0.861,0.900,1.694,1.497,1.623,1.736,1.200,1.038,0.603,0.681,0.419,0.458,0.752,0.168,0.240,0.129,0.293,0.357,1.519,0.964,0.196,1.173,0.902,1.106,0.916,0.938,0.756,1.564,3.059,2.346,0.639,0.208,3.039
3.598,6.346,5.686,8.205,8.479,8.959,8.562,6.444,8.144,8.081,6.722,5.347,5.947,7.067,4.265,2.329,3.542,4.043,6.897,6.005,3.682,3.336,4.210,1.812,1.280,0.849,1.874,1.075,1.459,3.684,5.305,6.309,6.483,6.090,6.524,6.343,3.810,4.600,5.129,2.054,0.973,1.377,0.799,0.222,1.516,2.716,0.026,0.000,0.411,1.447,1.282,0.613,0.316,1.293,1.176,3.137,2.084,0.286,3.835,5.478,2.376,1.982,2.070,1.464,1.899,2.199,1.797,1.732,2.226,2.344,2.504,3.048,2.798,3.310,3.575,3.412,3.250,3.038,2.797,2.523,2.216,0.919,1.149,0.723,0.884,0.247,0.545,1.757,0.665,0.460,1.366,1.266,1.431,0.418,1.605,1.425,1.398,3.025,2.304,0.284,0.518,3.471
2.870,5.340,4.800,7.186,7.692,8.622,8.192,6.314,8.901,8.806,7.533,6.288,7.607,8.793,6.502,4.827,5.728,6.227,8.922,8.308,5.997,5.401,6.813,4.327,3.399,3.295,3.013,3.029,2.751,5.145,5.796,7.021,6.191,4.698,4.834,4.303,1.866,1.987,2.498,0.124,0.034,1.327,1.238,0.405,1.019,2.387,0.539,0.411,0.000,1.236,0.222,0.917,1.184,1.789,0.361,2.424,3.406,0.672,5.525,4.847,3.344,2.268,2.042,1.415,1.637,1.336,1.011,1.019,1.102,0.786,1.020,1.910,1.552,1.469,1.685,0.963,0.675,0.186,0.249,0.108,0.205,0.740,0.147,0.195,0.273,0.205,0.338,1.183,1.060,0.263,1.026,1.096,1.407,0.602,1.334,1.357,0.849,1.904,0.825,2.118,1.466,1.654
3.860,6.567,5.533,8.494,8.930,8.993,8.049,6.270,7.397,7.232,6.285,4.823,5.019,6.016,3.512,1.488,2.247,2.793,5.573,5.298,2.823,2.318,3.504,1.408,0.849,0.509,0.815,0.240,0.335,2.276,3.236,4.615,4.185,3.586,4.476,4.279,1.653,2.442,2.294,0.178,0.963,0.179,0.078,1.066,1.862,3.217,1.057,1.447,1.236,0.000,0.593,0.442,0.025,0.410,0.145,2.370,3.784,0.104,3.601,3.156,2.083,1.295,1.259,0.773,1.116,0.984,0.669,0.717,0.967,0.836,1.128,1.877,1.423,1.618,1.947,1.530,1.369,1.052,0.909,0.693,0.547,0.497,0.106,0.340,0.059,0.446,0.007,1.015,1.448,0.201,0.727,1.850,2.144,0.228,2.454,2.230,0.413,2.149,0.910,1.002,0.434,1.667
1.099,4.183,2.696,5.740,5.828,4.615,4.167,2.708,3.280,3.290,2.520,1.446,1.366,2.211,0.061,1.951,1.115,0.440,2.520,2.442,0.227,0.330,0.433,1.211,1.429,1.900,0.667,2.141,1.796,0.315,0.882,2.576,2.691,2.793,4.265,3.835,1.811,2.586,1.288,0.106,1.408,1.398,1.563,2.145,2.780,2.974,1.112,1.282,0.222,0.593,0.000,0.578,0.785,1.423,0.389,1.129,2.259,0.469,1.998,2.560,1.971,1.197,1.429,0.854,1.093,1.120,0.868,0.737,0.937,0.905,0.975,1.621,1.315,1.657,1.913,1.659,1.679,1.394,1.310,1.016,0.841,0.460,0.063,0.310,0.004,0.431,0.118,1.451,1.227,0.183,0.940,1.455,1.563,0.336,1.786,1.377,1.291,3.638,2.537,1.007,1.184,2.695
3.474,5.961,5.528,8.068,8.423,9.756,9.163,6.971,8.961,8.714,7.625,5.925,6.451,7.416,4.770,2.539,3.172,3.556,6.115,5.555,3.257,2.602,3.998,1.560,0.766,0.715,0.907,0.455,0.281,2.585,3.550,4.776,4.237,3.458,4.016,3.880,1.137,2.002,2.248,0.699,1.429,0.578,0.609,1.619,2.802,4.187,1.303,0.613,0.917,0.442,0.578,0.000,0.788,2.074,0.420,1.627,4.329,1.098,4.654,5.168,2.828,1.717,1.823,1.280,1.456,1.464,1.275,1.188,1.444,1.275,1.424,2.027,1.639,1.806,2.125,1.745,1.710,1.485,1.499,1.249,1.144,0.158,0.538,0.371,0.680,0.315,0.857,2.050,0.557,0.544,1.687,1.019,1.375,0.519,1.460,1.195,1.406,2.843,1.895,0.510,0.210,2.878
3.181,5.236,3.676,5.531,5.241,3.378,1.474,1.783,1.495,0.702,0.459,0.017,0.446,0.389,1.467,2.279,1.319,0.200,3.134,4.074,1.699,1.382,1.741,0.761,0.569,1.371,1.241,1.719,0.396,0.432,0.659,2.317,2.170,0.908,2.303,2.049,0.996,0.342,0.590,0.004,0.185,0.377,0.256,0.253,0.770,1.643,0.640,0.316,1.184,0.025,0.785,0.788,0.000,0.267,0.418,2.900,3.364,1.795,0.954,1.489,2.370,1.833,1.550,1.114,1.654,1.155,0.694,0.971,1.077,0.888,1.307,2.141,1.563,1.574,1.991,1.493,1.324,0.820,0.552,0.494,0.390,0.497,0.096,0.374,0.169,0.498,0.288,0.176,1.772,0.282,0.164,2.185,2.385,0.416,3.007,3.257,0.891,0.801,1.700,1.961,1.322,1.332
1.444,4.299,2.895,5.323,5.319,4.012,2.879,2.027,2.467,1.968,1.173,0.500,0.396,1.296,1.141,2.416,0.829,0.466,4.055,4.301,1.584,2.056,1.825,0.606,0.653,1.518,0.079,1.369,0.719,1.715,2.974,4.575,5.728,5.303,6.817,5.873,5.054,3.836,2.400,3.235,2.967,2.727,1.133,1.637,1.443,0.029,1.116,1.293,1.789,0.410,1.423,2.074,0.267,0.000,0.769,3.620,0.655,0.269,3.615,2.696,3.214,3.523,3.367,2.576,3.338,3.459,2.701,2.721,3.094,3.317,3.501,4.308,4.188,4.651,4.755,4.379,4.153,3.496,3.134,2.880,2.669,1.145,1.520,0.996,1.306,0.299,0.340,1.062,0.774,0.735,1.054,0.947,0.664,1.261,1.156,1.365,1.402,3.554,2.264,0.275,0.860,2.522
0.400,1.934,0.556,2.754,2.902,1.295,0.152,0.109,0.273,0.205,0.423,0.784,0.974,0.085,1.464,2.200,1.450,0.266,2.980,4.260,1.806,1.443,1.970,1.184,0.995,0.632,0.331,1.245,0.372,0.247,0.038,2.122,1.246,0.535,0.492,0.141,1.039,2.014,2.420,1.423,0.741,0.259,0.399,0.099,0.922,2.782,0.150,1.176,0.361,0.145,0.389,0.420,0.418,0.769,0.000,1.235,2.769,0.327,0.835,0.919,2.508,0.306,0.417,0.044,0.219,0.917,0.983,0.944,1.229,1.697,1.497,0.624,1.135,1.201,0.900,1.436,1.501,1.962,2.014,2.102,2.012,2.911,2.235,2.109,1.453,1.614,0.734,0.026,2.377,1.186,0.297,1.822,2.191,0.020,1.827,1.931,0.537,1.001,1.743,2.390,2.377,2.100
2.041,0.938,0.453,2.125,2.192,0.065,0.759,0.800,0.939,1.146,1.080,1.334,1.923,1.467,2.761,3.829,3.403,2.610,0.295,1.262,1.504,1.280,0.792,1.418,1.332,2.164,1.245,2.638,2.185,1.973,2.093,0.064,0.707,1.887,0.460,0.951,1.611,1.545,1.633,0.551,0.905,1.475,0.380,0.807,0.851,2.895,1.583,3.137,2.424,2.370,1.129,1.627,2.900,3.620,1.235,0.000,0.053,0.369,1.190,1.830,0.881,0.819,0.154,0.455,0.856,1.083,0.851,1.058,1.258,1.661,1.736,1.182,1.639,1.566,1.207,1.513,1.303,1.565,1.357,1.491,1.411,2.448,1.838,1.702,1.272,1.156,0.092,1.307,1.630,0.971,0.404,1.344,1.768,0.118,1.347,0.792,0.845,3.062,0.620,0.587,0.121,0.435
2.466,0.112,1.839,0.412,0.400,1.193,2.691,2.978,2.347,2.746,3.400,3.799,3.653,2.448,3.983,4.475,3.155,1.388,1.990,3.847,1.090,1.721,1.382,1.264,1.362,1.423,1.195,2.012,0.097,0.067,0.193,1.549,2.094,0.137,1.765,0.298,0.154,2.418,3.724,1.643,0.243,0.969,0.072,1.388,2.023,1.635,2.481,2.084,3.406,3.784,2.259,4.329,3.364,0.655,2.769,0.053,0.000,0.060,3.660,1.263,4.540,3.690,2.783,1.703,2.449,1.381,0.279,0.511,0.177,0.148,0.544,2.084,2.057,2.083,1.861,0.983,0.422,0.709,1.382,1.593,1.565,3.038,2.207,2.413,1.494,2.664,2.416,2.735,3.714,1.507,2.153,1.979,1.219,1.037,1.367,2.260,1.264,0.804,1.499,2.580,2.531,3.087
0.551,1.849,0.572,2.331,1.724,0.759,2.112,1.538,2.590,3.372,3.121,3.376,4.588,4.078,5.929,7.122,6.019,4.650,1.125,0.018,2.596,2.344,2.495,3.012,2.908,5.126,4.340,5.511,3.602,3.349,3.008,1.099,0.625,1.381,0.548,0.197,0.047,0.636,1.911,0.658,0.685,1.491,2.353,1.380,0.009,1.825,1.238,0.286,0.672,0.104,0.469,1.098,1.795,0.269,0.327,0.369,0.060,0.000,1.203,2.488,1.030,0.609,1.005,0.425,0.692,0.801,0.552,0.373,0.554,0.655,0.644,1.147,0.899,1.338,1.610,1.544,1.735,1.468,1.308,1.027,0.772,0.517,0.266,0.612,0.406,0.801,0.299,1.197,1.594,0.689,0.620,1.851,1.636,0.190,1.855,1.715,0.918,3.639,1.564,1.492,1.744,0.617
4.672,5.865,4.683,5.962,4.901,2.782,1.127,1.834,0.685,0.206,0.071,0.470,1.545,0.994,2.880,4.023,3.355,2.281,1.274,2.248,0.133,0.798,0.298,1.456,1.686,3.841,2.511,4.197,2.857,1.889,1.420,0.815,0.433,0.573,1.301,0.858,0.198,0.992,2.592,2.236,2.207,1.955,2.012,2.409,1.915,1.511,4.657,3.835,5.525,3.601,1.998,4.654,0.954,3.615,0.835,1.190,3.660,1.203,0.000,0.133,1.730,0.711,0.433,1.148,0.608,0.706,0.539,0.234,0.608,1.347,1.935,2.802,2.752,3.593,3.631,3.562,3.289,2.956,2.004,1.554,0.769,0.418,0.698,1.634,1.533,2.533,2.730,1.448,3.939,2.679,1.524,5.529,5.238,3.845,6.731,6.376,2.952,0.843,1.643,1.891,0.316,0.280
2.170,4.645,3.042,5.150,4.436,1.797,0.678,1.016,0.021,0.851,0.573,0.906,2.098,1.923,3.986,5.459,4.697,3.671,0.215,0.889,1.273,2.104,1.999,3.163,3.063,5.395,1.692,5.474,3.805,2.943,1.719,1.302,1.207,0.970,3.425,2.294,2.014,0.685,1.540,1.012,1.459,1.801,2.078,2.917,2.387,2.150,6.054,5.478,4.847,3.156,2.560,5.168,1.489,2.696,0.919,1.830,1.263,2.488,0.133,0.000,0.656,0.762,0.084,0.946,0.546,0.910,0.385,0.331,0.494,1.482,1.805,2.596,2.803,4.066,3.962,4.242,4.029,3.816,2.670,2.009,1.024,0.861,1.134,2.229,2.219,3.521,3.824,2.488,4.728,3.292,2.698,5.273,4.335,2.629,5.311,5.544,2.275,0.818,0.627,0.380,0.916,1.559
2.115,2.436,1.946,2.318,1.159,0.494,2.548,1.487,2.709,3.726,3.498,3.893,4.741,4.070,5.635,6.050,5.309,4.237,1.021,0.258,1.784,2.248,2.027,2.673,2.832,5.089,5.148,5.450,3.946,3.464,3.447,2.060,1.927,3.154,1.563,1.474,2.122,2.709,3.738,2.831,2.615,2.775,3.007,2.676,1.788,0.371,3.253,2.376,3.344,2.083,1.971,2.828,2.370,3.214,2.508,0.881,4.540,1.030,1.730,0.656,0.000,0.870,0.708,0.143,1.111,1.141,0.596,0.627,1.085,1.395,1.644,2.067,1.784,2.238,2.542,2.539,2.713,2.509,2.094,1.776,1.330,0.593,0.488,0.030,0.089,0.293,0.095,1.074,1.413,0.519,1.156,2.971,2.677,1.748,3.668,3.274,0.806,0.575,0.813,0.132,1.075,0.058
3.883,4.021,4.402,4.252,3.426,2.461,0.404,1.985,0.744,0.539,0.120,0.078,1.145,0.780,2.064,2.389,2.045,1.033,2.124,3.317,1.797,0.607,1.175,0.112,0.412,2.594,2.113,2.968,1.767,0.860,0.893,0.805,0.327,1.203,0.158,0.071,1.045,1.394,1.864,1.841,1.642,1.332,1.209,1.469,0.971,0.505,2.093,1.982,2.268,1.295,1.197,1.717,1.833,3.523,0.306,0.819,3.690,0.609,0.711,0.762,0.870,0.000,0.154,0.312,0.354,0.396,0.120,0.253,0.765,0.798,1.161,1.465,0.930,1.124,1.647,1.569,1.707,1.590,1.277,1.105,0.766,0.467,0.386,0.062,0.193,0.001,0.291,1.104,1.000,0.148,1.186,2.119,2.433,1.406,2.093,2.366,1.005,1.436,2.192,2.749,0.924,0.778
2.074,2.182,2.446,2.088,1.231,0.060,2.314,0.446,1.826,3.343,2.734,2.407,3.573,3.318,4.520,4.274,3.730,2.660,0.510,1.935,0.491,0.423,0.267,0.863,1.186,3.752,3.246,4.014,2.476,2.004,2.125,0.585,0.739,2.232,1.156,0.991,1.487,1.976,2.449,1.979,1.653,1.596,1.562,1.538,0.732,1.129,2.094,2.070,2.042,1.259,1.429,1.823,1.550,3.367,0.417,0.154,2.783,1.005,0.433,0.084,0.708,0.154,0.000,0.498,0.117,0.381,0.217,0.115,0.547,0.657,0.784,0.864,0.495,0.828,1.270,1.368,1.679,1.587,1.341,1.154,0.837,0.542,0.423,0.133,0.137,0.158,0.570,1.423,0.666,0.036,1.610,1.700,1.657,0.839,1.017,1.547,0.795,1.642,2.247,2.134,0.345,1.101
1.560,1.364,1.650,0.922,0.181,0.787,3.543,1.381,2.677,4.394,3.867,3.070,4.033,3.931,4.845,4.049,3.512,2.473,0.521,2.125,0.835,0.098,0.025,0.236,0.485,3.201,2.765,3.419,1.809,1.596,1.886,0.625,0.595,2.177,1.242,0.991,1.203,1.821,2.151,1.425,0.927,0.872,0.822,0.652,0.229,2.106,1.372,1.464,1.415,0.773,0.854,1.280,1.114,2.576,0.044,0.455,1.703,0.425,1.148,0.946,0.143,0.312,0.498,0.000,0.023,0.164,0.043,0.246,0.340,0.190,0.431,0.409,0.107,0.062,0.552,0.640,0.886,0.788,0.550,0.562,0.372,0.464,0.454,0.365,0.577,0.626,0.821,0.912,0.261,0.525,1.201,0.880,0.447,0.350,0.125,1.141,1.431,3.154,3.229,2.817,1.125,2.306
2.611,2.664,3.140,2.672,2.034,1.332,0.998,0.874,0.186,1.709,1.018,0.587,1.691,1.494,2.405,2.086,1.801,0.711,2.313,3.796,2.633,1.411,1.772,1.008,0.435,2.041,1.445,2.391,1.084,0.395,0.653,0.932,0.539,1.207,0.394,0.298,0.952,1.476,1.705,1.530,1.075,0.694,0.567,0.691,0.178,1.497,1.522,1.899,1.637,1.116,1.093,1.456,1.654,3.338,0.219,0.856,2.449,0.692,0.608,0.546,1.111,0.354,0.117,0.023,0.000,0.349,0.183,0.004,0.308,0.082,0.439,0.502,0.141,0.034,0.520,0.533,0.713,0.653,0.394,0.346,0.118,0.252,0.206,0.106,0.253,0.243,0.544,0.931,0.541,0.253,1.160,1.105,1.085,0.442,0.551,1.339,1.092,2.950,2.979,3.878,1.784,1.712
