index,residue,burial_state,exposure,ss
1,F,exposed,0.66,E
2,Q,intermediate,0.458,E
3,Q,intermediate,0.424,E
4,E,buried,0.38,E
5,V,buried,0.313,G
6,T,intermediate,0.437,G
7,I,buried,0.37,C
8,T,exposed,0.641,C
9,A,exposed,0.671,E
10,P,exposed,0.876,C
11,N,exposed,0.799,G
12,G,intermediate,0.547,E
13,L,buried,0.333,H
14,H,intermediate,0.574,E
15,T,exposed,0.661,H
16,R,exposed,0.686,G
17,P,intermediate,0.439,H
18,A,buried,0.267,H
19,A,intermediate,0.459,H
20,Q,intermediate,0.438,H
21,F,buried,0.136,H
22,V,buried,0.229,H
23,K,intermediate,0.46,H
24,E,buried,0.378,H
25,A,buried,0.213,H
26,K,intermediate,0.494,H
27,G,exposed,0.633,H
28,F,intermediate,0.593,E
29,T,exposed,0.756,G
30,S,exposed,0.633,E
31,E,intermediate,0.536,C
32,I,buried,0.246,G
33,T,buried,0.149,E
34,V,buried,0.0,G
35,T,buried,0.264,C
36,S,buried,0.362,E
37,N,exposed,0.652,H
38,G,exposed,0.7,H
39,K,intermediate,0.596,E
40,S,intermediate,0.412,E
41,A,buried,0.314,E
42,S,buried,0.273,C
43,A,buried,0.041,H
44,K,buried,0.304,H
45,S,intermediate,0.424,E
46,L,intermediate,0.408,H
47,F,exposed,0.619,G
48,K,intermediate,0.508,H
49,L,buried,0.262,H
50,Q,intermediate,0.487,H
51,T,exposed,0.603,H
52,L,intermediate,0.45,E
53,G,intermediate,0.526,G
54,L,buried,0.342,H
55,T,intermediate,0.588,E
56,Q,exposed,0.692,C
57,G,exposed,0.712,C
58,T,exposed,0.602,E
59,V,intermediate,0.433,E
60,V,buried,0.184,G
61,T,buried,0.215,G
62,I,buried,0.065,C
63,S,buried,0.307,E
64,A,intermediate,0.429,G
65,E,exposed,0.71,G
66,G,exposed,0.815,E
67,E,exposed,1.0,H
68,D,exposed,0.819,H
69,E,exposed,0.638,E
70,Q,exposed,0.69,H
71,K,exposed,0.65,H
72,A,intermediate,0.408,H
73,V,buried,0.279,H
74,E,intermediate,0.454,G
75,H,buried,0.378,G
76,L,buried,0.086,H
77,V,buried,0.177,H
78,K,buried,0.392,H
79,L,buried,0.291,H
80,M,buried,0.128,H
81,A,buried,0.396,H
82,E,intermediate,0.545,H
83,L,intermediate,0.449,C
