i,j,res_i,res_j,ca_distance,separation
1,3,F,G,4.46,2
1,4,F,E,1.83,3
1,5,F,T,3.73,4
1,6,F,C,3.27,5
1,7,F,R,3.49,6
1,8,F,V,4.97,7
1,9,F,I,6.07,8
1,10,F,P,6.83,9
1,11,F,V,6.96,10
1,17,F,A,7.17,16
1,18,F,L,5.2,17
1,19,F,G,6.24,18
1,20,F,C,7.51,19
1,21,F,T,4.23,20
1,22,F,C,8.0,21
1,24,F,D,7.91,23
1,25,F,R,6.55,24
1,26,F,S,5.53,25
1,27,F,D,3.89,26
1,28,F,G,6.82,27
1,29,F,L,6.21,28
1,30,F,C,7.22,29
1,31,F,K,3.35,30
1,32,F,R,5.54,31
2,4,C,E,3.2,2
2,5,C,T,2.93,3
2,6,C,C,3.69,4
2,7,C,R,3.49,5
2,8,C,V,3.98,6
2,9,C,I,5.64,7
2,10,C,P,5.5,8
2,11,C,V,5.47,9
2,16,C,A,7.25,14
2,17,C,A,6.83,15
2,18,C,L,4.69,16
2,19,C,G,5.82,17
2,20,C,C,7.01,18
2,21,C,T,3.59,19
2,22,C,C,7.34,20
2,24,C,D,6.69,22
2,25,C,R,6.63,23
2,26,C,S,4.12,24
2,27,C,D,4.29,25
2,28,C,G,5.49,26
2,29,C,L,4.74,27
2,30,C,C,6.32,28
2,31,C,K,3.2,29
2,32,C,R,3.78,30
2,33,C,N,7.83,31
2,34,C,G,7.16,32
3,5,G,T,3.72,2
3,6,G,C,1.73,3
3,7,G,R,3.55,4
3,8,G,V,4.42,5
3,9,G,I,4.71,6
3,10,G,P,6.78,7
3,11,G,V,7.76,8
3,15,G,S,7.06,12
3,16,G,A,7.13,13
3,17,G,A,6.08,14
3,18,G,L,6.0,15
3,19,G,G,4.75,16
3,21,G,T,5.96,18
3,31,G,K,7.49,28
3,32,G,R,7.75,29
4,6,E,C,3.06,2
4,7,E,R,4.69,3
4,8,E,V,5.69,4
4,9,E,I,7.14,5
4,10,E,P,8.0,6
4,11,E,V,7.48,7
4,17,E,A,6.4,13
4,18,E,L,4.65,14
4,19,E,G,5.79,15
4,20,E,C,6.77,16
4,21,E,T,3.96,17
4,22,E,C,7.54,18
4,25,E,R,5.75,21
4,26,E,S,6.57,22
4,27,E,D,5.15,23
4,29,E,L,7.19,25
4,30,E,C,7.59,26
4,31,E,K,3.78,27
4,32,E,R,6.87,28
5,7,T,R,3.25,2
5,8,T,V,1.42,3
5,9,T,I,4.25,4
5,10,T,P,4.0,5
5,11,T,V,4.22,6
5,12,T,C,6.53,7
5,13,T,T,7.69,8
5,14,T,Y,6.79,9
5,15,T,S,6.81,10
5,16,T,A,4.7,11
5,17,T,A,4.94,12
5,18,T,L,3.93,13
5,19,T,G,3.44,14
5,20,T,C,6.68,15
5,21,T,T,3.59,16
5,22,T,C,7.77,17
5,24,T,D,6.67,19
5,25,T,R,7.96,20
5,26,T,S,5.97,21
5,27,T,D,7.1,22
5,28,T,G,7.34,23
5,29,T,L,6.32,24
5,31,T,K,5.7,26
5,32,T,R,4.26,27
5,33,T,N,6.38,28
5,34,T,G,6.58,29
5,35,T,D,7.82,30
6,8,C,V,3.46,2
6,9,C,I,4.88,3
6,10,C,P,6.04,4
6,11,C,V,6.33,5
6,14,C,Y,7.94,8
6,15,C,S,6.75,9
6,16,C,A,6.29,10
6,17,C,A,5.09,11
6,18,C,L,4.45,12
6,19,C,G,3.8,13
6,20,C,C,7.16,14
6,21,C,T,4.27,15
6,25,C,R,7.89,19
6,26,C,S,7.47,20
6,27,C,D,7.09,21
6,29,C,L,7.95,23
6,31,C,K,5.98,25
6,32,C,R,6.37,26
7,9,R,I,2.7,2
7,10,R,P,4.8,3
7,11,R,V,7.07,4
7,16,R,A,7.47,9
7,17,R,A,7.9,10
7,18,R,L,6.84,11
7,19,R,G,6.34,12
7,21,R,T,6.2,14
7,26,R,S,7.24,19
7,27,R,D,5.95,20
7,28,R,G,7.15,21
7,29,R,L,7.79,22
7,31,R,K,6.51,24
7,32,R,R,5.48,25
7,34,R,G,7.38,27
7,35,R,D,7.2,28
8,10,V,P,2.77,2
8,11,V,V,3.91,3
8,12,V,C,6.26,4
8,13,V,T,7.67,5
8,14,V,Y,6.14,6
8,15,V,S,6.86,7
8,16,V,A,3.92,8
8,17,V,A,5.44,9
8,18,V,L,4.87,10
8,19,V,G,3.8,11
8,20,V,C,7.5,12
8,21,V,T,4.67,13
8,24,V,D,7.05,16
8,26,V,S,6.51,18
8,28,V,G,7.43,20
8,29,V,L,6.75,21
8,31,V,K,6.87,23
8,32,V,R,4.11,24
8,33,V,N,5.44,25
8,34,V,G,5.61,26
8,35,V,D,6.73,27
9,11,I,V,7.3,2
9,16,I,A,6.85,7
9,19,I,G,6.82,10
9,21,I,T,7.8,12
9,32,I,R,6.12,23
9,33,I,N,7.95,24
9,34,I,G,6.55,25
9,35,I,D,5.52,26
10,12,P,C,6.98,2
10,14,P,Y,7.05,4
10,16,P,A,4.8,6
10,17,P,A,7.81,7
10,18,P,L,7.17,8
10,19,P,G,6.26,9
10,21,P,T,6.81,11
10,26,P,S,6.93,16
10,28,P,G,6.64,18
10,29,P,L,7.02,19
10,32,P,R,3.69,22
10,33,P,N,4.41,23
10,34,P,G,3.21,24
10,35,P,D,4.11,25
11,13,V,T,5.7,2
11,14,V,Y,5.37,3
11,15,V,S,7.17,4
11,16,V,A,3.38,5
11,17,V,A,5.22,6
11,18,V,L,4.26,7
11,19,V,G,4.59,8
11,20,V,C,5.66,9
11,21,V,T,4.22,10
11,22,V,C,6.25,11
11,23,V,D,5.57,12
11,24,V,D,3.8,13
11,26,V,S,5.27,15
11,28,V,G,7.37,17
11,29,V,L,5.06,18
11,30,V,C,7.05,19
11,31,V,K,6.99,20
11,32,V,R,3.7,21
11,33,V,N,3.08,22
11,34,V,G,5.23,23
12,14,C,Y,4.37,2
12,15,C,S,6.5,3
12,16,C,A,3.72,4
12,17,C,A,5.08,5
12,18,C,L,5.11,6
12,19,C,G,5.26,7
12,20,C,C,5.28,8
12,21,C,T,5.67,9
12,22,C,C,6.09,10
12,23,C,D,5.13,11
12,24,C,D,3.8,12
12,26,C,S,7.46,14
12,29,C,L,7.09,17
12,32,C,R,6.52,20
12,33,C,N,4.03,21
12,34,C,G,7.47,22
13,15,T,S,4.1,2
13,16,T,A,4.67,3
13,17,T,A,3.8,4
13,18,T,L,5.49,5
13,19,T,G,4.84,6
13,20,T,C,5.18,7
13,21,T,T,6.63,8
13,22,T,C,6.91,9
13,23,T,D,7.64,10
13,24,T,D,6.02,11
13,33,T,N,7.09,20
14,16,Y,A,2.39,2
14,17,Y,A,4.88,3
14,18,Y,L,6.69,4
14,19,Y,G,4.56,5
14,20,Y,C,7.76,6
14,21,Y,T,7.57,7
14,24,Y,D,7.77,10
14,33,Y,N,5.61,19
15,17,S,A,3.07,2
15,18,S,L,5.83,3
15,19,S,G,3.48,4
15,20,S,C,6.85,5
15,21,S,T,7.0,6
16,18,A,L,5.38,2
16,19,A,G,3.54,3
16,20,A,C,7.04,4
16,21,A,T,5.95,5
16,24,A,D,6.52,8
16,32,A,R,6.27,16
16,33,A,N,4.0,17
16,34,A,G,6.62,18
17,19,A,G,1.78,2
17,20,A,C,4.05,3
17,21,A,T,4.03,4
17,22,A,C,6.22,5
17,24,A,D,6.01,7
17,25,A,R,7.4,8
17,31,A,K,7.89,14
17,32,A,R,7.87,15
17,33,A,N,7.66,16
18,20,L,C,2.8,2
18,21,L,T,1.3,3
18,22,L,C,4.32,4
18,23,L,D,6.79,5
18,24,L,D,4.26,6
18,25,L,R,5.1,7
18,26,L,S,5.95,8
18,29,L,L,6.11,11
18,30,L,C,6.49,12
18,31,L,K,5.19,13
18,32,L,R,6.02,14
18,33,L,N,7.28,15
19,21,G,T,3.9,2
19,22,G,C,7.11,3
19,24,G,D,6.4,5
19,31,G,K,7.55,12
19,32,G,R,6.81,13
19,33,G,N,6.86,14
20,22,C,C,2.31,2
20,23,C,D,5.69,3
20,24,C,D,3.61,4
20,25,C,R,4.37,5
20,26,C,S,6.94,6
20,29,C,L,6.91,9
20,30,C,C,6.2,10
20,31,C,K,6.39,11
20,32,C,R,7.86,12
21,23,T,D,6.61,2
21,24,T,D,4.18,3
21,25,T,R,4.63,4
21,26,T,S,4.8,5
21,27,T,D,7.17,6
21,28,T,G,7.88,7
21,29,T,L,5.06,8
21,30,T,C,5.55,9
21,31,T,K,3.95,10
21,32,T,R,5.16,11
21,33,T,N,7.28,12
22,24,C,D,2.98,2
22,25,C,R,3.61,3
22,26,C,S,6.04,4
22,29,C,L,5.9,7
22,30,C,C,4.41,8
22,31,C,K,5.92,9
22,32,C,R,7.8,10
23,25,D,R,7.43,2
23,26,D,S,5.82,3
23,29,D,L,5.19,6
23,30,D,C,5.0,7
23,31,D,K,7.99,8
23,32,D,R,7.08,9
23,33,D,N,6.98,10
24,26,D,S,4.87,2
24,29,D,L,4.48,5
24,30,D,C,4.64,6
24,31,D,K,6.34,7
24,32,D,R,5.77,8
24,33,D,N,6.13,9
25,27,R,D,7.81,2
25,29,R,L,6.61,4
25,30,R,C,4.57,5
25,31,R,K,4.19,6
26,28,S,G,3.87,2
26,29,S,L,0.78,3
26,30,S,C,3.23,4
26,31,S,K,3.64,5
26,32,S,R,3.31,6
26,33,S,N,7.25,7
26,34,S,G,6.73,8
27,29,D,L,6.45,2
27,30,D,C,7.18,3
27,31,D,K,3.89,4
27,32,D,R,6.74,5
28,30,G,C,6.7,2
28,31,G,K,6.22,3
28,32,G,R,3.8,4
28,34,G,G,5.68,6
28,35,G,D,7.23,7
29,31,L,K,4.3,2
29,32,L,R,3.38,3
29,33,L,N,6.89,4
29,34,L,G,6.56,5
30,32,C,R,6.36,2
32,34,R,G,3.75,2
32,35,R,D,6.25,3
33,35,N,D,6.93,2
