0.000,0.150,0.740,0.821,0.655,1.040,0.926,0.991,0.867,0.864,0.831,0.743,0.808,1.274,1.085,1.408,1.073,1.093,1.204,0.692,0.789,0.739,0.701,0.687,0.685,0.794,0.680,0.758,0.837,0.457,0.033,0.648,0.411,0.450,0.099,0.027,0.288,0.371,0.515,0.626,0.688,0.767,0.671,0.490,0.384,0.410,0.214,0.314,0.302,0.199,0.188,0.153,0.047,0.121,0.012,0.027,0.328,0.027,0.124,0.404,0.219,0.185,0.323,0.324,0.468,0.458,0.580,0.582,0.640,0.725,0.893,1.023,1.108,1.224,1.352,0.869,0.993,0.791,0.822,0.719,0.599,0.493,0.336,0.123,0.053,0.265,0.457,0.393,0.435,0.438,0.705,0.801,0.952,0.992,1.051,1.208,1.222
0.150,0.000,0.026,0.089,0.023,0.098,0.109,0.082,0.060,0.032,0.042,0.034,0.050,0.361,0.185,0.508,0.198,0.315,0.452,0.087,0.181,0.235,0.150,0.170,0.157,0.271,0.243,0.254,0.215,0.257,0.306,0.115,0.267,0.188,0.209,0.215,0.234,0.217,0.183,0.229,0.216,0.221,0.213,0.180,0.187,0.211,0.173,0.258,0.252,0.223,0.255,0.230,0.279,0.261,0.283,0.218,0.167,0.066,0.086,0.187,0.122,0.311,0.219,0.279,0.248,0.274,0.304,0.288,0.269,0.226,0.255,0.258,0.290,0.305,0.546,0.133,0.243,0.118,0.177,0.200,0.234,0.227,0.307,0.200,0.188,0.065,0.112,0.083,0.122,0.148,0.147,0.175,0.134,0.151,0.182,0.175,0.202
0.740,0.026,0.000,0.071,0.064,0.077,0.053,0.042,0.000,0.025,0.031,0.059,0.011,0.325,0.140,0.466,0.149,0.250,0.381,0.009,0.096,0.143,0.046,0.061,0.046,0.175,0.119,0.143,0.133,0.032,0.082,0.164,0.001,0.056,0.007,0.015,0.066,0.064,0.047,0.109,0.108,0.123,0.104,0.049,0.043,0.068,0.016,0.093,0.080,0.042,0.058,0.094,0.079,0.060,0.096,0.071,0.066,0.074,0.245,0.271,0.030,0.118,0.030,0.094,0.099,0.124,0.176,0.156,0.149,0.124,0.170,0.194,0.236,0.264,0.485,0.072,0.185,0.041,0.104,0.100,0.128,0.103,0.173,0.027,0.016,0.020,0.041,0.075,0.047,0.048,0.071,0.113,0.098,0.103,0.138,0.158,0.176
0.821,0.089,0.071,0.000,0.020,0.028,0.033,0.003,0.013,0.024,0.053,0.074,0.020,0.323,0.125,0.466,0.161,0.263,0.373,0.019,0.134,0.205,0.088,0.121,0.078,0.251,0.198,0.217,0.176,0.140,0.181,0.004,0.191,0.109,0.137,0.142,0.166,0.135,0.087,0.143,0.128,0.116,0.103,0.071,0.089,0.134,0.089,0.174,0.188,0.162,0.188,0.211,0.228,0.219,0.243,0.207,0.154,0.061,0.417,0.138,0.054,0.217,0.120,0.206,0.183,0.216,0.257,0.223,0.213,0.163,0.175,0.182,0.215,0.226,0.471,0.046,0.160,0.025,0.095,0.116,0.171,0.159,0.269,0.121,0.072,0.000,0.007,0.058,0.003,0.052,0.035,0.088,0.048,0.063,0.104,0.097,0.144
0.655,0.023,0.064,0.020,0.000,0.126,0.115,0.090,0.047,0.031,0.023,0.012,0.059,0.343,0.184,0.482,0.171,0.302,0.422,0.063,0.164,0.231,0.126,0.153,0.118,0.268,0.209,0.182,0.039,0.094,0.010,0.142,0.039,0.004,0.061,0.087,0.158,0.148,0.123,0.173,0.165,0.157,0.131,0.101,0.118,0.162,0.122,0.195,0.192,0.156,0.161,0.213,0.172,0.151,0.157,0.114,0.064,0.023,0.323,0.209,0.094,0.069,0.034,0.162,0.178,0.228,0.282,0.253,0.245,0.204,0.229,0.234,0.262,0.270,0.477,0.113,0.209,0.092,0.153,0.163,0.192,0.172,0.227,0.026,0.033,0.094,0.042,0.032,0.022,0.047,0.051,0.120,0.100,0.107,0.150,0.145,0.161
1.040,0.098,0.077,0.028,0.126,0.000,0.002,0.017,0.018,0.042,0.081,0.120,0.020,0.313,0.100,0.453,0.128,0.248,0.383,0.018,0.178,0.289,0.103,0.139,0.108,0.338,0.231,0.187,0.096,0.032,0.162,0.001,0.143,0.121,0.151,0.146,0.198,0.164,0.105,0.146,0.125,0.079,0.063,0.058,0.111,0.175,0.164,0.226,0.217,0.196,0.180,0.403,0.259,0.257,0.236,0.226,0.143,0.187,0.723,0.023,0.062,0.189,0.081,0.199,0.240,0.280,0.349,0.285,0.269,0.212,0.205,0.205,0.224,0.188,0.420,0.060,0.159,0.028,0.127,0.137,0.215,0.198,0.285,0.109,0.063,0.023,0.012,0.123,0.002,0.057,0.002,0.095,0.062,0.008,0.096,0.049,0.082
0.926,0.109,0.053,0.033,0.115,0.002,0.000,0.042,0.040,0.053,0.107,0.164,0.009,0.263,0.085,0.408,0.097,0.234,0.344,0.002,0.151,0.276,0.096,0.140,0.090,0.316,0.160,0.064,0.001,0.069,0.083,0.027,0.099,0.097,0.131,0.139,0.198,0.171,0.107,0.151,0.127,0.077,0.059,0.061,0.118,0.185,0.172,0.217,0.217,0.186,0.155,0.357,0.208,0.203,0.170,0.155,0.073,0.158,0.598,0.059,0.020,0.072,0.009,0.129,0.183,0.263,0.340,0.274,0.261,0.204,0.184,0.179,0.198,0.163,0.382,0.057,0.147,0.031,0.135,0.149,0.232,0.200,0.266,0.091,0.046,0.022,0.009,0.130,0.020,0.064,0.007,0.091,0.046,0.016,0.062,0.004,0.028
0.991,0.082,0.042,0.003,0.090,0.017,0.042,0.000,0.020,0.001,0.079,0.147,0.089,0.331,0.120,0.460,0.117,0.268,0.412,0.055,0.260,0.422,0.160,0.213,0.151,0.386,0.108,0.026,0.015,0.104,0.080,0.038,0.069,0.077,0.100,0.096,0.164,0.151,0.106,0.129,0.109,0.024,0.005,0.023,0.107,0.204,0.218,0.260,0.241,0.225,0.159,0.507,0.243,0.229,0.183,0.183,0.099,0.250,0.741,0.011,0.010,0.076,0.004,0.124,0.245,0.312,0.444,0.353,0.348,0.284,0.251,0.241,0.235,0.148,0.342,0.077,0.141,0.035,0.144,0.123,0.184,0.139,0.199,0.043,0.003,0.015,0.038,0.092,0.046,0.006,0.076,0.037,0.023,0.090,0.069,0.032,0.000
0.867,0.060,0.000,0.013,0.047,0.018,0.040,0.020,0.000,0.032,0.099,0.215,0.084,0.284,0.146,0.426,0.104,0.273,0.373,0.023,0.204,0.361,0.109,0.132,0.017,0.113,0.071,0.095,0.098,0.168,0.029,0.124,0.052,0.035,0.015,0.019,0.036,0.046,0.017,0.068,0.073,0.006,0.041,0.023,0.042,0.135,0.137,0.153,0.125,0.091,0.000,0.312,0.068,0.062,0.025,0.043,0.014,0.161,0.565,0.079,0.103,0.084,0.154,0.062,0.036,0.140,0.315,0.254,0.279,0.243,0.222,0.226,0.230,0.160,0.305,0.098,0.139,0.046,0.128,0.040,0.096,0.037,0.092,0.035,0.060,0.048,0.064,0.069,0.046,0.032,0.092,0.000,0.001,0.101,0.033,0.030,0.029
0.864,0.032,0.025,0.024,0.031,0.042,0.053,0.001,0.032,0.000,0.147,0.347,0.064,0.251,0.153,0.417,0.066,0.281,0.431,0.040,0.282,0.475,0.119,0.057,0.017,0.004,0.121,0.174,0.160,0.216,0.048,0.143,0.099,0.046,0.019,0.020,0.038,0.066,0.056,0.095,0.111,0.041,0.004,0.026,0.094,0.180,0.213,0.195,0.114,0.070,0.070,0.367,0.012,0.011,0.061,0.028,0.099,0.126,0.566,0.089,0.140,0.135,0.211,0.130,0.005,0.112,0.332,0.292,0.335,0.330,0.319,0.327,0.307,0.177,0.278,0.199,0.195,0.125,0.179,0.065,0.117,0.057,0.104,0.027,0.051,0.045,0.043,0.103,0.010,0.006,0.053,0.047,0.058,0.066,0.069,0.043,0.146
0.831,0.042,0.031,0.053,0.023,0.081,0.107,0.079,0.099,0.147,0.000,0.109,0.226,0.003,0.058,0.109,0.286,0.141,0.463,0.165,0.522,0.818,0.231,0.183,0.044,0.034,0.066,0.105,0.116,0.165,0.006,0.053,0.013,0.056,0.053,0.031,0.079,0.086,0.063,0.003,0.022,0.159,0.177,0.059,0.087,0.227,0.356,0.377,0.283,0.312,0.154,0.650,0.265,0.224,0.142,0.139,0.043,0.286,0.628,0.049,0.040,0.016,0.055,0.038,0.188,0.273,0.536,0.497,0.560,0.435,0.340,0.174,0.055,0.198,0.136,0.011,0.106,0.058,0.020,0.039,0.016,0.013,0.060,0.035,0.065,0.098,0.130,0.022,0.120,0.095,0.186,0.139,0.170,0.357,0.304,0.488,0.728
0.743,0.034,0.059,0.074,0.012,0.120,0.164,0.147,0.215,0.347,0.109,0.000,0.224,0.525,0.366,0.344,0.678,0.162,0.318,0.030,0.312,0.634,0.027,0.025,0.027,0.087,0.118,0.148,0.151,0.183,0.007,0.030,0.017,0.074,0.051,0.008,0.044,0.040,0.007,0.103,0.140,0.260,0.261,0.124,0.040,0.160,0.370,0.397,0.251,0.336,0.162,0.791,0.334,0.274,0.174,0.162,0.050,0.323,0.583,0.104,0.028,0.007,0.038,0.041,0.202,0.252,0.500,0.457,0.481,0.261,0.181,0.059,0.165,0.407,0.388,0.149,0.257,0.168,0.130,0.116,0.063,0.029,0.018,0.057,0.076,0.136,0.169,0.081,0.151,0.143,0.239,0.218,0.258,0.451,0.416,0.587,0.892
0.808,0.050,0.011,0.020,0.059,0.020,0.009,0.089,0.084,0.064,0.226,0.224,0.000,0.146,0.186,0.098,0.219,0.154,0.543,0.033,0.344,0.413,0.014,0.083,0.007,0.120,0.145,0.202,0.174,0.227,0.058,0.151,0.172,0.081,0.052,0.071,0.012,0.023,0.041,0.041,0.063,0.023,0.019,0.014,0.077,0.125,0.223,0.142,0.021,0.063,0.236,0.360,0.123,0.093,0.191,0.114,0.170,0.122,0.509,0.044,0.148,0.190,0.243,0.218,0.084,0.002,0.191,0.195,0.261,0.302,0.391,0.360,0.303,0.118,0.049,0.271,0.169,0.166,0.168,0.055,0.083,0.051,0.074,0.030,0.043,0.031,0.012,0.127,0.038,0.025,0.011,0.068,0.099,0.026,0.062,0.000,0.262
1.274,0.361,0.325,0.323,0.343,0.313,0.263,0.331,0.284,0.251,0.003,0.525,0.146,0.000,0.019,0.085,0.269,0.136,0.037,0.444,0.018,0.228,0.059,0.028,0.096,0.110,0.081,0.066,0.137,0.046,0.225,0.081,0.035,0.092,0.115,0.060,0.095,0.068,0.029,0.043,0.011,0.015,0.009,0.039,0.020,0.023,0.067,0.055,0.121,0.153,0.237,0.362,0.072,0.024,0.028,0.110,0.095,0.405,0.936,0.228,0.139,0.053,0.050,0.077,0.004,0.030,0.126,0.019,0.004,0.068,0.070,0.208,0.213,0.099,0.045,0.210,0.214,0.167,0.275,0.172,0.238,0.228,0.276,0.199,0.208,0.277,0.271,0.433,0.253,0.229,0.214,0.278,0.343,0.169,0.259,0.260,0.002
1.085,0.185,0.140,0.125,0.184,0.100,0.085,0.120,0.146,0.153,0.058,0.366,0.186,0.019,0.000,0.319,0.143,0.172,0.316,0.039,0.393,0.531,0.115,0.085,0.075,0.081,0.015,0.027,0.002,0.064,0.105,0.006,0.030,0.082,0.100,0.080,0.116,0.116,0.083,0.089,0.078,0.022,0.030,0.016,0.111,0.189,0.253,0.184,0.113,0.093,0.034,0.455,0.080,0.108,0.036,0.099,0.035,0.306,0.783,0.098,0.024,0.001,0.071,0.030,0.068,0.138,0.295,0.250,0.317,0.346,0.309,0.359,0.276,0.005,0.010,0.220,0.149,0.142,0.199,0.111,0.180,0.149,0.198,0.102,0.084,0.109,0.094,0.247,0.092,0.111,0.051,0.126,0.145,0.014,0.076,0.060,0.367
1.408,0.508,0.466,0.466,0.482,0.453,0.408,0.460,0.426,0.417,0.109,0.344,0.098,0.085,0.319,0.000,0.268,0.336,0.459,0.646,0.061,0.174,0.015,0.073,0.175,0.199,0.187,0.187,0.264,0.179,0.322,0.182,0.130,0.174,0.201,0.145,0.167,0.126,0.080,0.107,0.064,0.055,0.073,0.004,0.048,0.022,0.023,0.141,0.134,0.167,0.206,0.288,0.063,0.060,0.033,0.184,0.187,0.480,0.996,0.301,0.228,0.125,0.030,0.013,0.027,0.044,0.086,0.053,0.101,0.005,0.073,0.219,0.270,0.217,0.039,0.327,0.333,0.296,0.392,0.273,0.340,0.328,0.372,0.316,0.329,0.429,0.421,0.592,0.402,0.364,0.367,0.421,0.498,0.361,0.415,0.475,0.294
1.073,0.198,0.149,0.161,0.171,0.128,0.097,0.117,0.104,0.066,0.286,0.678,0.219,0.269,0.143,0.268,0.000,0.304,0.657,0.752,0.334,0.126,0.258,0.227,0.145,0.136,0.134,0.146,0.073,0.134,0.008,0.129,0.169,0.110,0.073,0.096,0.083,0.092,0.136,0.042,0.023,0.024,0.000,0.078,0.089,0.123,0.146,0.332,0.340,0.406,0.466,0.071,0.369,0.259,0.295,0.163,0.169,0.103,0.609,0.074,0.129,0.218,0.308,0.332,0.307,0.255,0.214,0.307,0.314,0.183,0.262,0.053,0.377,0.383,0.150,0.372,0.284,0.157,0.197,0.034,0.124,0.074,0.127,0.052,0.063,0.163,0.176,0.377,0.206,0.164,0.153,0.224,0.269,0.187,0.173,0.245,0.065
1.093,0.315,0.250,0.263,0.302,0.248,0.234,0.268,0.273,0.281,0.141,0.162,0.154,0.136,0.172,0.336,0.304,0.000,0.426,0.246,0.076,0.220,0.095,0.085,0.110,0.071,0.064,0.042,0.078,0.033,0.143,0.060,0.046,0.103,0.130,0.107,0.130,0.130,0.114,0.134,0.136,0.103,0.087,0.086,0.134,0.148,0.177,0.020,0.003,0.041,0.121,0.242,0.044,0.030,0.017,0.075,0.045,0.304,0.692,0.119,0.049,0.012,0.060,0.058,0.013,0.043,0.105,0.051,0.079,0.188,0.159,0.284,0.300,0.116,0.132,0.418,0.262,0.309,0.297,0.192,0.239,0.215,0.244,0.185,0.178,0.236,0.233,0.383,0.264,0.240,0.214,0.261,0.292,0.198,0.202,0.172,0.037
1.204,0.452,0.381,0.373,0.422,0.383,0.344,0.412,0.373,0.431,0.463,0.318,0.543,0.037,0.316,0.459,0.657,0.426,0.000,0.061,0.397,0.446,0.233,0.265,0.268,0.246,0.223,0.233,0.264,0.189,0.306,0.222,0.207,0.233,0.232,0.161,0.191,0.150,0.135,0.040,0.032,0.126,0.100,0.067,0.061,0.105,0.210,0.113,0.094,0.143,0.079,0.546,0.224,0.279,0.254,0.345,0.329,0.615,0.917,0.391,0.278,0.208,0.179,0.162,0.231,0.225,0.301,0.213,0.232,0.214,0.137,0.094,0.084,0.240,0.526,0.106,0.017,0.189,0.222,0.195,0.206,0.244,0.258,0.239,0.233,0.278,0.240,0.334,0.216,0.192,0.177,0.186,0.244,0.093,0.144,0.099,0.130
0.692,0.087,0.009,0.019,0.063,0.018,0.002,0.055,0.023,0.040,0.165,0.030,0.033,0.444,0.039,0.646,0.752,0.246,0.061,0.000,0.092,0.067,0.056,0.071,0.049,0.155,0.138,0.152,0.140,0.170,0.072,0.109,0.117,0.050,0.043,0.076,0.047,0.031,0.022,0.083,0.085,0.127,0.150,0.076,0.013,0.059,0.208,0.096,0.035,0.029,0.157,0.228,0.066,0.041,0.100,0.048,0.091,0.163,0.367,0.026,0.134,0.178,0.182,0.170,0.109,0.055,0.032,0.054,0.136,0.122,0.168,0.071,0.130,0.254,0.493,0.085,0.102,0.054,0.005,0.045,0.033,0.021,0.010,0.053,0.065,0.057,0.063,0.035,0.006,0.042,0.078,0.063,0.049,0.158,0.166,0.218,0.490
0.789,0.181,0.096,0.134,0.164,0.178,0.151,0.260,0.204,0.282,0.522,0.312,0.344,0.018,0.393,0.061,0.334,0.076,0.397,0.092,0.000,0.065,0.046,0.037,0.010,0.080,0.077,0.062,0.032,0.103,0.023,0.103,0.149,0.104,0.088,0.151,0.106,0.112,0.084,0.126,0.123,0.113,0.156,0.165,0.116,0.118,0.031,0.166,0.262,0.257,0.325,0.134,0.185,0.116,0.128,0.023,0.011,0.248,0.460,0.041,0.063,0.152,0.162,0.200,0.139,0.133,0.060,0.112,0.087,0.006,0.195,0.165,0.099,0.031,0.225,0.159,0.031,0.133,0.091,0.003,0.018,0.002,0.009,0.039,0.040,0.012,0.010,0.102,0.047,0.013,0.003,0.025,0.097,0.006,0.044,0.080,0.145
0.739,0.235,0.143,0.205,0.231,0.289,0.276,0.422,0.361,0.475,0.818,0.634,0.413,0.228,0.531,0.174,0.126,0.220,0.446,0.067,0.065,0.000,0.139,0.098,0.112,0.021,0.017,0.009,0.029,0.048,0.011,0.093,0.157,0.121,0.096,0.170,0.113,0.115,0.047,0.084,0.064,0.018,0.086,0.132,0.118,0.152,0.102,0.257,0.364,0.372,0.395,0.029,0.244,0.153,0.133,0.015,0.027,0.254,0.391,0.048,0.043,0.148,0.134,0.197,0.150,0.166,0.123,0.188,0.146,0.036,0.264,0.265,0.202,0.189,0.052,0.236,0.139,0.256,0.183,0.082,0.012,0.031,0.003,0.020,0.020,0.046,0.054,0.125,0.107,0.025,0.077,0.094,0.193,0.140,0.185,0.250,0.053
0.701,0.150,0.046,0.088,0.126,0.103,0.096,0.160,0.109,0.119,0.231,0.027,0.014,0.059,0.115,0.015,0.258,0.095,0.233,0.056,0.046,0.139,0.000,0.007,0.006,0.100,0.085,0.086,0.079,0.107,0.034,0.075,0.071,0.020,0.005,0.034,0.003,0.022,0.037,0.007,0.014,0.002,0.046,0.012,0.056,0.101,0.172,0.098,0.009,0.021,0.126,0.179,0.045,0.019,0.054,0.011,0.044,0.152,0.348,0.041,0.109,0.145,0.157,0.138,0.104,0.015,0.139,0.160,0.191,0.157,0.158,0.073,0.052,0.003,0.055,0.114,0.035,0.145,0.105,0.042,0.044,0.045,0.057,0.001,0.010,0.002,0.002,0.092,0.072,0.025,0.003,0.017,0.028,0.054,0.079,0.087,0.282
0.687,0.170,0.061,0.121,0.153,0.139,0.140,0.213,0.132,0.057,0.183,0.025,0.083,0.028,0.085,0.073,0.227,0.085,0.265,0.071,0.037,0.098,0.007,0.000,0.089,0.109,0.067,0.083,0.077,0.096,0.006,0.050,0.054,0.016,0.038,0.013,0.069,0.100,0.122,0.085,0.077,0.067,0.033,0.057,0.121,0.148,0.218,0.164,0.062,0.015,0.110,0.260,0.025,0.000,0.053,0.013,0.057,0.130,0.327,0.036,0.103,0.131,0.154,0.127,0.072,0.080,0.287,0.227,0.180,0.142,0.170,0.114,0.101,0.057,0.065,0.127,0.101,0.159,0.170,0.129,0.119,0.117,0.126,0.047,0.035,0.031,0.046,0.132,0.128,0.080,0.059,0.082,0.085,0.004,0.007,0.038,0.229
0.685,0.157,0.046,0.078,0.118,0.108,0.090,0.151,0.017,0.017,0.044,0.027,0.007,0.096,0.075,0.175,0.145,0.110,0.268,0.049,0.010,0.112,0.006,0.089,0.000,0.023,0.045,0.019,0.036,0.078,0.002,0.050,0.010,0.009,0.012,0.032,0.014,0.006,0.013,0.035,0.040,0.059,0.099,0.075,0.007,0.049,0.100,0.117,0.084,0.082,0.032,0.278,0.106,0.105,0.088,0.097,0.055,0.196,0.377,0.015,0.061,0.062,0.079,0.017,0.044,0.155,0.263,0.182,0.155,0.075,0.093,0.044,0.035,0.006,0.068,0.029,0.026,0.024,0.008,0.018,0.005,0.020,0.051,0.017,0.027,0.035,0.050,0.017,0.002,0.048,0.076,0.076,0.085,0.145,0.128,0.114,0.189
0.794,0.271,0.175,0.251,0.268,0.338,0.316,0.386,0.113,0.004,0.034,0.087,0.120,0.110,0.081,0.199,0.136,0.071,0.246,0.155,0.080,0.021,0.100,0.109,0.023,0.000,0.004,0.024,0.043,0.026,0.075,0.028,0.068,0.017,0.005,0.054,0.001,0.004,0.010,0.007,0.003,0.025,0.000,0.036,0.015,0.024,0.003,0.027,0.114,0.168,0.248,0.144,0.114,0.061,0.069,0.019,0.016,0.177,0.426,0.019,0.026,0.081,0.170,0.194,0.138,0.034,0.066,0.026,0.003,0.000,0.075,0.088,0.106,0.112,0.178,0.053,0.102,0.059,0.130,0.108,0.114,0.141,0.158,0.078,0.084,0.106,0.122,0.195,0.167,0.099,0.117,0.130,0.159,0.057,0.074,0.086,0.053
0.680,0.243,0.119,0.198,0.209,0.231,0.160,0.108,0.071,0.121,0.066,0.118,0.145,0.081,0.015,0.187,0.134,0.064,0.223,0.138,0.077,0.017,0.085,0.067,0.045,0.004,0.000,0.033,0.006,0.023,0.071,0.005,0.013,0.044,0.058,0.007,0.051,0.031,0.001,0.015,0.001,0.017,0.001,0.018,0.011,0.014,0.030,0.048,0.000,0.032,0.051,0.139,0.033,0.056,0.050,0.068,0.028,0.109,0.305,0.043,0.055,0.038,0.119,0.038,0.019,0.055,0.099,0.070,0.039,0.001,0.048,0.037,0.057,0.064,0.187,0.018,0.043,0.017,0.040,0.051,0.084,0.130,0.176,0.082,0.084,0.060,0.071,0.124,0.127,0.062,0.053,0.047,0.021,0.033,0.029,0.025,0.102
0.758,0.254,0.143,0.217,0.182,0.187,0.064,0.026,0.095,0.174,0.105,0.148,0.202,0.066,0.027,0.187,0.146,0.042,0.233,0.152,0.062,0.009,0.086,0.083,0.019,0.024,0.033,0.000,0.005,0.033,0.172,0.046,0.052,0.101,0.111,0.058,0.094,0.072,0.030,0.044,0.023,0.033,0.028,0.014,0.048,0.048,0.078,0.095,0.028,0.004,0.032,0.250,0.076,0.104,0.066,0.088,0.008,0.087,0.409,0.005,0.004,0.073,0.082,0.021,0.054,0.097,0.139,0.105,0.061,0.026,0.070,0.060,0.079,0.068,0.219,0.004,0.066,0.013,0.062,0.071,0.124,0.164,0.235,0.133,0.144,0.094,0.111,0.169,0.146,0.098,0.072,0.080,0.044,0.031,0.008,0.027,0.108
0.837,0.215,0.133,0.176,0.039,0.096,0.001,0.015,0.098,0.160,0.116,0.151,0.174,0.137,0.002,0.264,0.073,0.078,0.264,0.140,0.032,0.029,0.079,0.077,0.036,0.043,0.006,0.005,0.000,0.122,0.181,0.027,0.015,0.016,0.026,0.005,0.034,0.024,0.007,0.027,0.014,0.028,0.018,0.013,0.006,0.013,0.019,0.055,0.005,0.040,0.059,0.172,0.030,0.040,0.026,0.048,0.002,0.017,0.485,0.078,0.010,0.092,0.082,0.006,0.031,0.060,0.114,0.085,0.055,0.028,0.079,0.086,0.114,0.112,0.288,0.004,0.083,0.030,0.047,0.042,0.091,0.105,0.187,0.074,0.100,0.059,0.081,0.142,0.095,0.055,0.042,0.067,0.041,0.015,0.023,0.019,0.028
0.457,0.257,0.032,0.140,0.094,0.032,0.069,0.104,0.168,0.216,0.165,0.183,0.227,0.046,0.064,0.179,0.134,0.033,0.189,0.170,0.103,0.048,0.107,0.096,0.078,0.026,0.023,0.033,0.122,0.000,0.222,0.083,0.143,0.143,0.125,0.080,0.075,0.053,0.001,0.033,0.014,0.037,0.039,0.020,0.036,0.028,0.032,0.074,0.035,0.002,0.019,0.058,0.081,0.088,0.081,0.031,0.049,0.122,0.017,0.227,0.153,0.068,0.053,0.037,0.001,0.050,0.069,0.060,0.023,0.018,0.020,0.008,0.037,0.050,0.244,0.059,0.029,0.066,0.007,0.016,0.075,0.109,0.226,0.147,0.185,0.063,0.086,0.109,0.137,0.074,0.037,0.023,0.045,0.061,0.060,0.070,0.107
0.033,0.306,0.082,0.181,0.010,0.162,0.083,0.080,0.029,0.048,0.006,0.007,0.058,0.225,0.105,0.322,0.008,0.143,0.306,0.072,0.023,0.011,0.034,0.006,0.002,0.075,0.071,0.172,0.181,0.222,0.000,0.251,0.112,0.188,0.141,0.136,0.064,0.056,0.038,0.011,0.011,0.026,0.001,0.056,0.069,0.064,0.104,0.022,0.042,0.062,0.014,0.073,0.011,0.009,0.101,0.092,0.149,0.026,0.186,0.185,0.003,0.096,0.067,0.060,0.028,0.020,0.046,0.041,0.026,0.002,0.074,0.084,0.110,0.153,0.301,0.026,0.062,0.028,0.002,0.011,0.022,0.014,0.005,0.090,0.059,0.099,0.036,0.081,0.019,0.061,0.005,0.004,0.004,0.023,0.040,0.084,0.065
0.648,0.115,0.164,0.004,0.142,0.001,0.027,0.038,0.124,0.143,0.053,0.030,0.151,0.081,0.006,0.182,0.129,0.060,0.222,0.109,0.103,0.093,0.075,0.050,0.050,0.028,0.005,0.046,0.027,0.083,0.251,0.000,0.118,0.005,0.032,0.041,0.022,0.016,0.020,0.012,0.020,0.020,0.007,0.015,0.017,0.029,0.038,0.041,0.019,0.007,0.076,0.121,0.096,0.067,0.141,0.037,0.029,0.187,0.622,0.306,0.162,0.012,0.056,0.085,0.005,0.020,0.015,0.033,0.004,0.045,0.018,0.006,0.011,0.049,0.201,0.088,0.016,0.072,0.064,0.028,0.058,0.035,0.019,0.073,0.032,0.195,0.107,0.188,0.023,0.074,0.046,0.080,0.109,0.067,0.074,0.053,0.080
0.411,0.267,0.001,0.191,0.039,0.143,0.099,0.069,0.052,0.099,0.013,0.017,0.172,0.035,0.030,0.130,0.169,0.046,0.207,0.117,0.149,0.157,0.071,0.054,0.010,0.068,0.013,0.052,0.015,0.143,0.112,0.118,0.000,0.102,0.064,0.018,0.033,0.046,0.049,0.049,0.038,0.107,0.100,0.072,0.058,0.004,0.001,0.038,0.007,0.047,0.015,0.273,0.047,0.091,0.015,0.111,0.071,0.246,0.746,0.296,0.221,0.169,0.007,0.028,0.053,0.012,0.032,0.010,0.029,0.053,0.031,0.009,0.031,0.085,0.196,0.014,0.046,0.018,0.022,0.059,0.029,0.084,0.094,0.095,0.147,0.009,0.081,0.002,0.228,0.086,0.112,0.039,0.000,0.023,0.020,0.004,0.077
0.450,0.188,0.056,0.109,0.004,0.121,0.097,0.077,0.035,0.046,0.056,0.074,0.081,0.092,0.082,0.174,0.110,0.103,0.233,0.050,0.104,0.121,0.020,0.016,0.009,0.017,0.044,0.101,0.016,0.143,0.188,0.005,0.102,0.000,0.015,0.022,0.004,0.022,0.042,0.035,0.030,0.094,0.076,0.051,0.032,0.002,0.030,0.045,0.047,0.029,0.134,0.300,0.063,0.022,0.119,0.011,0.029,0.143,0.615,0.257,0.168,0.092,0.068,0.106,0.011,0.017,0.016,0.029,0.005,0.038,0.036,0.006,0.021,0.087,0.190,0.039,0.014,0.006,0.022,0.028,0.050,0.007,0.064,0.043,0.016,0.123,0.055,0.184,0.130,0.022,0.039,0.042,0.063,0.007,0.038,0.001,0.047
0.099,0.209,0.007,0.137,0.061,0.151,0.131,0.100,0.015,0.019,0.053,0.051,0.052,0.115,0.100,0.201,0.073,0.130,0.232,0.043,0.088,0.096,0.005,0.038,0.012,0.005,0.058,0.111,0.026,0.125,0.141,0.032,0.064,0.015,0.000,0.012,0.019,0.031,0.044,0.048,0.044,0.104,0.084,0.053,0.033,0.006,0.040,0.034,0.057,0.030,0.130,0.285,0.047,0.020,0.105,0.026,0.035,0.073,0.360,0.226,0.156,0.104,0.028,0.089,0.026,0.018,0.008,0.032,0.017,0.026,0.039,0.014,0.034,0.104,0.211,0.027,0.029,0.018,0.008,0.042,0.034,0.010,0.041,0.022,0.008,0.076,0.031,0.128,0.152,0.002,0.061,0.027,0.049,0.028,0.026,0.014,0.024
0.027,0.215,0.015,0.142,0.087,0.146,0.139,0.096,0.019,0.020,0.031,0.008,0.071,0.060,0.080,0.145,0.096,0.107,0.161,0.076,0.151,0.170,0.034,0.013,0.032,0.054,0.007,0.058,0.005,0.080,0.136,0.041,0.018,0.022,0.012,0.000,0.025,0.014,0.028,0.047,0.045,0.129,0.115,0.076,0.036,0.019,0.096,0.035,0.016,0.030,0.073,0.426,0.049,0.063,0.025,0.028,0.015,0.080,0.302,0.236,0.183,0.167,0.057,0.009,0.130,0.076,0.107,0.047,0.046,0.081,0.016,0.039,0.010,0.085,0.176,0.038,0.011,0.024,0.023,0.032,0.055,0.001,0.056,0.019,0.023,0.013,0.020,0.059,0.234,0.059,0.110,0.018,0.054,0.041,0.054,0.004,0.049
0.288,0.234,0.066,0.166,0.158,0.198,0.198,0.164,0.036,0.038,0.079,0.044,0.012,0.095,0.116,0.167,0.083,0.130,0.191,0.047,0.106,0.113,0.003,0.069,0.014,0.001,0.051,0.094,0.034,0.075,0.064,0.022,0.033,0.004,0.019,0.025,0.000,0.010,0.033,0.029,0.025,0.087,0.055,0.022,0.007,0.017,0.077,0.020,0.040,0.007,0.098,0.270,0.012,0.012,0.078,0.047,0.048,0.045,0.062,0.135,0.112,0.109,0.026,0.025,0.081,0.027,0.049,0.008,0.004,0.051,0.007,0.019,0.001,0.079,0.145,0.033,0.004,0.035,0.011,0.052,0.060,0.026,0.015,0.017,0.009,0.004,0.010,0.027,0.162,0.022,0.079,0.029,0.042,0.034,0.047,0.005,0.045
0.371,0.217,0.064,0.135,0.148,0.164,0.171,0.151,0.046,0.066,0.086,0.040,0.023,0.068,0.116,0.126,0.092,0.130,0.150,0.031,0.112,0.115,0.022,0.100,0.006,0.004,0.031,0.072,0.024,0.053,0.056,0.016,0.046,0.022,0.031,0.014,0.010,0.000,0.030,0.003,0.004,0.063,0.017,0.001,0.004,0.011,0.082,0.026,0.091,0.055,0.128,0.220,0.037,0.039,0.089,0.063,0.055,0.086,0.024,0.110,0.100,0.099,0.030,0.018,0.079,0.028,0.064,0.023,0.003,0.068,0.027,0.066,0.052,0.033,0.067,0.065,0.054,0.028,0.060,0.011,0.125,0.017,0.038,0.008,0.006,0.001,0.012,0.033,0.120,0.006,0.034,0.085,0.088,0.001,0.100,0.040,0.081
0.515,0.183,0.047,0.087,0.123,0.105,0.107,0.106,0.017,0.056,0.063,0.007,0.041,0.029,0.083,0.080,0.136,0.114,0.135,0.022,0.084,0.047,0.037,0.122,0.013,0.010,0.001,0.030,0.007,0.001,0.038,0.020,0.049,0.042,0.044,0.028,0.033,0.030,0.000,0.086,0.059,0.041,0.106,0.066,0.007,0.082,0.064,0.078,0.189,0.144,0.148,0.026,0.095,0.091,0.107,0.087,0.057,0.141,0.176,0.072,0.086,0.082,0.042,0.016,0.042,0.037,0.034,0.058,0.074,0.033,0.032,0.103,0.101,0.051,0.041,0.111,0.146,0.029,0.146,0.076,0.111,0.026,0.014,0.004,0.023,0.020,0.050,0.031,0.036,0.048,0.055,0.154,0.164,0.122,0.207,0.143,0.179
0.626,0.229,0.109,0.143,0.173,0.146,0.151,0.129,0.068,0.095,0.003,0.103,0.041,0.043,0.089,0.107,0.042,0.134,0.040,0.083,0.126,0.084,0.007,0.085,0.035,0.007,0.015,0.044,0.027,0.033,0.011,0.012,0.049,0.035,0.048,0.047,0.029,0.003,0.086,0.000,0.004,0.059,0.005,0.055,0.053,0.017,0.122,0.120,0.036,0.002,0.028,0.138,0.006,0.020,0.051,0.058,0.042,0.131,0.240,0.083,0.078,0.088,0.072,0.035,0.108,0.058,0.082,0.097,0.041,0.108,0.123,0.139,0.101,0.011,0.041,0.088,0.086,0.043,0.045,0.011,0.018,0.036,0.053,0.057,0.038,0.078,0.057,0.105,0.143,0.072,0.074,0.002,0.028,0.038,0.117,0.050,0.075
0.688,0.216,0.108,0.128,0.165,0.125,0.127,0.109,0.073,0.111,0.022,0.140,0.063,0.011,0.078,0.064,0.023,0.136,0.032,0.085,0.123,0.064,0.014,0.077,0.040,0.003,0.001,0.023,0.014,0.014,0.011,0.020,0.038,0.030,0.044,0.045,0.025,0.004,0.059,0.004,0.000,0.051,0.034,0.061,0.029,0.012,0.092,0.131,0.028,0.007,0.004,0.108,0.020,0.010,0.032,0.048,0.028,0.142,0.296,0.078,0.080,0.095,0.089,0.054,0.114,0.063,0.082,0.113,0.049,0.118,0.183,0.197,0.155,0.025,0.046,0.096,0.135,0.076,0.020,0.001,0.028,0.032,0.054,0.054,0.035,0.082,0.058,0.127,0.128,0.074,0.063,0.010,0.012,0.035,0.122,0.067,0.088
0.767,0.221,0.123,0.116,0.157,0.079,0.077,0.024,0.006,0.041,0.159,0.260,0.023,0.015,0.022,0.055,0.024,0.103,0.126,0.127,0.113,0.018,0.002,0.067,0.059,0.025,0.017,0.033,0.028,0.037,0.026,0.020,0.107,0.094,0.104,0.129,0.087,0.063,0.041,0.059,0.051,0.000,0.004,0.010,0.035,0.084,0.040,0.064,0.103,0.058,0.065,0.062,0.040,0.066,0.078,0.082,0.044,0.149,0.372,0.075,0.057,0.051,0.067,0.014,0.081,0.016,0.033,0.069,0.018,0.095,0.245,0.266,0.238,0.118,0.014,0.290,0.270,0.089,0.076,0.013,0.078,0.061,0.118,0.104,0.081,0.125,0.089,0.181,0.138,0.117,0.066,0.011,0.055,0.014,0.178,0.155,0.108
0.671,0.213,0.104,0.103,0.131,0.063,0.059,0.005,0.041,0.004,0.177,0.261,0.019,0.009,0.030,0.073,0.000,0.087,0.100,0.150,0.156,0.086,0.046,0.033,0.099,0.000,0.001,0.028,0.018,0.039,0.001,0.007,0.100,0.076,0.084,0.115,0.055,0.017,0.106,0.005,0.034,0.004,0.000,0.061,0.046,0.001,0.141,0.120,0.066,0.022,0.056,0.152,0.017,0.040,0.066,0.062,0.030,0.104,0.277,0.116,0.083,0.071,0.079,0.027,0.116,0.058,0.089,0.118,0.070,0.148,0.244,0.256,0.214,0.081,0.057,0.272,0.233,0.155,0.174,0.067,0.024,0.022,0.088,0.087,0.068,0.110,0.074,0.148,0.144,0.102,0.055,0.044,0.118,0.035,0.205,0.154,0.099
0.490,0.180,0.049,0.071,0.101,0.058,0.061,0.023,0.023,0.026,0.059,0.124,0.014,0.039,0.016,0.004,0.078,0.086,0.067,0.076,0.165,0.132,0.012,0.057,0.075,0.036,0.018,0.014,0.013,0.020,0.056,0.015,0.072,0.051,0.053,0.076,0.022,0.001,0.066,0.055,0.061,0.010,0.061,0.000,0.011,0.022,0.113,0.087,0.108,0.066,0.100,0.199,0.027,0.036,0.067,0.046,0.019,0.081,0.128,0.134,0.116,0.106,0.073,0.022,0.116,0.063,0.115,0.113,0.062,0.154,0.214,0.258,0.244,0.113,0.109,0.233,0.259,0.082,0.188,0.084,0.087,0.039,0.017,0.025,0.004,0.027,0.009,0.009,0.085,0.009,0.010,0.135,0.167,0.073,0.224,0.169,0.153
0.384,0.187,0.043,0.089,0.118,0.111,0.118,0.107,0.042,0.094,0.087,0.040,0.077,0.020,0.111,0.048,0.089,0.134,0.061,0.013,0.116,0.118,0.056,0.121,0.007,0.015,0.011,0.048,0.006,0.036,0.069,0.017,0.058,0.032,0.033,0.036,0.007,0.004,0.007,0.053,0.029,0.035,0.046,0.011,0.000,0.039,0.097,0.035,0.160,0.117,0.158,0.205,0.056,0.054,0.095,0.067,0.052,0.101,0.050,0.111,0.105,0.101,0.033,0.015,0.075,0.029,0.087,0.055,0.006,0.098,0.100,0.160,0.159,0.047,0.089,0.132,0.175,0.012,0.137,0.048,0.142,0.056,0.078,0.010,0.031,0.016,0.046,0.069,0.062,0.042,0.020,0.148,0.145,0.042,0.167,0.103,0.120
0.410,0.211,0.068,0.134,0.162,0.175,0.185,0.204,0.135,0.180,0.227,0.160,0.125,0.023,0.189,0.022,0.123,0.148,0.105,0.059,0.118,0.152,0.101,0.148,0.049,0.024,0.014,0.048,0.013,0.028,0.064,0.029,0.004,0.002,0.006,0.019,0.017,0.011,0.082,0.017,0.012,0.084,0.001,0.022,0.039,0.000,0.087,0.119,0.077,0.047,0.078,0.213,0.011,0.003,0.046,0.043,0.043,0.123,0.054,0.079,0.100,0.125,0.045,0.022,0.092,0.060,0.129,0.092,0.028,0.094,0.040,0.102,0.106,0.003,0.134,0.003,0.084,0.155,0.010,0.030,0.079,0.014,0.061,0.005,0.022,0.003,0.009,0.018,0.108,0.000,0.038,0.053,0.035,0.035,0.083,0.022,0.099
0.214,0.173,0.016,0.089,0.122,0.164,0.172,0.218,0.137,0.213,0.356,0.370,0.223,0.067,0.253,0.023,0.146,0.177,0.210,0.208,0.031,0.102,0.172,0.218,0.100,0.003,0.030,0.078,0.019,0.032,0.104,0.038,0.001,0.030,0.040,0.096,0.077,0.082,0.064,0.122,0.092,0.040,0.141,0.113,0.097,0.087,0.000,0.118,0.254,0.246,0.254,0.180,0.109,0.079,0.136,0.100,0.106,0.164,0.064,0.051,0.086,0.104,0.030,0.062,0.003,0.018,0.050,0.042,0.086,0.030,0.035,0.077,0.127,0.045,0.248,0.062,0.171,0.089,0.097,0.034,0.221,0.114,0.211,0.101,0.122,0.109,0.134,0.211,0.029,0.154,0.080,0.190,0.132,0.050,0.121,0.054,0.120
0.314,0.258,0.093,0.174,0.195,0.226,0.217,0.260,0.153,0.195,0.377,0.397,0.142,0.055,0.184,0.141,0.332,0.020,0.113,0.096,0.166,0.257,0.098,0.164,0.117,0.027,0.048,0.095,0.055,0.074,0.022,0.041,0.038,0.045,0.034,0.035,0.020,0.026,0.078,0.120,0.131,0.064,0.120,0.087,0.035,0.119,0.118,0.000,0.099,0.179,0.185,0.125,0.093,0.093,0.132,0.121,0.125,0.216,0.007,0.037,0.028,0.067,0.056,0.059,0.000,0.002,0.127,0.071,0.071,0.161,0.047,0.152,0.206,0.126,0.371,0.075,0.180,0.090,0.051,0.011,0.128,0.018,0.092,0.005,0.014,0.014,0.029,0.079,0.082,0.045,0.003,0.102,0.066,0.044,0.125,0.073,0.210
0.302,0.252,0.080,0.188,0.192,0.217,0.217,0.241,0.125,0.114,0.283,0.251,0.021,0.121,0.113,0.134,0.340,0.003,0.094,0.035,0.262,0.364,0.009,0.062,0.084,0.114,0.000,0.028,0.005,0.035,0.042,0.019,0.007,0.047,0.057,0.016,0.040,0.091,0.189,0.036,0.028,0.103,0.066,0.108,0.160,0.077,0.254,0.099,0.000,0.026,0.023,0.269,0.060,0.025,0.003,0.002,0.002,0.087,0.091,0.047,0.103,0.147,0.042,0.046,0.129,0.102,0.280,0.137,0.129,0.142,0.016,0.099,0.110,0.037,0.172,0.033,0.039,0.164,0.056,0.096,0.005,0.071,0.015,0.052,0.049,0.033,0.050,0.036,0.205,0.078,0.102,0.017,0.014,0.025,0.080,0.045,0.215
0.199,0.223,0.042,0.162,0.156,0.196,0.186,0.225,0.091,0.070,0.312,0.336,0.063,0.153,0.093,0.167,0.406,0.041,0.143,0.029,0.257,0.372,0.021,0.015,0.082,0.168,0.032,0.004,0.040,0.002,0.062,0.007,0.047,0.029,0.030,0.030,0.007,0.055,0.144,0.002,0.007,0.058,0.022,0.066,0.117,0.047,0.246,0.179,0.026,0.000,0.004,0.243,0.057,0.030,0.021,0.018,0.017,0.073,0.185,0.033,0.117,0.169,0.040,0.058,0.120,0.088,0.230,0.025,0.083,0.106,0.027,0.073,0.099,0.059,0.190,0.022,0.053,0.123,0.031,0.064,0.039,0.044,0.016,0.016,0.019,0.017,0.008,0.015,0.162,0.032,0.056,0.020,0.017,0.026,0.098,0.073,0.264
0.188,0.255,0.058,0.188,0.161,0.180,0.155,0.159,0.000,0.070,0.154,0.162,0.236,0.237,0.034,0.206,0.466,0.121,0.079,0.157,0.325,0.395,0.126,0.110,0.032,0.248,0.051,0.032,0.059,0.019,0.014,0.076,0.015,0.134,0.130,0.073,0.098,0.128,0.148,0.028,0.004,0.065,0.056,0.100,0.158,0.078,0.254,0.185,0.023,0.004,0.000,0.275,0.025,0.010,0.028,0.036,0.060,0.018,0.239,0.031,0.118,0.158,0.045,0.064,0.190,0.071,0.174,0.017,0.105,0.130,0.021,0.109,0.120,0.092,0.142,0.016,0.052,0.070,0.028,0.077,0.025,0.117,0.089,0.097,0.107,0.034,0.068,0.054,0.228,0.100,0.094,0.014,0.020,0.054,0.133,0.129,0.330
0.153,0.230,0.094,0.211,0.213,0.403,0.357,0.507,0.312,0.367,0.650,0.791,0.360,0.362,0.455,0.288,0.071,0.242,0.546,0.228,0.134,0.029,0.179,0.260,0.278,0.144,0.139,0.250,0.172,0.058,0.073,0.121,0.273,0.300,0.285,0.426,0.270,0.220,0.026,0.138,0.108,0.062,0.152,0.199,0.205,0.213,0.180,0.125,0.269,0.243,0.275,0.000,0.140,0.091,0.171,0.215,0.339,0.404,0.046,0.183,0.069,0.058,0.214,0.119,0.288,0.025,0.073,0.092,0.086,0.057,0.238,0.195,0.139,0.161,0.006,0.070,0.028,0.126,0.045,0.033,0.183,0.114,0.258,0.206,0.197,0.150,0.132,0.207,0.058,0.193,0.050,0.078,0.052,0.059,0.116,0.207,0.091
0.047,0.279,0.079,0.228,0.172,0.259,0.208,0.243,0.068,0.012,0.265,0.334,0.123,0.072,0.080,0.063,0.369,0.044,0.224,0.066,0.185,0.244,0.045,0.025,0.106,0.114,0.033,0.076,0.030,0.081,0.011,0.096,0.047,0.063,0.047,0.049,0.012,0.037,0.095,0.006,0.020,0.040,0.017,0.027,0.056,0.011,0.109,0.093,0.060,0.057,0.025,0.140,0.000,0.027,0.050,0.032,0.061,0.078,0.451,0.091,0.025,0.085,0.132,0.073,0.038,0.018,0.036,0.032,0.045,0.066,0.064,0.003,0.028,0.008,0.063,0.009,0.010,0.076,0.043,0.077,0.014,0.076,0.018,0.043,0.068,0.004,0.040,0.017,0.177,0.037,0.076,0.010,0.018,0.011,0.037,0.017,0.198
0.121,0.261,0.060,0.219,0.151,0.257,0.203,0.229,0.062,0.011,0.224,0.274,0.093,0.024,0.108,0.060,0.259,0.030,0.279,0.041,0.116,0.153,0.019,0.000,0.105,0.061,0.056,0.104,0.040,0.088,0.009,0.067,0.091,0.022,0.020,0.063,0.012,0.039,0.091,0.020,0.010,0.066,0.040,0.036,0.054,0.003,0.079,0.093,0.025,0.030,0.010,0.091,0.027,0.000,0.096,0.026,0.066,0.022,0.533,0.036,0.047,0.095,0.175,0.121,0.067,0.049,0.020,0.068,0.006,0.020,0.098,0.048,0.035,0.057,0.055,0.027,0.033,0.077,0.056,0.086,0.001,0.077,0.022,0.027,0.050,0.025,0.029,0.031,0.162,0.031,0.077,0.023,0.031,0.015,0.001,0.024,0.120
0.012,0.283,0.096,0.243,0.157,0.236,0.170,0.183,0.025,0.061,0.142,0.174,0.191,0.028,0.036,0.033,0.295,0.017,0.254,0.100,0.128,0.133,0.054,0.053,0.088,0.069,0.050,0.066,0.026,0.081,0.101,0.141,0.015,0.119,0.105,0.025,0.078,0.089,0.107,0.051,0.032,0.078,0.066,0.067,0.095,0.046,0.136,0.132,0.003,0.021,0.028,0.171,0.050,0.096,0.000,0.014,0.005,0.023,0.512,0.124,0.009,0.006,0.176,0.091,0.086,0.080,0.066,0.091,0.015,0.005,0.099,0.055,0.047,0.048,0.083,0.038,0.058,0.071,0.086,0.110,0.074,0.144,0.135,0.110,0.142,0.047,0.100,0.073,0.211,0.099,0.114,0.076,0.064,0.012,0.009,0.007,0.153
0.027,0.218,0.071,0.207,0.114,0.226,0.155,0.183,0.043,0.028,0.139,0.162,0.114,0.110,0.099,0.184,0.163,0.075,0.345,0.048,0.023,0.015,0.011,0.013,0.097,0.019,0.068,0.088,0.048,0.031,0.092,0.037,0.111,0.011,0.026,0.028,0.047,0.063,0.087,0.058,0.048,0.082,0.062,0.046,0.067,0.043,0.100,0.121,0.002,0.018,0.036,0.215,0.032,0.026,0.014,0.000,0.058,0.025,0.455,0.147,0.051,0.083,0.151,0.077,0.121,0.101,0.127,0.131,0.076,0.057,0.158,0.135,0.134,0.129,0.197,0.071,0.109,0.077,0.105,0.110,0.078,0.121,0.115,0.055,0.080,0.005,0.066,0.053,0.149,0.063,0.090,0.084,0.090,0.040,0.070,0.076,0.045
0.328,0.167,0.066,0.154,0.064,0.143,0.073,0.099,0.014,0.099,0.043,0.050,0.170,0.095,0.035,0.187,0.169,0.045,0.329,0.091,0.011,0.027,0.044,0.057,0.055,0.016,0.028,0.008,0.002,0.049,0.149,0.029,0.071,0.029,0.035,0.015,0.048,0.055,0.057,0.042,0.028,0.044,0.030,0.019,0.052,0.043,0.106,0.125,0.002,0.017,0.060,0.339,0.061,0.066,0.005,0.058,0.000,0.105,0.199,0.276,0.136,0.138,0.062,0.039,0.119,0.105,0.155,0.139,0.086,0.064,0.148,0.132,0.134,0.104,0.206,0.050,0.098,0.035,0.090,0.084,0.087,0.117,0.146,0.059,0.086,0.014,0.062,0.090,0.111,0.055,0.056,0.076,0.074,0.002,0.051,0.040,0.072
0.027,0.066,0.074,0.061,0.023,0.187,0.158,0.250,0.161,0.126,0.286,0.323,0.122,0.405,0.306,0.480,0.103,0.304,0.615,0.163,0.248,0.254,0.152,0.130,0.196,0.177,0.109,0.087,0.017,0.122,0.026,0.187,0.246,0.143,0.073,0.080,0.045,0.086,0.141,0.131,0.142,0.149,0.104,0.081,0.101,0.123,0.164,0.216,0.087,0.073,0.018,0.404,0.078,0.022,0.023,0.025,0.105,0.000,0.100,0.097,0.038,0.068,0.106,0.101,0.245,0.206,0.301,0.293,0.272,0.258,0.373,0.367,0.365,0.329,0.409,0.223,0.258,0.179,0.205,0.168,0.116,0.104,0.073,0.056,0.076,0.124,0.032,0.017,0.030,0.009,0.056,0.126,0.175,0.132,0.234,0.254,0.185
0.124,0.086,0.245,0.417,0.323,0.723,0.598,0.741,0.565,0.566,0.628,0.583,0.509,0.936,0.783,0.996,0.609,0.692,0.917,0.367,0.460,0.391,0.348,0.327,0.377,0.426,0.305,0.409,0.485,0.017,0.186,0.622,0.746,0.615,0.360,0.302,0.062,0.024,0.176,0.240,0.296,0.372,0.277,0.128,0.050,0.054,0.064,0.007,0.091,0.185,0.239,0.046,0.451,0.533,0.512,0.455,0.199,0.100,0.000,0.527,0.023,0.186,0.002,0.056,0.164,0.114,0.251,0.250,0.291,0.379,0.582,0.694,0.746,0.822,0.853,0.533,0.610,0.456,0.474,0.362,0.231,0.162,0.031,0.124,0.171,0.007,0.151,0.152,0.179,0.121,0.328,0.420,0.584,0.583,0.685,0.845,0.806
0.404,0.187,0.271,0.138,0.209,0.023,0.059,0.011,0.079,0.089,0.049,0.104,0.044,0.228,0.098,0.301,0.074,0.119,0.391,0.026,0.041,0.048,0.041,0.036,0.015,0.019,0.043,0.005,0.078,0.227,0.185,0.306,0.296,0.257,0.226,0.236,0.135,0.110,0.072,0.083,0.078,0.075,0.116,0.134,0.111,0.079,0.051,0.037,0.047,0.033,0.031,0.183,0.091,0.036,0.124,0.147,0.276,0.097,0.527,0.000,0.024,0.068,0.054,0.036,0.094,0.046,0.110,0.100,0.080,0.036,0.128,0.112,0.109,0.093,0.201,0.050,0.001,0.075,0.055,0.064,0.118,0.120,0.137,0.251,0.256,0.336,0.254,0.270,0.192,0.221,0.175,0.129,0.094,0.103,0.018,0.010,0.018
0.219,0.122,0.030,0.054,0.094,0.062,0.020,0.010,0.103,0.140,0.040,0.028,0.148,0.139,0.024,0.228,0.129,0.049,0.278,0.134,0.063,0.043,0.109,0.103,0.061,0.026,0.055,0.004,0.010,0.153,0.003,0.162,0.221,0.168,0.156,0.183,0.112,0.100,0.086,0.078,0.080,0.057,0.083,0.116,0.105,0.100,0.086,0.028,0.103,0.117,0.118,0.069,0.025,0.047,0.009,0.051,0.136,0.038,0.023,0.024,0.000,0.045,0.039,0.042,0.002,0.019,0.032,0.020,0.007,0.035,0.050,0.049,0.063,0.069,0.192,0.065,0.003,0.082,0.041,0.048,0.064,0.051,0.025,0.115,0.076,0.131,0.083,0.074,0.039,0.105,0.075,0.059,0.048,0.076,0.026,0.000,0.051
0.185,0.311,0.118,0.217,0.069,0.189,0.072,0.076,0.084,0.135,0.016,0.007,0.190,0.053,0.001,0.125,0.218,0.012,0.208,0.178,0.152,0.148,0.145,0.131,0.062,0.081,0.038,0.073,0.092,0.068,0.096,0.012,0.169,0.092,0.104,0.167,0.109,0.099,0.082,0.088,0.095,0.051,0.071,0.106,0.101,0.125,0.104,0.067,0.147,0.169,0.158,0.058,0.085,0.095,0.006,0.083,0.138,0.068,0.186,0.068,0.045,0.000,0.004,0.066,0.059,0.069,0.043,0.040,0.077,0.099,0.004,0.011,0.000,0.024,0.112,0.083,0.025,0.073,0.043,0.035,0.061,0.013,0.006,0.028,0.032,0.019,0.010,0.010,0.070,0.043,0.006,0.037,0.033,0.064,0.052,0.019,0.109
0.323,0.219,0.030,0.120,0.034,0.081,0.009,0.004,0.154,0.211,0.055,0.038,0.243,0.050,0.071,0.030,0.308,0.060,0.179,0.182,0.162,0.134,0.157,0.154,0.079,0.170,0.119,0.082,0.082,0.053,0.067,0.056,0.007,0.068,0.028,0.057,0.026,0.030,0.042,0.072,0.089,0.067,0.079,0.073,0.033,0.045,0.030,0.056,0.042,0.040,0.045,0.214,0.132,0.175,0.176,0.151,0.062,0.106,0.002,0.054,0.039,0.004,0.000,0.013,0.004,0.016,0.034,0.031,0.023,0.075,0.004,0.046,0.048,0.058,0.028,0.104,0.070,0.093,0.066,0.046,0.048,0.014,0.054,0.007,0.042,0.048,0.028,0.019,0.051,0.041,0.053,0.079,0.104,0.151,0.138,0.139,0.245
0.324,0.279,0.094,0.206,0.162,0.199,0.129,0.124,0.062,0.130,0.038,0.041,0.218,0.077,0.030,0.013,0.332,0.058,0.162,0.170,0.200,0.197,0.138,0.127,0.017,0.194,0.038,0.021,0.006,0.037,0.060,0.085,0.028,0.106,0.089,0.009,0.025,0.018,0.016,0.035,0.054,0.014,0.027,0.022,0.015,0.022,0.062,0.059,0.046,0.058,0.064,0.119,0.073,0.121,0.091,0.077,0.039,0.101,0.056,0.036,0.042,0.066,0.013,0.000,0.061,0.004,0.006,0.015,0.046,0.087,0.002,0.050,0.052,0.042,0.001,0.062,0.044,0.024,0.013,0.020,0.003,0.084,0.093,0.073,0.095,0.025,0.047,0.042,0.148,0.036,0.037,0.016,0.038,0.085,0.107,0.098,0.239
0.468,0.248,0.099,0.183,0.178,0.240,0.183,0.245,0.036,0.005,0.188,0.202,0.084,0.004,0.068,0.027,0.307,0.013,0.231,0.109,0.139,0.150,0.104,0.072,0.044,0.138,0.019,0.054,0.031,0.001,0.028,0.005,0.053,0.011,0.026,0.130,0.081,0.079,0.042,0.108,0.114,0.081,0.116,0.116,0.075,0.092,0.003,0.000,0.129,0.120,0.190,0.288,0.038,0.067,0.086,0.121,0.119,0.245,0.164,0.094,0.002,0.059,0.004,0.061,0.000,0.027,0.023,0.020,0.027,0.072,0.032,0.017,0.036,0.036,0.058,0.056,0.064,0.018,0.023,0.014,0.071,0.007,0.007,0.017,0.000,0.020,0.016,0.007,0.059,0.046,0.022,0.059,0.035,0.093,0.089,0.060,0.208
0.458,0.274,0.124,0.216,0.228,0.280,0.263,0.312,0.140,0.112,0.273,0.252,0.002,0.030,0.138,0.044,0.255,0.043,0.225,0.055,0.133,0.166,0.015,0.080,0.155,0.034,0.055,0.097,0.060,0.050,0.020,0.020,0.012,0.017,0.018,0.076,0.027,0.028,0.037,0.058,0.063,0.016,0.058,0.063,0.029,0.060,0.018,0.002,0.102,0.088,0.071,0.025,0.018,0.049,0.080,0.101,0.105,0.206,0.114,0.046,0.019,0.069,0.016,0.004,0.027,0.000,0.015,0.020,0.018,0.062,0.042,0.009,0.025,0.004,0.047,0.012,0.030,0.065,0.031,0.061,0.032,0.054,0.015,0.024,0.027,0.022,0.027,0.025,0.122,0.009,0.046,0.011,0.016,0.014,0.046,0.007,0.153
0.580,0.304,0.176,0.257,0.282,0.349,0.340,0.444,0.315,0.332,0.536,0.500,0.191,0.126,0.295,0.086,0.214,0.105,0.301,0.032,0.060,0.123,0.139,0.287,0.263,0.066,0.099,0.139,0.114,0.069,0.046,0.015,0.032,0.016,0.008,0.107,0.049,0.064,0.034,0.082,0.082,0.033,0.089,0.115,0.087,0.129,0.050,0.127,0.280,0.230,0.174,0.073,0.036,0.020,0.066,0.127,0.155,0.301,0.251,0.110,0.032,0.043,0.034,0.006,0.023,0.015,0.000,0.006,0.018,0.037,0.105,0.061,0.023,0.053,0.093,0.057,0.010,0.159,0.104,0.104,0.015,0.059,0.004,0.023,0.022,0.053,0.052,0.059,0.122,0.016,0.075,0.035,0.106,0.067,0.057,0.107,0.063
0.582,0.288,0.156,0.223,0.253,0.285,0.274,0.353,0.254,0.292,0.497,0.457,0.195,0.019,0.250,0.053,0.307,0.051,0.213,0.054,0.112,0.188,0.160,0.227,0.182,0.026,0.070,0.105,0.085,0.060,0.041,0.033,0.010,0.029,0.032,0.047,0.008,0.023,0.058,0.097,0.113,0.069,0.118,0.113,0.055,0.092,0.042,0.071,0.137,0.025,0.017,0.092,0.032,0.068,0.091,0.131,0.139,0.293,0.250,0.100,0.020,0.040,0.031,0.015,0.020,0.020,0.006,0.000,0.023,0.091,0.050,0.035,0.083,0.048,0.258,0.018,0.071,0.149,0.061,0.072,0.026,0.050,0.005,0.033,0.027,0.048,0.038,0.047,0.111,0.013,0.051,0.002,0.050,0.012,0.026,0.016,0.161
