0.000,0.131,2.013,2.400,2.561,1.972,1.454,0.796,3.004,3.679,1.700,0.298,0.384,0.298,0.444,0.483,2.398,1.157,1.888,0.801,1.039,1.865,1.399,1.560,1.043,1.557,1.719,1.954,2.027,1.944,2.248,1.285,1.378,2.053,2.079,0.543,0.639,0.742,1.352,0.378,0.267,0.456,1.020,1.628,2.716,3.303,3.733,0.309,2.846,2.570,3.710,1.216,2.342,0.979,3.692,3.436,2.697,2.414,2.673,2.140,1.475,0.993,0.625,0.782,0.670,0.517,1.344,0.386,0.692,3.275,1.350,2.151,0.483,1.082,0.005,0.248,2.347,1.688,0.147,1.103,0.751,2.873,0.777,0.376,0.295,0.916,1.754,0.998,0.055,0.142,0.467,0.496,1.670,1.137
0.131,0.000,1.490,1.100,2.242,1.412,0.563,1.248,1.886,2.538,0.499,0.324,0.995,0.888,1.581,0.861,1.091,2.356,3.166,1.788,1.782,2.507,1.677,1.859,1.467,1.986,2.124,2.684,2.718,2.426,2.943,2.073,2.124,2.586,2.673,0.639,1.849,0.338,0.601,0.336,0.918,1.180,1.528,2.106,2.961,3.479,3.812,0.372,2.659,2.796,3.700,1.336,2.349,0.928,3.755,3.641,2.753,2.484,3.201,2.703,2.053,1.470,0.160,0.013,0.284,1.243,1.976,0.881,1.291,3.492,1.596,2.296,0.067,1.746,0.407,0.281,2.921,2.106,0.289,1.309,0.928,2.730,0.931,0.058,0.193,0.957,1.746,0.936,0.038,0.447,0.130,0.769,1.314,0.885
2.013,1.490,0.000,0.958,0.801,0.046,0.086,2.672,0.781,1.856,0.600,1.854,2.239,2.163,2.691,1.652,0.328,3.456,3.757,3.298,3.148,3.778,3.005,3.268,3.081,3.304,3.569,4.014,3.904,3.557,3.943,3.311,2.881,2.627,2.706,0.941,1.931,0.323,0.227,0.541,1.162,1.527,1.779,2.247,2.803,3.259,3.670,0.552,2.916,3.480,3.990,1.802,2.752,1.302,4.242,4.283,3.425,2.854,3.865,3.274,3.096,2.224,0.783,1.002,0.117,2.159,3.003,1.402,1.951,3.780,1.806,3.005,0.349,2.957,1.397,1.090,4.057,3.277,1.018,0.637,2.187,1.313,2.134,1.366,1.111,0.471,0.423,0.578,0.971,1.272,0.742,1.574,0.786,0.006
2.400,1.100,0.958,0.000,1.256,0.147,0.549,0.469,0.956,0.544,0.285,0.584,1.697,1.234,0.893,0.862,0.089,2.382,1.583,2.091,2.036,2.158,1.381,1.922,2.334,1.948,1.897,2.149,1.484,1.246,1.254,1.279,0.380,0.216,1.012,0.111,0.443,0.429,0.634,0.214,0.022,0.059,0.007,0.123,0.456,0.668,1.105,1.795,0.334,1.123,1.535,0.563,0.461,0.736,2.140,2.126,1.121,0.619,1.923,1.539,1.427,0.431,0.822,0.628,1.527,1.096,1.784,0.190,0.602,2.148,0.158,0.948,1.458,1.681,0.285,0.123,2.657,1.530,0.138,2.159,0.471,2.328,0.458,0.147,0.370,0.548,1.833,0.273,0.748,0.642,0.873,0.335,1.649,0.056
2.561,2.242,0.801,1.256,0.000,1.259,2.009,1.867,0.091,0.655,0.892,1.191,0.632,1.735,2.829,2.567,1.264,2.815,0.330,3.380,4.065,3.931,2.831,3.483,3.794,3.666,2.827,3.380,1.926,0.831,0.442,0.535,0.524,1.712,2.214,1.821,0.910,2.210,2.496,2.087,1.575,0.927,0.871,0.491,0.283,0.188,0.573,2.059,0.113,1.522,1.238,0.767,0.076,1.651,1.385,1.965,1.061,0.096,1.849,0.992,1.763,0.221,0.917,0.149,2.510,0.171,1.396,1.183,0.569,0.245,1.341,0.409,2.139,1.387,0.708,0.922,1.926,0.928,1.354,3.663,0.051,2.804,0.012,0.179,0.895,1.501,2.418,1.120,1.588,1.104,1.557,1.253,3.728,2.465
1.972,1.412,0.046,0.147,1.259,0.000,1.218,1.285,0.874,0.086,0.367,1.826,1.271,0.101,0.945,0.373,0.023,0.018,1.168,0.940,1.649,1.645,0.653,1.668,2.207,1.755,0.997,1.158,0.084,0.321,0.731,1.147,0.878,1.697,1.769,0.925,0.375,1.053,0.992,0.866,0.636,0.269,0.323,0.314,0.282,0.138,0.237,1.942,0.179,1.681,1.240,0.881,0.083,1.396,1.482,1.906,0.821,0.047,1.788,0.938,1.593,0.334,0.566,0.144,2.446,0.101,1.474,1.153,0.436,0.401,1.311,0.791,1.821,2.002,0.104,0.021,2.565,1.062,0.410,2.756,0.265,1.551,0.275,0.109,0.371,0.414,1.666,0.091,1.021,0.713,0.806,0.411,2.762,1.186
1.454,0.563,0.086,0.549,2.009,1.218,0.000,0.489,0.416,0.654,0.500,1.402,0.031,0.874,0.995,1.260,0.219,2.048,0.218,1.267,1.297,1.405,0.289,0.912,1.182,1.098,0.661,1.318,0.589,0.043,0.113,0.222,0.529,0.943,0.602,0.645,0.061,0.915,1.202,0.918,0.769,0.635,0.674,0.565,0.327,0.127,0.197,2.551,0.405,0.660,0.745,1.461,0.422,1.848,1.084,1.220,0.128,0.462,1.089,0.492,0.512,0.462,1.655,1.151,2.781,0.250,0.672,1.434,0.668,0.687,1.374,0.126,2.370,0.966,0.694,0.815,1.895,0.485,1.014,3.378,0.632,3.111,0.663,1.028,1.493,1.640,2.946,1.371,1.820,1.505,1.680,0.803,2.995,1.403
0.796,1.248,2.672,0.469,1.867,1.285,0.489,0.000,0.736,0.877,0.991,0.386,1.278,1.848,2.392,2.040,0.412,3.683,1.280,2.367,1.976,2.370,1.283,1.319,1.355,1.401,1.262,2.450,2.126,0.536,1.302,0.019,0.100,0.944,1.506,1.830,0.366,2.095,2.819,2.352,1.872,1.233,1.174,0.647,0.274,0.256,0.444,2.606,0.368,0.644,0.723,1.495,0.643,2.348,0.676,0.956,0.003,0.664,0.772,0.070,0.070,1.030,2.493,1.718,3.535,1.486,0.495,2.211,1.718,0.189,1.853,0.325,2.945,0.232,2.080,2.016,0.844,0.215,2.298,4.312,1.410,4.566,1.479,2.207,2.506,2.990,4.029,2.898,2.635,2.061,2.546,2.025,4.588,3.480
3.004,1.886,0.781,0.956,0.091,0.874,0.416,0.736,0.000,0.094,0.080,0.452,0.076,1.162,0.792,0.568,0.267,1.874,0.091,2.554,2.594,2.546,1.896,2.632,3.280,2.571,2.453,2.369,1.216,1.079,0.426,0.427,0.448,1.036,0.528,0.770,0.454,1.126,0.889,0.598,0.369,0.303,0.246,0.210,0.001,0.181,0.711,1.875,0.301,1.363,1.477,0.574,0.421,0.769,2.130,2.282,1.301,0.579,2.064,1.564,1.906,0.641,0.426,0.192,1.603,1.305,2.201,0.260,0.577,1.788,0.454,1.056,1.522,2.178,0.616,0.101,2.953,1.810,0.031,2.047,0.928,1.556,0.932,0.858,0.219,0.142,1.200,0.506,0.497,0.491,0.663,0.377,1.778,0.092
3.679,2.538,1.856,0.544,0.655,0.086,0.654,0.877,0.094,0.000,0.268,1.164,0.983,0.157,0.094,0.044,0.481,0.705,0.613,1.137,1.507,1.427,0.609,1.633,2.224,1.708,1.250,1.193,0.105,0.172,0.356,0.205,0.831,1.079,0.350,0.226,0.171,0.468,0.194,0.015,0.009,0.132,0.157,0.311,0.163,0.144,0.369,2.082,0.036,1.146,1.218,0.911,0.205,0.938,1.916,2.007,0.901,0.265,1.845,1.410,1.682,0.506,0.442,0.229,1.701,1.261,2.215,0.373,0.554,1.707,0.624,0.914,1.566,2.299,0.814,0.387,3.014,1.519,0.236,2.108,0.620,1.341,0.673,0.670,0.034,0.162,1.340,0.594,0.642,0.636,0.641,0.462,1.521,0.582
1.700,0.499,0.600,0.285,0.892,0.367,0.500,0.991,0.080,0.268,0.000,0.178,0.345,0.059,0.434,0.645,0.973,0.845,0.037,1.345,1.187,1.220,0.666,1.277,1.960,1.133,1.310,1.181,0.354,0.476,0.006,0.195,0.543,0.848,0.053,0.199,0.105,0.400,0.196,0.014,0.074,0.001,0.008,0.101,0.075,0.120,0.595,1.966,0.166,1.146,1.345,0.830,0.344,0.816,2.025,1.998,0.899,0.356,1.795,1.337,1.320,0.368,0.742,0.523,1.779,0.874,1.716,0.446,0.398,1.875,0.492,1.022,1.564,1.956,0.579,0.228,2.968,1.541,0.157,1.809,0.625,1.628,0.597,0.306,0.083,0.126,1.424,0.349,0.561,0.609,0.620,0.588,1.553,0.355
0.298,0.324,1.854,0.584,1.191,1.826,1.402,0.386,0.452,1.164,0.178,0.000,0.207,0.240,0.368,0.808,2.263,0.528,1.014,1.378,0.694,1.203,0.441,0.779,1.005,0.649,1.260,1.566,1.374,1.367,1.311,1.086,1.026,0.365,0.384,0.401,1.302,0.290,0.136,0.443,0.772,1.097,1.103,1.187,1.366,1.494,1.830,0.730,1.479,2.541,2.566,0.274,1.444,0.034,2.862,2.915,1.785,1.222,2.682,1.954,1.789,1.107,0.126,0.396,1.359,0.683,1.753,0.043,0.606,2.197,0.221,2.057,0.704,2.472,0.839,0.858,3.632,2.196,0.630,1.315,1.160,1.327,1.039,0.255,0.225,0.233,1.126,0.248,0.079,0.338,0.211,0.938,1.592,0.307
0.384,0.995,2.239,1.697,0.632,1.271,0.031,1.278,0.076,0.983,0.345,0.207,0.000,1.099,1.277,1.941,2.421,0.185,0.393,0.121,0.036,0.232,0.294,0.364,0.838,0.287,0.529,0.389,0.048,0.492,0.324,1.003,0.226,0.511,1.675,0.945,1.171,0.820,0.910,1.067,1.049,0.775,0.779,0.549,0.795,0.691,1.133,1.388,0.917,1.614,1.971,0.414,1.024,0.184,2.577,2.285,1.145,0.730,1.884,1.419,1.009,0.505,0.615,0.593,1.574,0.628,1.500,0.272,0.561,2.533,0.031,1.710,1.114,2.185,1.021,0.822,3.499,1.897,0.846,0.915,1.007,1.155,0.887,0.255,0.226,0.622,1.028,0.671,0.047,0.069,0.039,1.356,0.841,0.943
0.298,0.888,2.163,1.234,1.735,0.101,0.874,1.848,1.162,0.157,0.059,0.240,1.099,0.000,0.080,0.506,1.195,0.842,1.385,0.615,0.915,0.928,0.283,1.071,1.523,1.103,0.677,0.777,0.207,0.327,0.673,0.424,0.899,1.049,0.266,0.629,0.364,0.731,0.554,0.503,0.493,0.598,0.580,0.732,0.514,0.492,0.062,2.443,0.009,0.879,0.953,1.388,0.070,1.438,1.360,1.279,0.270,0.426,0.792,0.115,0.166,0.589,1.596,1.461,2.994,0.683,0.403,1.692,0.884,0.856,1.429,0.636,2.393,1.205,0.180,0.417,2.343,0.918,0.495,2.206,0.185,1.969,0.022,0.435,0.595,0.310,1.824,0.179,1.022,1.094,1.057,0.025,2.339,0.445
0.444,1.581,2.691,0.893,2.829,0.945,0.995,2.392,0.792,0.094,0.434,0.368,1.277,0.080,0.000,0.197,0.737,0.543,3.103,0.105,1.543,1.607,1.380,2.053,2.214,2.053,1.117,0.971,0.736,0.824,1.578,0.906,1.664,1.706,0.808,1.586,1.565,1.713,1.384,1.453,1.488,1.686,1.575,1.777,1.479,1.429,0.920,3.109,0.328,0.308,0.381,1.993,0.611,2.015,0.680,0.539,0.238,1.150,0.320,1.129,0.857,1.596,2.484,2.648,4.078,1.952,0.747,2.833,2.057,0.068,2.364,0.088,3.360,0.254,0.959,1.338,1.462,0.330,1.323,2.421,0.036,2.264,0.302,0.771,0.808,0.484,1.891,0.418,1.369,1.665,1.630,0.622,2.970,1.043
0.483,0.861,1.652,0.862,2.567,0.373,1.260,2.040,0.568,0.044,0.645,0.808,1.941,0.506,0.197,0.000,0.664,0.003,2.535,0.598,0.827,0.746,0.216,1.283,1.509,1.461,0.278,0.196,0.986,1.026,1.442,0.996,1.636,1.633,0.702,1.272,1.230,1.394,1.122,1.133,1.206,1.445,1.400,1.622,1.365,1.364,0.894,3.164,0.532,0.218,0.288,2.074,0.713,2.092,0.659,0.541,0.365,1.176,0.129,0.832,0.638,1.407,2.297,2.344,3.840,1.480,0.347,2.547,1.692,0.112,2.232,0.007,3.198,0.556,0.768,1.104,1.670,0.312,1.137,2.721,0.274,2.350,0.463,0.821,1.012,0.701,2.191,0.525,1.553,1.722,1.668,0.608,2.886,0.841
2.398,1.091,0.328,0.089,1.264,0.023,0.219,0.412,0.267,0.481,0.973,2.263,2.421,1.195,0.737,0.664,0.000,0.570,2.275,0.354,0.611,0.422,0.293,0.936,1.538,1.041,0.053,0.075,1.293,1.285,1.798,1.558,1.999,2.176,1.349,1.215,1.177,1.314,0.962,0.958,1.046,1.241,1.284,1.531,1.407,1.441,0.963,3.231,0.934,0.155,0.103,2.129,0.896,2.140,0.668,0.717,0.349,1.089,0.393,0.185,0.172,0.901,1.749,1.575,3.292,0.503,0.617,1.979,1.056,0.255,2.067,0.117,2.895,1.099,0.350,0.709,1.914,0.342,0.856,2.984,0.390,2.111,0.419,0.472,0.959,0.630,2.216,0.262,1.654,1.728,1.635,0.583,2.684,0.424
1.157,2.356,3.456,2.382,2.815,0.018,2.048,3.683,1.874,0.705,0.845,0.528,0.185,0.842,0.543,0.003,0.570,0.000,0.821,0.597,0.104,0.050,0.611,0.355,0.563,0.564,0.029,0.171,0.224,0.100,0.049,0.501,0.003,0.053,0.911,0.361,0.532,0.278,0.396,0.395,0.314,0.083,0.073,0.199,0.014,0.099,0.268,1.967,0.633,1.327,1.426,1.026,0.472,0.976,1.729,1.454,0.430,0.214,0.797,0.088,0.145,0.485,1.430,1.415,2.892,0.862,0.194,1.586,0.742,1.260,1.069,1.224,1.995,1.542,0.262,0.146,2.862,1.332,0.124,1.482,0.646,1.404,0.362,0.280,0.205,0.203,1.338,0.224,0.443,0.535,0.402,0.638,1.694,0.107
1.888,3.166,3.757,1.583,0.330,1.168,0.218,1.280,0.091,0.613,0.037,1.014,0.393,1.385,3.103,2.535,2.275,0.821,0.000,0.914,0.951,0.986,0.866,0.470,0.243,0.786,0.277,0.974,1.359,0.208,0.584,0.959,0.064,1.499,3.015,1.050,1.385,1.166,1.285,1.325,1.182,0.600,0.640,0.208,0.530,0.236,0.700,1.780,0.674,0.895,1.607,0.937,0.832,0.238,2.323,1.613,0.506,0.286,0.933,0.545,0.307,0.370,1.522,1.936,2.135,0.460,0.306,0.907,0.125,2.605,0.187,1.541,1.578,1.211,0.647,0.457,2.978,1.381,0.746,0.178,0.778,1.284,0.537,0.394,0.013,0.820,0.996,0.594,0.122,0.370,0.045,1.634,0.474,1.194
0.801,1.788,3.298,2.091,3.380,0.940,1.267,2.367,2.554,1.137,1.345,1.378,0.121,0.615,0.105,0.598,0.354,0.597,0.914,0.000,0.040,0.065,0.294,0.638,1.272,0.580,0.530,0.210,0.363,0.101,0.222,0.483,0.155,0.126,0.530,0.514,0.684,0.441,0.689,0.614,0.587,0.499,0.437,0.127,0.178,0.019,0.392,1.609,0.870,1.820,1.692,0.660,0.790,0.633,2.046,1.880,0.822,0.109,1.315,0.529,0.479,0.047,0.821,0.660,2.506,0.463,0.709,1.206,0.380,1.383,0.821,1.657,1.538,2.156,0.797,0.692,3.363,1.861,0.596,0.951,1.296,0.593,0.976,0.407,0.492,0.964,0.562,0.971,0.134,0.019,0.208,1.079,1.277,0.466
1.039,1.782,3.148,2.036,4.065,1.649,1.297,1.976,2.594,1.507,1.187,0.694,0.036,0.915,1.543,0.827,0.611,0.104,0.951,0.040,0.000,0.064,0.858,0.410,0.821,0.630,0.271,0.084,0.164,0.399,0.364,0.023,0.001,0.540,0.194,0.176,0.451,0.090,0.219,0.087,0.081,0.179,0.058,0.177,0.215,0.317,0.065,1.886,0.542,1.719,1.283,0.996,0.325,1.267,1.378,1.395,0.348,0.481,0.893,0.080,0.062,0.383,1.169,0.713,3.187,1.294,0.021,1.891,1.123,0.365,1.501,1.192,1.940,1.740,0.193,0.259,2.789,1.250,0.032,1.655,0.745,0.936,0.403,0.137,0.044,0.345,1.023,0.360,0.406,0.332,0.177,0.357,2.001,0.437
1.865,2.507,3.778,2.158,3.931,1.645,1.405,2.370,2.546,1.427,1.220,1.203,0.232,0.928,1.607,0.746,0.422,0.050,0.986,0.065,0.064,0.000,0.039,0.748,0.864,0.775,0.084,0.026,0.093,0.288,0.198,0.154,0.209,0.375,0.090,0.097,0.371,0.010,0.134,0.051,0.056,0.061,0.041,0.274,0.319,0.425,0.210,1.874,0.685,1.744,1.269,1.007,0.353,1.301,1.237,1.181,0.238,0.658,0.491,0.593,0.513,0.737,1.485,1.103,3.581,2.014,0.678,2.316,1.597,0.079,1.709,1.218,2.108,1.377,0.046,0.051,2.538,1.156,0.125,1.411,0.856,0.892,0.403,0.280,0.020,0.445,0.826,0.339,0.284,0.277,0.122,0.331,2.039,0.611
1.399,1.677,3.005,1.381,2.831,0.653,0.289,1.283,1.896,0.609,0.666,0.441,0.294,0.283,1.380,0.216,0.293,0.611,0.866,0.294,0.858,0.039,0.000,0.171,0.854,0.428,0.192,0.123,0.464,0.096,0.016,0.156,0.438,0.370,0.589,0.105,0.511,0.106,0.068,0.124,0.101,0.597,0.584,0.564,0.539,0.614,0.801,0.730,1.725,3.046,2.268,0.087,1.193,0.617,1.914,2.190,1.298,0.260,1.590,0.256,0.630,0.254,0.504,0.251,2.874,1.708,0.097,1.691,1.201,0.140,1.107,1.912,1.265,1.903,0.248,0.545,2.809,1.474,0.145,1.181,1.247,0.423,0.908,0.038,0.462,0.601,0.357,0.438,0.192,0.455,0.419,0.354,2.131,1.180
1.560,1.859,3.268,1.922,3.483,1.668,0.912,1.319,2.632,1.633,1.277,0.779,0.364,1.071,2.053,1.283,0.936,0.355,0.470,0.638,0.410,0.748,0.171,0.000,0.335,0.053,0.357,0.580,0.631,0.142,0.059,0.054,0.438,0.554,0.797,0.106,0.626,0.003,0.076,0.263,0.131,0.396,0.207,0.168,0.049,0.015,0.023,1.438,0.750,2.356,1.371,0.637,0.354,1.492,1.015,1.390,0.386,0.606,1.071,0.251,0.177,0.252,0.956,0.110,3.432,2.045,0.565,2.172,1.612,0.654,1.758,1.189,1.698,1.603,0.206,0.201,2.389,0.968,0.245,1.924,0.623,0.826,0.209,0.417,0.175,0.000,0.942,0.098,0.444,0.033,0.013,0.126,2.433,1.534
1.043,1.467,3.081,2.334,3.794,2.207,1.182,1.355,3.280,2.224,1.960,1.005,0.838,1.523,2.214,1.509,1.538,0.563,0.243,1.272,0.821,0.864,0.854,0.335,0.000,0.085,0.224,1.051,0.897,0.488,0.548,0.562,0.954,0.066,0.056,1.052,1.513,0.965,0.964,0.844,0.955,1.376,1.150,1.014,0.779,0.712,0.820,0.827,1.215,2.885,2.052,0.007,1.066,0.637,1.995,2.315,1.133,0.308,2.203,1.119,1.429,0.875,0.130,1.147,2.147,0.246,1.094,0.824,0.130,0.688,0.673,1.973,0.723,2.922,1.025,1.347,3.633,2.007,0.891,1.266,1.400,0.024,1.078,0.655,0.623,0.816,0.324,0.856,0.302,0.713,0.827,0.899,1.383,0.294
1.557,1.986,3.304,1.948,3.666,1.755,1.098,1.401,2.571,1.708,1.133,0.649,0.287,1.103,2.053,1.461,1.041,0.564,0.786,0.580,0.630,0.775,0.428,0.053,0.085,0.000,1.178,0.349,0.250,0.778,0.364,0.375,0.047,0.988,1.060,0.263,0.175,0.419,0.519,0.749,0.705,0.303,0.523,0.597,0.779,0.757,0.708,2.349,0.089,1.399,0.575,1.533,0.444,2.258,0.314,0.583,0.445,1.379,0.235,1.001,0.683,1.118,1.885,0.939,4.206,2.673,1.239,2.917,2.287,1.134,2.471,0.405,2.557,0.843,0.903,0.559,1.768,0.290,0.921,2.635,0.156,1.700,0.592,1.207,0.998,0.710,1.826,0.780,1.246,0.898,0.801,0.713,3.017,1.875
1.719,2.124,3.569,1.897,2.827,0.997,0.661,1.262,2.453,1.250,1.310,1.260,0.529,0.677,1.117,0.278,0.053,0.029,0.277,0.530,0.271,0.084,0.192,0.357,0.224,1.178,0.000,0.275,0.603,0.205,0.204,0.191,0.734,0.201,0.359,0.353,0.909,0.321,0.348,0.198,0.350,0.805,0.665,0.577,0.409,0.385,0.516,1.126,1.148,2.569,1.856,0.297,0.884,0.847,1.735,1.907,0.851,0.020,1.500,0.286,0.426,0.113,0.741,0.105,2.923,1.616,0.107,1.668,1.108,0.258,1.154,1.752,1.323,1.941,0.306,0.618,2.953,1.572,0.284,1.112,1.242,0.518,0.780,0.074,0.348,0.676,0.479,0.481,0.149,0.386,0.477,0.573,1.824,0.776
1.954,2.684,4.014,2.149,3.380,1.158,1.318,2.450,2.369,1.193,1.181,1.566,0.389,0.777,0.971,0.196,0.075,0.171,0.974,0.210,0.084,0.026,0.123,0.580,1.051,0.349,0.275,0.000,0.020,0.303,0.235,0.255,0.181,0.335,0.079,0.049,0.323,0.034,0.096,0.072,0.090,0.050,0.127,0.367,0.344,0.446,0.176,2.047,0.544,1.466,1.205,1.157,0.290,1.289,1.306,1.148,0.184,0.623,0.440,0.549,0.602,0.850,1.711,1.468,3.554,1.947,0.657,2.292,1.568,0.341,1.651,1.137,2.246,1.179,0.129,0.102,2.489,1.129,0.194,1.371,0.766,1.178,0.310,0.448,0.120,0.368,1.023,0.232,0.371,0.460,0.286,0.377,2.008,0.487
2.027,2.718,3.904,1.484,1.926,0.084,0.589,2.126,1.216,0.105,0.354,1.374,0.048,0.207,0.736,0.986,1.293,0.224,1.359,0.363,0.164,0.093,0.464,0.631,0.897,0.250,0.603,0.020,0.000,0.020,0.253,0.135,0.077,0.269,0.165,0.452,0.042,0.452,0.296,0.354,0.287,0.270,0.191,0.342,0.112,0.108,0.258,1.874,0.864,1.493,1.528,0.943,0.558,0.977,1.655,1.399,0.520,0.239,0.538,0.408,0.570,0.834,1.844,1.844,3.374,1.932,0.655,2.172,1.545,0.730,1.377,1.263,2.276,0.822,0.288,0.354,2.296,1.097,0.359,1.171,0.757,1.505,0.353,0.613,0.164,0.275,1.114,0.061,0.322,0.528,0.446,0.363,2.092,0.618
1.944,2.426,3.557,1.246,0.831,0.321,0.043,0.536,1.079,0.172,0.476,1.367,0.492,0.327,0.824,1.026,1.285,0.100,0.208,0.101,0.399,0.288,0.096,0.142,0.488,0.778,0.205,0.303,0.020,0.000,0.073,0.104,0.605,0.347,0.365,0.278,0.468,0.213,0.185,0.281,0.104,0.259,0.231,0.214,0.251,0.294,0.541,1.658,0.761,1.725,1.614,0.806,0.624,0.941,1.759,1.620,0.565,0.066,1.078,0.052,0.222,0.508,1.702,1.261,3.162,2.013,0.577,1.973,1.513,0.683,1.215,1.390,1.959,0.808,0.343,0.175,2.351,1.062,0.275,1.072,0.658,1.574,0.217,0.998,0.324,0.226,1.216,0.124,0.282,0.353,0.233,0.385,2.074,0.851
2.248,2.943,3.943,1.254,0.442,0.731,0.113,1.302,0.426,0.356,0.006,1.311,0.324,0.673,1.578,1.442,1.798,0.049,0.584,0.222,0.364,0.198,0.016,0.059,0.548,0.364,0.204,0.235,0.253,0.073,0.000,0.226,0.266,0.007,0.499,0.520,0.142,0.424,0.356,0.350,0.264,0.281,0.173,0.257,0.063,0.101,0.454,2.025,0.581,1.077,1.407,1.132,0.420,1.008,1.674,1.306,0.335,0.191,0.577,0.220,0.662,0.925,2.137,2.167,3.209,1.802,0.674,2.018,1.447,1.082,1.190,1.046,2.352,0.385,0.534,0.589,2.045,0.756,0.511,1.255,0.264,2.103,0.062,1.133,0.652,0.124,1.652,0.395,0.625,0.888,0.789,0.299,2.107,0.648
1.285,2.073,3.311,1.279,0.535,1.147,0.222,0.019,0.427,0.205,0.195,1.086,1.003,0.424,0.906,0.996,1.558,0.501,0.959,0.483,0.023,0.154,0.156,0.054,0.562,0.375,0.191,0.255,0.135,0.104,0.226,0.000,0.121,0.472,0.004,0.282,0.670,0.259,0.405,0.323,0.193,0.047,0.082,0.070,0.123,0.200,0.488,2.150,0.084,0.943,1.156,1.239,0.096,1.293,1.524,1.367,0.233,0.205,1.063,0.378,0.027,0.541,1.847,1.464,2.832,1.015,0.007,1.554,0.939,1.106,1.094,0.721,2.161,0.714,0.526,0.494,2.187,0.639,0.556,2.031,0.248,2.550,0.403,1.289,1.114,0.696,2.312,0.817,1.143,1.127,1.090,0.011,2.428,0.853
1.378,2.124,2.881,0.380,0.524,0.878,0.529,0.100,0.448,0.831,0.543,1.026,0.226,0.899,1.664,1.636,1.999,0.003,0.064,0.155,0.001,0.209,0.438,0.438,0.954,0.047,0.734,0.181,0.077,0.605,0.266,0.121,0.000,0.135,0.417,1.046,0.215,0.827,0.608,0.481,0.270,0.250,0.035,0.009,0.378,0.491,0.919,1.773,0.688,1.141,1.665,0.762,0.684,0.582,2.136,1.775,0.811,0.373,1.161,0.512,0.049,0.395,1.724,1.803,2.460,0.910,0.064,1.266,0.747,1.770,0.578,1.237,1.971,0.539,0.267,0.477,2.161,1.022,0.355,0.968,0.491,2.062,0.285,0.729,0.364,0.081,1.427,0.169,0.374,0.717,0.719,0.544,1.798,0.390
2.053,2.586,2.627,0.216,1.712,1.697,0.943,0.944,1.036,1.079,0.848,0.365,0.511,1.049,1.706,1.633,2.176,0.053,1.499,0.126,0.540,0.375,0.370,0.554,0.066,0.988,0.201,0.335,0.269,0.347,0.007,0.472,0.135,0.000,0.136,1.437,0.526,0.942,1.119,0.916,0.670,0.478,0.300,0.072,0.360,0.526,0.777,2.244,0.101,0.329,1.034,1.442,0.054,1.269,1.447,1.067,0.038,0.178,0.724,0.158,0.656,1.021,2.588,2.386,2.853,1.583,0.730,1.706,1.352,1.323,0.944,0.288,2.454,0.710,1.340,1.313,0.944,0.473,1.214,1.893,1.102,3.493,1.113,2.187,1.832,1.296,2.911,1.608,1.601,1.820,1.866,0.443,2.622,1.293
2.079,2.673,2.706,1.012,2.214,1.769,0.602,1.506,0.528,0.350,0.053,0.384,1.675,0.266,0.808,0.702,1.349,0.911,3.015,0.530,0.194,0.090,0.589,0.797,0.056,1.060,0.359,0.079,0.165,0.365,0.499,0.004,0.417,0.136,0.000,0.036,2.269,0.007,1.223,0.939,0.703,0.278,0.443,0.120,0.088,0.279,0.360,2.762,1.050,0.201,0.282,1.972,0.888,2.163,0.654,0.524,0.731,0.795,0.642,0.163,0.688,1.183,2.837,2.078,3.030,1.377,0.746,1.768,1.336,0.692,1.349,0.568,2.613,0.853,1.936,1.650,0.567,1.041,1.748,3.446,2.198,4.661,2.094,2.954,2.989,2.690,4.305,2.828,2.751,2.408,2.607,1.418,3.584,2.107
0.543,0.639,0.941,0.111,1.821,0.925,0.645,1.830,0.770,0.226,0.199,0.401,0.945,0.629,1.586,1.272,1.215,0.361,1.050,0.514,0.176,0.097,0.105,0.106,1.052,0.263,0.353,0.049,0.452,0.278,0.520,0.282,1.046,1.437,0.036,0.000,0.287,0.095,0.104,0.154,0.023,0.334,0.421,0.560,0.407,0.438,0.012,2.746,1.040,0.239,0.346,1.712,0.545,1.304,1.374,1.118,0.089,0.230,1.160,1.031,0.475,0.306,1.610,1.442,1.818,0.664,1.076,0.518,0.291,2.046,0.631,0.038,1.968,0.713,0.013,0.381,1.901,0.317,0.216,1.850,0.510,2.542,0.398,0.719,1.003,0.398,2.203,0.324,1.267,1.562,1.453,0.439,1.136,0.762
0.639,1.849,1.931,0.443,0.910,0.375,0.061,0.366,0.454,0.171,0.105,1.302,1.171,0.364,1.565,1.230,1.177,0.532,1.385,0.684,0.451,0.371,0.511,0.626,1.513,0.175,0.909,0.323,0.042,0.468,0.142,0.670,0.215,0.526,2.269,0.287,0.000,0.128,0.422,0.445,0.303,0.500,0.361,0.577,0.230,0.292,0.274,2.539,0.580,0.334,0.664,1.372,0.051,0.654,1.842,1.249,0.247,0.145,0.925,0.878,0.147,0.431,1.746,2.138,1.610,0.496,0.774,0.357,0.378,2.823,0.098,0.506,1.848,0.385,0.196,0.434,1.840,0.782,0.077,0.483,0.308,2.021,0.246,0.251,0.257,0.431,1.246,0.297,0.357,1.075,0.902,1.304,0.129,1.283
0.742,0.338,0.323,0.429,2.210,1.053,0.915,2.095,1.126,0.468,0.400,0.290,0.820,0.731,1.713,1.394,1.314,0.278,1.166,0.441,0.090,0.010,0.106,0.003,0.965,0.419,0.321,0.034,0.452,0.213,0.424,0.259,0.827,0.942,0.007,0.095,0.128,0.000,0.208,0.373,0.160,0.351,0.428,0.495,0.340,0.360,0.099,2.742,1.387,0.697,0.120,1.694,0.703,1.147,1.360,1.049,0.149,0.076,1.259,1.372,0.594,0.178,1.558,1.423,1.184,1.120,1.290,0.053,0.783,2.531,0.177,0.277,1.655,0.285,0.018,0.488,1.235,0.045,0.181,1.573,0.743,2.759,0.528,0.762,1.093,0.474,2.193,0.424,1.282,1.646,1.608,0.533,0.336,1.178
1.352,0.601,0.227,0.634,2.496,0.992,1.202,2.819,0.889,0.194,0.196,0.136,0.910,0.554,1.384,1.122,0.962,0.396,1.285,0.689,0.219,0.134,0.068,0.076,0.964,0.519,0.348,0.096,0.296,0.185,0.356,0.405,0.608,1.119,1.223,0.104,0.422,0.208,0.000,0.312,0.236,0.227,0.160,0.095,0.243,0.205,0.135,2.585,1.908,0.722,0.176,1.560,1.027,1.317,1.119,1.148,0.166,0.023,1.900,2.165,1.415,0.451,0.941,0.270,0.335,2.149,2.115,0.898,1.604,2.353,0.103,0.696,0.984,0.488,0.112,0.197,0.776,0.347,0.114,2.245,1.148,3.039,0.760,0.681,1.336,0.932,2.440,0.716,1.600,1.544,1.634,0.076,0.195,1.288
0.378,0.336,0.541,0.214,2.087,0.866,0.918,2.352,0.598,0.015,0.014,0.443,1.067,0.503,1.453,1.133,0.958,0.395,1.325,0.614,0.087,0.051,0.124,0.263,0.844,0.749,0.198,0.072,0.354,0.281,0.350,0.323,0.481,0.916,0.939,0.154,0.445,0.373,0.312,0.000,0.117,0.009,0.499,0.353,0.569,0.516,0.237,2.979,2.446,1.344,0.695,1.962,1.519,1.672,0.651,0.600,0.677,0.388,1.380,1.692,0.754,0.092,1.578,0.870,0.653,1.502,1.344,0.563,1.144,2.116,0.147,1.284,1.309,0.507,0.530,0.877,0.269,0.926,0.666,2.080,1.517,3.453,1.214,1.129,1.690,1.085,2.590,1.035,1.891,1.953,2.090,0.149,0.476,1.032
0.267,0.918,1.162,0.022,1.575,0.636,0.769,1.872,0.369,0.009,0.074,0.772,1.049,0.493,1.488,1.206,1.046,0.314,1.182,0.587,0.081,0.056,0.101,0.131,0.955,0.705,0.350,0.090,0.287,0.104,0.264,0.193,0.270,0.670,0.703,0.023,0.303,0.160,0.236,0.117,0.000,0.268,0.371,0.216,0.499,0.449,0.132,2.843,2.217,1.261,0.494,1.784,1.271,1.299,0.974,0.752,0.477,0.164,1.398,1.679,0.610,0.101,1.664,1.069,0.617,1.171,1.029,0.644,1.092,2.678,0.134,1.032,1.217,0.874,0.433,0.926,0.530,0.842,0.443,0.747,1.040,2.824,0.816,0.897,1.138,0.217,1.778,0.455,1.208,1.689,1.718,0.719,1.028,1.000
0.456,1.180,1.527,0.059,0.927,0.269,0.635,1.233,0.303,0.132,0.001,1.097,0.775,0.598,1.686,1.445,1.241,0.083,0.600,0.499,0.179,0.061,0.597,0.396,1.376,0.303,0.805,0.050,0.270,0.259,0.281,0.047,0.250,0.478,0.278,0.334,0.500,0.351,0.227,0.009,0.268,0.000,0.023,0.288,0.400,0.431,0.229,2.324,1.094,0.674,0.436,1.033,0.031,0.073,2.252,1.557,0.492,0.712,1.637,1.859,0.802,0.273,1.183,1.405,0.259,1.140,1.192,1.028,1.356,4.113,1.091,0.563,0.811,0.295,0.683,0.057,0.579,0.203,0.787,1.753,0.615,0.975,0.769,0.224,0.609,1.698,0.207,1.166,0.927,0.336,0.229,2.346,1.572,1.582
1.020,1.528,1.779,0.007,0.871,0.323,0.674,1.174,0.246,0.157,0.008,1.103,0.779,0.580,1.575,1.400,1.284,0.073,0.640,0.437,0.058,0.041,0.584,0.207,1.150,0.523,0.665,0.127,0.191,0.231,0.173,0.082,0.035,0.300,0.443,0.421,0.361,0.428,0.160,0.499,0.371,0.023,0.000,0.195,0.273,0.191,0.348,2.230,1.303,0.998,0.280,0.894,0.134,0.204,2.141,1.337,0.336,0.760,1.470,1.624,0.383,0.022,1.642,1.698,0.214,0.342,0.361,0.902,0.650,3.413,1.527,0.199,0.545,1.601,0.118,0.875,1.075,0.426,0.083,2.482,0.262,1.174,0.389,0.230,0.349,1.427,0.270,0.686,1.000,0.195,0.273,1.487,1.197,0.814
1.628,2.106,2.247,0.123,0.491,0.314,0.565,0.647,0.210,0.311,0.101,1.187,0.549,0.732,1.777,1.622,1.531,0.199,0.208,0.127,0.177,0.274,0.564,0.168,1.014,0.597,0.577,0.367,0.342,0.214,0.257,0.070,0.009,0.072,0.120,0.560,0.577,0.495,0.095,0.353,0.216,0.288,0.195,0.000,0.009,0.170,0.655,1.855,0.028,0.395,1.223,0.544,1.078,0.838,2.754,1.531,0.694,0.990,0.827,0.578,0.417,0.620,2.024,3.079,1.110,0.756,0.517,0.179,0.345,2.693,1.205,1.550,1.078,1.525,0.064,0.617,0.384,0.124,0.185,2.813,0.838,0.657,0.835,0.195,0.796,1.833,0.764,0.987,1.615,0.372,0.732,1.604,0.758,0.706
2.716,2.961,2.803,0.456,0.283,0.282,0.327,0.274,0.001,0.163,0.075,1.366,0.795,0.514,1.479,1.365,1.407,0.014,0.530,0.178,0.215,0.319,0.539,0.049,0.779,0.779,0.409,0.344,0.112,0.251,0.063,0.123,0.378,0.360,0.088,0.407,0.230,0.340,0.243,0.569,0.499,0.400,0.273,0.009,0.000,0.067,0.484,2.306,0.298,1.744,0.575,0.865,0.525,0.395,1.595,0.199,0.260,0.199,0.934,1.294,2.058,2.243,3.454,4.850,2.071,2.075,2.393,1.338,1.561,1.081,0.354,0.372,1.477,2.908,1.234,1.675,1.677,0.790,0.683,2.629,0.185,1.324,0.056,0.992,0.030,1.020,0.266,0.051,0.975,0.046,0.207,0.802,0.319,0.057
3.303,3.479,3.259,0.668,0.188,0.138,0.127,0.256,0.181,0.144,0.120,1.494,0.691,0.492,1.429,1.364,1.441,0.099,0.236,0.019,0.317,0.425,0.614,0.015,0.712,0.757,0.385,0.446,0.108,0.294,0.101,0.200,0.491,0.526,0.279,0.438,0.292,0.360,0.205,0.516,0.449,0.431,0.191,0.170,0.067,0.000,0.622,1.428,1.375,0.816,1.478,0.374,1.355,0.645,1.641,0.090,0.076,0.110,2.003,2.500,3.048,2.783,3.581,5.889,2.806,2.899,3.225,2.109,2.138,0.658,0.181,1.047,1.568,2.611,1.133,1.408,1.148,0.533,0.574,2.613,0.580,0.929,0.243,0.926,0.345,1.281,0.614,0.270,1.253,0.286,0.447,0.867,0.043,0.159
3.733,3.812,3.670,1.105,0.573,0.237,0.197,0.444,0.711,0.369,0.595,1.830,1.133,0.062,0.920,0.894,0.963,0.268,0.700,0.392,0.065,0.210,0.801,0.023,0.820,0.708,0.516,0.176,0.258,0.541,0.454,0.488,0.919,0.777,0.360,0.012,0.274,0.099,0.135,0.237,0.132,0.229,0.348,0.655,0.484,0.622,0.000,0.610,1.424,1.325,1.091,0.241,1.348,0.712,0.874,0.941,0.758,0.425,3.364,3.572,3.928,3.342,3.822,5.080,2.728,3.051,4.207,1.969,2.123,0.084,0.033,0.874,0.646,2.760,1.234,1.218,1.423,0.543,0.432,3.068,0.622,0.565,0.190,0.874,0.457,1.385,1.027,0.245,1.529,0.790,0.921,0.888,0.375,0.234
0.309,0.372,0.552,1.795,2.059,1.942,2.551,2.606,1.875,2.082,1.966,0.730,1.388,2.443,3.109,3.164,3.231,1.967,1.780,1.609,1.886,1.874,0.730,1.438,0.827,2.349,1.126,2.047,1.874,1.658,2.025,2.150,1.773,2.244,2.762,2.746,2.539,2.742,2.585,2.979,2.843,2.324,2.230,1.855,2.306,1.428,0.610,0.000,0.009,1.708,0.693,0.791,0.721,0.878,0.491,0.541,0.219,1.333,0.994,2.337,1.564,2.711,3.554,3.916,2.186,3.571,3.358,2.432,3.299,2.231,1.585,1.650,1.730,4.701,2.754,2.996,4.142,2.833,2.465,1.757,1.409,1.438,1.249,2.104,0.829,0.237,0.054,0.828,0.286,1.294,1.216,1.507,1.580,2.171
2.846,2.659,2.916,0.334,0.113,0.179,0.405,0.368,0.301,0.036,0.166,1.479,0.917,0.009,0.328,0.532,0.934,0.633,0.674,0.870,0.542,0.685,1.725,0.750,1.215,0.089,1.148,0.544,0.864,0.761,0.581,0.084,0.688,0.101,1.050,1.040,0.580,1.387,1.908,2.446,2.217,1.094,1.303,0.028,0.298,1.375,1.424,0.009,0.000,0.222,0.032,1.115,0.865,1.642,1.827,0.839,0.216,0.315,1.355,3.034,2.221,3.162,4.566,2.739,3.238,3.361,4.729,2.426,3.060,2.931,1.293,1.367,1.298,4.350,3.570,3.675,3.583,1.445,2.869,0.692,0.407,2.509,0.873,1.531,0.738,0.735,0.130,1.735,0.021,0.099,0.573,1.318,1.445,2.749
2.570,2.796,3.480,1.123,1.522,1.681,0.660,0.644,1.363,1.146,1.146,2.541,1.614,0.879,0.308,0.218,0.155,1.327,0.895,1.820,1.719,1.744,3.046,2.356,2.885,1.399,2.569,1.466,1.493,1.725,1.077,0.943,1.141,0.329,0.201,0.239,0.334,0.697,0.722,1.344,1.261,0.674,0.998,0.395,1.744,0.816,1.325,1.708,0.222,0.000,0.129,2.535,0.720,0.316,0.826,1.266,2.580,0.984,0.582,1.751,0.306,1.353,2.045,2.019,1.642,1.136,1.953,0.746,1.133,0.819,0.205,0.688,0.383,1.922,0.922,1.710,1.461,0.441,0.920,2.644,1.959,0.364,1.911,1.155,2.150,2.250,2.706,1.393,2.294,1.595,1.187,0.645,0.329,0.337
3.710,3.700,3.990,1.535,1.238,1.240,0.745,0.723,1.477,1.218,1.345,2.566,1.971,0.953,0.381,0.288,0.103,1.426,1.607,1.692,1.283,1.269,2.268,1.371,2.052,0.575,1.856,1.205,1.528,1.614,1.407,1.156,1.665,1.034,0.282,0.346,0.664,0.120,0.176,0.695,0.494,0.436,0.280,1.223,0.575,1.478,1.091,0.693,0.032,0.129,0.000,2.086,0.955,0.073,0.337,0.693,0.354,0.202,1.123,2.257,2.118,2.124,3.211,1.858,1.813,2.005,3.801,0.915,1.467,1.123,0.339,0.432,0.377,2.649,1.659,1.702,1.845,0.077,0.920,2.660,1.042,0.645,0.612,0.138,0.848,1.112,1.540,0.034,1.737,1.458,1.185,0.512,0.385,0.833
1.216,1.336,1.802,0.563,0.767,0.881,1.461,1.495,0.574,0.911,0.830,0.274,0.414,1.388,1.993,2.074,2.129,1.026,0.937,0.660,0.996,1.007,0.087,0.637,0.007,1.533,0.297,1.157,0.943,0.806,1.132,1.239,0.762,1.442,1.972,1.712,1.372,1.694,1.560,1.962,1.784,1.033,0.894,0.544,0.865,0.374,0.241,0.791,1.115,2.535,2.086,0.000,1.115,0.048,1.893,2.147,1.323,0.910,0.902,1.456,0.894,1.830,3.141,2.697,3.703,3.706,2.830,3.270,3.449,1.664,2.102,0.547,1.880,3.297,1.852,1.675,2.266,1.834,1.502,1.489,0.278,0.856,0.249,1.400,0.056,0.955,0.601,0.084,0.648,0.172,0.121,0.596,1.326,1.620
2.342,2.349,2.752,0.461,0.076,0.083,0.422,0.643,0.421,0.205,0.344,1.444,1.024,0.070,0.611,0.713,0.896,0.472,0.832,0.790,0.325,0.353,1.193,0.354,1.066,0.444,0.884,0.290,0.558,0.624,0.420,0.096,0.684,0.054,0.888,0.545,0.051,0.703,1.027,1.519,1.271,0.031,0.134,1.078,0.525,1.355,1.348,0.721,0.865,0.720,0.955,1.115,0.000,1.000,0.922,1.160,0.477,0.768,1.305,0.496,0.728,1.486,3.781,1.290,2.396,2.309,2.903,1.328,2.102,1.853,0.325,0.550,0.302,3.704,2.551,2.444,2.863,1.126,1.791,1.610,0.095,1.764,0.414,1.120,0.245,0.205,0.329,0.846,0.713,0.533,0.264,0.444,0.569,1.681
0.979,0.928,1.302,0.736,1.651,1.396,1.848,2.348,0.769,0.938,0.816,0.034,0.184,1.438,2.015,2.092,2.140,0.976,0.238,0.633,1.267,1.301,0.617,1.492,0.637,2.258,0.847,1.289,0.977,0.941,1.008,1.293,0.582,1.269,2.163,1.304,0.654,1.147,1.317,1.672,1.299,0.073,0.204,0.838,0.395,0.645,0.712,0.878,1.642,0.316,0.073,0.048,1.000,0.000,0.158,1.115,0.443,1.212,2.476,1.160,0.014,0.103,2.347,0.816,0.016,2.456,2.776,0.390,1.984,3.096,0.063,1.588,1.242,4.073,2.842,1.646,3.743,2.473,1.645,1.981,1.613,1.556,1.788,2.232,1.324,0.241,0.271,1.488,0.191,0.266,0.141,1.206,0.720,2.185
3.692,3.755,4.242,2.140,1.385,1.482,1.084,0.676,2.130,1.916,2.025,2.862,2.577,1.360,0.680,0.659,0.668,1.729,2.323,2.046,1.378,1.237,1.914,1.015,1.995,0.314,1.735,1.306,1.655,1.759,1.674,1.524,2.136,1.447,0.654,1.374,1.842,1.360,1.119,0.651,0.974,2.252,2.141,2.754,1.595,1.641,0.874,0.491,1.827,0.826,0.337,1.893,0.922,0.158,0.000,0.373,0.384,0.202,2.381,0.957,0.712,0.318,1.987,1.397,0.133,0.738,2.904,1.068,0.041,0.659,1.914,1.355,2.904,1.471,0.621,0.174,0.875,0.396,0.539,3.719,1.326,0.223,0.902,0.246,1.263,1.786,2.172,0.520,2.683,2.584,2.590,1.462,1.600,0.018
3.436,3.641,4.283,2.126,1.965,1.906,1.220,0.956,2.282,2.007,1.998,2.915,2.285,1.279,0.539,0.541,0.717,1.454,1.613,1.880,1.395,1.181,2.190,1.390,2.315,0.583,1.907,1.148,1.399,1.620,1.306,1.367,1.775,1.067,0.524,1.118,1.249,1.049,1.148,0.600,0.752,1.557,1.337,1.531,0.199,0.090,0.941,0.541,0.839,1.266,0.693,2.147,1.160,1.115,0.373,0.000,0.353,0.272,0.808,1.039,1.261,0.093,0.658,1.324,0.343,0.778,2.873,0.494,0.123,0.535,0.889,1.701,1.979,0.646,0.453,0.687,0.246,0.796,0.980,4.183,2.229,2.150,2.144,1.372,2.753,3.425,3.820,2.269,3.356,2.767,2.818,1.850,1.787,0.786
2.697,2.753,3.425,1.121,1.061,0.821,0.128,0.003,1.301,0.901,0.899,1.785,1.145,0.270,0.238,0.365,0.349,0.430,0.506,0.822,0.348,0.238,1.298,0.386,1.133,0.445,0.851,0.184,0.520,0.565,0.335,0.233,0.811,0.038,0.731,0.089,0.247,0.149,0.166,0.677,0.477,0.492,0.336,0.694,0.260,0.076,0.758,0.219,0.216,2.580,0.354,1.323,0.477,0.443,0.384,0.353,0.000,1.262,0.075,2.655,2.345,1.469,2.173,0.347,2.902,3.013,5.041,1.802,2.160,2.237,0.983,0.804,0.207,1.794,1.078,0.528,1.177,0.440,0.451,2.187,0.965,0.677,0.720,0.144,1.269,1.829,2.245,0.718,1.768,1.485,1.416,0.325,0.084,0.970
2.414,2.484,2.854,0.619,0.096,0.047,0.462,0.664,0.579,0.265,0.356,1.222,0.730,0.426,1.150,1.176,1.089,0.214,0.286,0.109,0.481,0.658,0.260,0.606,0.308,1.379,0.020,0.623,0.239,0.066,0.191,0.205,0.373,0.178,0.795,0.230,0.145,0.076,0.023,0.388,0.164,0.712,0.760,0.990,0.199,0.110,0.425,1.333,0.315,0.984,0.202,0.910,0.768,1.212,0.202,0.272,1.262,0.000,0.085,2.155,2.397,1.555,2.415,0.276,1.434,2.659,4.357,0.962,1.724,1.537,0.007,0.585,1.108,2.401,0.944,0.264,1.726,1.006,0.102,3.356,0.286,0.623,0.105,0.755,0.727,1.855,1.836,0.570,1.735,1.196,1.402,0.517,0.450,0.566
2.673,3.201,3.865,1.923,1.849,1.788,1.089,0.772,2.064,1.845,1.795,2.682,1.884,0.792,0.320,0.129,0.393,0.797,0.933,1.315,0.893,0.491,1.590,1.071,2.203,0.235,1.500,0.440,0.538,1.078,0.577,1.063,1.161,0.724,0.642,1.160,0.925,1.259,1.900,1.380,1.398,1.637,1.470,0.827,0.934,2.003,3.364,0.994,1.355,0.582,1.123,0.902,1.305,2.476,2.381,0.808,0.075,0.085,0.000,0.264,0.733,1.063,0.695,0.784,0.853,0.366,0.616,1.551,0.991,1.199,1.466,2.543,2.454,0.523,2.353,2.168,0.796,1.230,2.438,5.895,2.986,4.025,3.330,2.409,4.150,5.504,5.258,4.335,4.590,3.171,3.668,3.115,2.999,2.638
2.140,2.703,3.274,1.539,0.992,0.938,0.492,0.070,1.564,1.410,1.337,1.954,1.419,0.115,1.129,0.832,0.185,0.088,0.545,0.529,0.080,0.593,0.256,0.251,1.119,1.001,0.286,0.549,0.408,0.052,0.220,0.378,0.512,0.158,0.163,1.031,0.878,1.372,2.165,1.692,1.679,1.859,1.624,0.578,1.294,2.500,3.572,2.337,3.034,1.751,2.257,1.456,0.496,1.160,0.957,1.039,2.655,2.155,0.264,0.000,1.409,0.136,0.168,0.647,0.720,0.098,0.875,1.755,0.967,1.030,0.858,1.497,2.514,0.222,2.634,2.902,0.503,0.299,2.890,6.196,1.892,4.042,2.168,1.462,3.261,5.504,4.579,4.130,4.054,2.353,3.493,3.075,3.206,2.861
1.475,2.053,3.096,1.427,1.763,1.593,0.512,0.070,1.906,1.682,1.320,1.789,1.009,0.166,0.857,0.638,0.172,0.145,0.307,0.479,0.062,0.513,0.630,0.177,1.429,0.683,0.426,0.602,0.570,0.222,0.662,0.027,0.049,0.656,0.688,0.475,0.147,0.594,1.415,0.754,0.610,0.802,0.383,0.417,2.058,3.048,3.928,1.564,2.221,0.306,2.118,0.894,0.728,0.014,0.712,1.261,2.345,2.397,0.733,1.409,0.000,0.305,2.033,2.577,0.551,0.241,0.574,0.076,0.081,1.102,0.924,0.776,0.805,0.866,2.234,2.043,0.471,0.337,1.858,3.932,2.184,5.632,2.647,2.679,4.140,5.949,5.734,5.309,3.100,1.864,2.647,2.020,2.096,2.311
0.993,1.470,2.224,0.431,0.221,0.334,0.462,1.030,0.641,0.506,0.368,1.107,0.505,0.589,1.596,1.407,0.901,0.485,0.370,0.047,0.383,0.737,0.254,0.252,0.875,1.118,0.113,0.850,0.834,0.508,0.925,0.541,0.395,1.021,1.183,0.306,0.431,0.178,0.451,0.092,0.101,0.273,0.022,0.620,2.243,2.783,3.342,2.711,3.162,1.353,2.124,1.830,1.486,0.103,0.318,0.093,1.469,1.555,1.063,0.136,0.305,0.000,0.420,1.289,0.689,0.636,0.594,0.164,0.444,0.795,0.846,0.168,0.728,0.992,1.108,1.059,0.922,0.660,1.042,4.183,1.067,3.028,1.548,0.952,2.618,4.398,3.919,3.227,2.737,1.197,1.974,1.410,1.511,1.266
0.625,0.160,0.783,0.822,0.917,0.566,1.655,2.493,0.426,0.442,0.742,0.126,0.615,1.596,2.484,2.297,1.749,1.430,1.522,0.821,1.169,1.485,0.504,0.956,0.130,1.885,0.741,1.711,1.844,1.702,2.137,1.847,1.724,2.588,2.837,1.610,1.746,1.558,0.941,1.578,1.664,1.183,1.642,2.024,3.454,3.581,3.822,3.554,4.566,2.045,3.211,3.141,3.781,2.347,1.987,0.658,2.173,2.415,0.695,0.168,2.033,0.420,0.000,2.057,1.671,0.991,0.485,1.115,1.651,3.217,2.932,2.355,0.953,2.296,0.088,0.209,2.654,2.218,0.468,2.175,0.575,2.932,0.051,0.152,1.395,3.760,3.047,2.807,0.637,0.693,0.172,0.358,0.186,0.189
0.782,0.013,1.002,0.628,0.149,0.144,1.151,1.718,0.192,0.229,0.523,0.396,0.593,1.461,2.648,2.344,1.575,1.415,1.936,0.660,0.713,1.103,0.251,0.110,1.147,0.939,0.105,1.468,1.844,1.261,2.167,1.464,1.803,2.386,2.078,1.442,2.138,1.423,0.270,0.870,1.069,1.405,1.698,3.079,4.850,5.889,5.080,3.916,2.739,2.019,1.858,2.697,1.290,0.816,1.397,1.324,0.347,0.276,0.784,0.647,2.577,1.289,2.057,0.000,0.171,0.703,2.471,0.458,0.105,0.028,1.367,0.183,0.660,0.048,2.285,1.132,0.588,0.512,1.154,4.244,1.768,4.589,3.022,2.432,4.270,6.075,5.509,5.215,3.114,0.683,1.609,1.558,1.509,2.149
0.670,0.284,0.117,1.527,2.510,2.446,2.781,3.535,1.603,1.701,1.779,1.359,1.574,2.994,4.078,3.840,3.292,2.892,2.135,2.506,3.187,3.581,2.874,3.432,2.147,4.206,2.923,3.554,3.374,3.162,3.209,2.832,2.460,2.853,3.030,1.818,1.610,1.184,0.335,0.653,0.617,0.259,0.214,1.110,2.071,2.806,2.728,2.186,3.238,1.642,1.813,3.703,2.396,0.016,0.133,0.343,2.902,1.434,0.853,0.720,0.551,0.689,1.671,0.171,0.000,2.737,1.344,1.323,2.227,1.927,2.047,1.673,0.228,3.125,0.122,1.268,2.749,3.472,0.613,4.071,2.110,1.992,1.873,2.148,0.537,2.934,1.020,1.506,0.160,1.274,0.170,0.062,0.483,0.391
0.517,1.243,2.159,1.096,0.171,0.101,0.250,1.486,1.305,1.261,0.874,0.683,0.628,0.683,1.952,1.480,0.503,0.862,0.460,0.463,1.294,2.014,1.708,2.045,0.246,2.673,1.616,1.947,1.932,2.013,1.802,1.015,0.910,1.583,1.377,0.664,0.496,1.120,2.149,1.502,1.171,1.140,0.342,0.756,2.075,2.899,3.051,3.571,3.361,1.136,2.005,3.706,2.309,2.456,0.738,0.778,3.013,2.659,0.366,0.098,0.241,0.636,0.991,0.703,2.737,0.000,0.778,1.430,0.306,0.937,2.497,0.678,1.110,2.227,2.753,2.522,1.433,1.413,2.261,1.119,0.449,2.979,0.639,0.250,1.183,4.831,2.094,4.421,0.515,0.477,1.454,1.997,2.060,2.990
1.344,1.976,3.003,1.784,1.396,1.474,0.672,0.495,2.201,2.215,1.716,1.753,1.500,0.403,0.747,0.347,0.617,0.194,0.306,0.709,0.021,0.678,0.097,0.565,1.094,1.239,0.107,0.657,0.655,0.577,0.674,0.007,0.064,0.730,0.746,1.076,0.774,1.290,2.115,1.344,1.029,1.192,0.361,0.517,2.393,3.225,4.207,3.358,4.729,1.953,3.801,2.830,2.903,2.776,2.904,2.873,5.041,4.357,0.616,0.875,0.574,0.594,0.485,2.471,1.344,0.778,0.000,0.117,0.316,2.060,1.832,0.928,0.263,0.935,2.505,2.438,0.198,0.421,2.094,2.701,0.837,6.453,0.833,1.903,2.763,6.265,4.745,5.847,1.785,0.838,2.163,1.832,2.643,2.961
0.386,0.881,1.402,0.190,1.183,1.153,1.434,2.211,0.260,0.373,0.446,0.043,0.272,1.692,2.833,2.547,1.979,1.586,0.907,1.206,1.891,2.316,1.691,2.172,0.824,2.917,1.668,2.292,2.172,1.973,2.018,1.554,1.266,1.706,1.768,0.518,0.357,0.053,0.898,0.563,0.644,1.028,0.902,0.179,1.338,2.109,1.969,2.432,2.426,0.746,0.915,3.270,1.328,0.390,1.068,0.494,1.802,0.962,1.551,1.755,0.076,0.164,1.115,0.458,1.323,1.430,0.117,0.000,0.835,0.183,1.384,0.000,0.506,1.172,1.721,2.639,0.648,2.111,2.084,4.223,0.684,2.084,0.403,0.919,0.797,3.877,1.946,2.441,1.873,0.049,1.859,1.628,1.598,1.475
0.692,1.291,1.951,0.602,0.569,0.436,0.668,1.718,0.577,0.554,0.398,0.606,0.561,0.884,2.057,1.692,1.056,0.742,0.125,0.380,1.123,1.597,1.201,1.612,0.130,2.287,1.108,1.568,1.545,1.513,1.447,0.939,0.747,1.352,1.336,0.291,0.378,0.783,1.604,1.144,1.092,1.356,0.650,0.345,1.561,2.138,2.123,3.299,3.060,1.133,1.467,3.449,2.102,1.984,0.041,0.123,2.160,1.724,0.991,0.967,0.081,0.444,1.651,0.105,2.227,0.306,0.316,0.835,0.000,0.059,2.110,0.803,0.985,0.002,2.028,2.425,0.395,2.006,2.356,1.894,0.950,1.119,1.080,0.837,0.145,3.378,0.885,2.269,0.664,0.803,1.670,2.219,2.089,2.026
3.275,3.492,3.780,2.148,0.245,0.401,0.687,0.189,1.788,1.707,1.875,2.197,2.533,0.856,0.068,0.112,0.255,1.260,2.605,1.383,0.365,0.079,0.140,0.654,0.688,1.134,0.258,0.341,0.730,0.683,1.082,1.106,1.770,1.323,0.692,2.046,2.823,2.531,2.353,2.116,2.678,4.113,3.413,2.693,1.081,0.658,0.084,2.231,2.931,0.819,1.123,1.664,1.853,3.096,0.659,0.535,2.237,1.537,1.199,1.030,1.102,0.795,3.217,0.028,1.927,0.937,2.060,0.183,0.059,0.000,0.294,1.036,0.731,2.342,1.959,0.718,0.854,0.902,1.165,1.182,1.081,2.673,2.298,2.019,2.068,0.445,1.535,1.572,0.180,0.494,1.821,1.800,2.003,0.162
