0.000,0.349,1.389,2.903,1.946,1.901,2.040,3.087,3.219,3.881,4.772,4.972,5.270,5.338,4.936,5.009,4.458,5.342,5.583,5.016,5.255,3.902,4.425,3.913,5.100,4.568,4.293,4.365,5.725,5.393,5.471,5.446,5.035,5.627,5.271,5.551,5.508,6.011,6.550,6.490,5.546,5.042,4.545,4.630,3.741,4.306,5.404,6.160,6.520,5.887,5.632,6.366,6.402,5.672,5.142,6.156,5.911,5.711,5.388,5.483,6.769,5.572,6.323,5.767,6.557,5.573,5.558,5.179,4.994,5.019,4.421,3.574,3.077,3.302,2.605,1.261,0.900,1.316,2.050,3.600,4.383,4.572,4.514,5.155,5.583,5.182,6.055
0.349,0.000,0.479,2.147,1.649,1.593,2.182,3.330,3.474,3.827,4.236,5.064,5.357,5.192,5.054,4.732,4.519,5.156,5.238,5.010,5.383,4.115,4.927,4.256,5.621,4.843,4.087,4.390,5.523,4.997,5.192,5.263,5.419,6.627,6.647,6.891,6.755,7.371,7.678,7.796,6.882,6.480,5.253,5.328,4.034,5.147,5.881,6.540,7.108,6.573,6.288,6.982,6.910,6.237,5.704,6.805,6.477,6.336,5.968,6.504,8.083,6.783,6.997,6.285,6.880,5.893,5.786,5.473,5.073,4.701,4.386,3.723,3.991,4.775,3.924,2.361,2.005,2.323,2.555,3.121,3.550,4.129,4.379,5.049,5.975,5.558,6.108
1.389,0.479,0.000,2.470,1.530,1.067,1.734,2.531,2.700,3.093,3.949,4.788,5.004,5.191,4.397,3.915,3.766,4.026,4.634,4.271,4.775,3.714,4.398,4.231,5.355,4.705,3.829,4.351,5.432,4.884,4.785,5.121,4.641,6.362,6.489,6.614,6.676,7.153,7.630,7.728,6.437,6.118,4.513,4.773,3.346,4.489,5.326,5.803,6.434,5.807,5.367,6.137,5.887,5.557,5.081,6.204,5.732,5.701,5.461,5.979,7.189,5.599,5.972,5.020,5.811,4.867,5.241,5.185,4.588,4.246,3.648,2.986,3.486,4.684,4.435,2.623,2.080,2.677,2.236,2.743,3.152,4.378,4.219,5.243,6.055,6.053,6.477
2.903,2.147,2.470,0.000,0.636,2.429,1.948,1.902,2.597,3.365,5.013,6.300,6.123,6.721,5.179,5.196,4.962,3.676,3.153,2.664,2.873,3.365,4.065,4.478,5.964,6.336,6.230,6.666,6.913,5.386,4.882,5.555,3.989,6.046,6.636,7.006,7.023,6.892,7.237,7.448,6.220,6.744,5.281,5.563,4.752,5.900,5.731,6.190,7.329,7.376,7.738,8.698,7.910,7.268,6.570,7.009,6.552,6.686,5.983,7.334,8.797,7.433,7.903,6.594,6.955,6.046,6.315,6.656,6.140,5.469,5.567,5.720,6.682,7.876,7.704,5.444,4.757,5.413,5.129,4.762,3.794,6.054,5.852,7.402,8.150,8.465,8.876
1.946,1.649,1.530,0.636,0.000,1.682,1.708,1.914,2.406,3.344,4.533,5.772,5.983,6.272,4.871,4.563,4.744,3.604,3.172,2.539,2.769,3.718,4.333,4.526,5.690,6.261,6.031,6.476,6.923,5.656,5.347,6.189,4.476,6.139,6.335,6.420,6.926,6.701,7.385,7.595,6.514,6.869,5.596,6.012,5.544,6.547,6.309,6.543,7.527,7.588,7.922,8.674,7.897,7.497,6.789,7.083,6.498,6.502,5.876,7.389,8.725,7.475,7.517,6.352,6.939,5.949,6.255,6.377,5.965,5.314,5.299,5.886,6.579,7.518,7.179,4.863,3.942,4.928,4.460,3.745,2.938,5.154,5.338,6.485,7.481,7.468,7.948
1.901,1.593,1.067,2.429,1.682,0.000,0.595,1.826,1.774,2.127,2.947,4.186,3.905,4.400,3.752,3.375,3.315,2.469,2.797,2.230,2.520,3.019,3.328,3.821,4.277,4.239,3.779,4.180,5.270,4.273,4.660,5.792,4.561,6.460,6.517,6.502,7.123,7.214,7.578,8.108,7.202,7.370,5.588,5.934,4.832,6.314,6.454,6.487,7.098,6.858,6.773,7.246,6.949,6.784,5.827,6.745,5.978,6.263,5.694,6.497,7.311,5.519,5.811,5.125,6.166,5.348,6.118,5.537,4.973,3.793,4.151,5.068,5.618,6.533,5.732,3.528,3.053,4.196,3.690,2.655,1.459,3.634,4.132,5.136,6.300,6.417,7.172
2.040,2.182,1.734,1.948,1.708,0.595,0.000,0.673,1.214,2.167,2.707,3.323,3.077,3.304,2.985,2.341,2.735,2.401,2.866,1.869,2.104,2.714,3.031,3.528,3.788,3.371,3.679,3.199,4.306,3.432,4.393,5.556,4.436,6.098,5.642,5.529,6.263,6.396,7.178,7.681,7.243,6.838,5.296,5.148,4.164,5.818,6.280,6.239,6.484,6.028,5.744,6.208,5.701,5.862,5.095,6.226,5.601,5.929,5.451,6.300,6.891,5.069,4.974,4.117,4.871,4.132,4.901,4.736,4.365,3.662,3.941,4.667,5.165,5.863,4.906,3.205,2.988,4.106,3.545,2.143,1.292,3.427,4.072,4.871,5.678,5.708,5.826
3.087,3.330,2.531,1.902,1.914,1.826,0.673,0.000,0.569,1.179,1.549,1.841,1.678,2.746,2.826,2.682,2.629,2.301,2.823,1.862,1.683,2.668,2.217,3.146,2.767,2.619,2.884,3.321,3.974,3.141,4.535,5.709,4.165,5.956,5.615,5.500,6.352,6.533,6.872,7.478,7.246,7.082,5.672,5.654,4.198,5.859,6.247,6.174,6.720,6.467,6.164,6.503,5.838,5.761,5.225,6.349,6.042,6.467,5.990,6.612,6.917,5.106,4.832,4.324,5.018,4.403,5.058,4.968,4.352,3.503,4.314,4.940,5.517,5.914,4.850,3.759,3.638,4.309,3.938,2.839,2.253,3.437,3.664,4.735,4.956,5.414,5.090
3.219,3.474,2.700,2.597,2.406,1.774,1.214,0.569,0.000,0.601,1.747,1.578,1.748,2.529,2.755,2.783,2.466,2.494,2.828,1.635,2.012,2.893,2.484,3.673,3.217,3.151,3.001,3.317,4.167,3.509,4.815,5.424,4.334,5.636,5.251,5.205,6.312,6.416,7.037,7.463,7.018,6.665,5.881,5.925,4.581,6.017,6.581,6.586,7.416,7.096,6.725,6.918,6.111,5.678,5.279,6.366,6.243,6.597,5.649,5.734,5.856,4.256,4.123,4.079,4.980,4.697,5.236,5.362,4.933,4.233,4.796,5.043,5.505,5.290,4.162,3.145,3.033,3.741,3.410,3.318,3.256,3.429,2.931,3.798,4.355,4.396,4.060
3.881,3.827,3.093,3.365,3.344,2.127,2.167,1.179,0.601,0.000,0.905,0.953,0.884,1.857,2.281,2.081,1.511,1.494,2.402,1.983,2.223,3.278,3.000,3.737,3.327,3.040,2.857,3.469,3.681,3.760,4.629,5.141,4.408,5.479,5.105,4.985,5.811,6.376,6.695,7.058,6.748,6.296,5.866,5.579,3.626,5.039,5.634,5.688,6.483,5.949,5.522,5.901,5.307,4.843,4.410,5.443,5.363,5.851,4.865,4.642,5.433,4.131,4.199,4.069,4.958,4.306,4.677,4.520,4.322,3.702,4.014,4.190,4.504,4.254,3.126,2.759,2.825,2.939,2.356,2.775,2.917,2.903,2.556,3.306,4.114,3.983,3.656
4.772,4.236,3.949,5.013,4.533,2.947,2.707,1.549,1.747,0.905,0.000,1.165,1.346,2.324,2.133,2.303,1.203,2.117,2.964,2.750,3.862,3.819,4.409,4.560,4.757,3.697,3.254,3.397,4.258,4.750,4.661,4.356,4.011,4.960,4.744,4.566,5.621,6.143,6.192,6.065,5.395,5.533,5.210,5.031,3.859,4.643,5.963,6.295,7.090,6.251,5.662,5.895,5.399,4.534,4.278,5.048,5.137,5.561,4.454,2.621,3.190,3.115,4.092,3.902,4.923,4.852,4.970,4.633,4.983,4.368,4.020,3.947,3.559,3.087,1.996,2.300,2.610,2.541,2.739,3.812,3.966,4.222,3.167,2.539,2.242,1.784,1.912
4.972,5.064,4.788,6.300,5.772,4.186,3.323,1.841,1.578,0.953,1.165,0.000,0.389,1.066,2.291,1.299,1.442,1.743,2.357,2.915,4.005,4.284,4.213,5.216,5.312,5.274,4.577,4.880,5.368,5.235,4.923,4.820,5.298,6.047,5.897,5.648,6.394,6.737,7.192,7.013,5.928,5.858,5.647,5.575,4.746,5.216,6.624,6.987,7.970,7.263,7.066,7.095,6.707,5.603,5.429,5.899,5.688,5.985,5.261,3.524,3.141,3.165,3.709,3.371,4.807,5.271,6.019,5.875,6.468,5.826,5.587,5.036,4.786,4.411,3.357,2.645,2.713,2.903,3.497,5.079,4.622,5.921,4.481,4.306,4.098,2.691,3.305
5.270,5.357,5.004,6.123,5.983,3.905,3.077,1.678,1.748,0.884,1.346,0.389,0.000,1.100,1.509,1.433,1.100,2.704,2.899,2.998,3.945,4.036,4.551,5.013,5.696,5.223,4.543,4.861,4.989,5.737,4.961,4.159,4.916,5.939,6.097,5.869,6.749,6.989,7.133,6.589,5.254,4.882,4.834,5.432,4.921,5.500,6.970,7.304,7.987,7.104,7.031,6.823,6.568,5.686,5.563,5.915,5.607,5.678,5.050,3.795,3.092,3.786,4.202,3.791,5.417,5.171,6.151,5.718,6.461,5.821,5.647,4.918,4.666,4.087,3.765,4.178,4.137,4.293,4.431,5.340,4.319,5.502,4.085,3.605,2.947,1.334,1.782
5.338,5.192,5.191,6.721,6.272,4.400,3.304,2.746,2.529,1.857,2.324,1.066,1.100,0.000,1.572,2.427,2.260,2.836,2.613,2.865,2.892,3.020,4.003,4.142,4.771,4.021,3.391,3.760,4.242,3.975,4.004,3.350,4.213,5.647,5.978,5.855,7.061,6.672,6.630,6.246,5.049,4.808,4.523,5.037,3.797,4.131,5.543,6.375,6.940,6.400,6.810,6.929,6.503,5.700,5.820,5.728,5.016,5.008,4.141,3.280,2.766,3.180,3.741,3.806,5.353,4.479,5.486,5.138,5.686,5.154,5.178,4.679,4.681,4.501,4.560,4.945,4.342,4.275,3.880,3.793,2.650,3.921,3.351,2.947,2.810,1.651,1.762
4.936,5.054,4.397,5.179,4.871,3.752,2.985,2.826,2.755,2.281,2.133,2.291,1.509,1.572,0.000,1.402,1.624,1.827,1.332,3.002,2.240,2.530,2.884,3.950,4.940,4.470,4.105,4.757,4.963,4.017,3.827,3.329,4.414,5.312,5.227,5.387,6.258,6.105,7.357,6.881,5.451,5.076,4.796,5.142,4.610,4.467,5.712,6.472,7.060,6.499,6.516,7.015,6.505,6.266,6.331,6.529,6.025,5.285,4.230,3.813,3.696,3.655,4.143,3.804,5.260,4.607,4.831,4.637,5.518,5.193,5.580,4.930,5.126,5.146,5.230,5.237,5.089,4.578,4.010,4.176,3.878,3.855,2.775,3.251,3.518,2.628,2.743
5.009,4.732,3.915,5.196,4.563,3.375,2.341,2.682,2.783,2.081,2.303,1.299,1.433,2.427,1.402,0.000,1.682,2.141,2.775,3.693,3.729,3.520,3.343,3.679,4.736,4.627,5.842,6.114,6.038,5.324,5.266,4.292,5.500,6.392,6.817,6.865,7.149,7.145,7.758,7.257,5.955,5.577,5.721,6.040,5.875,6.054,7.399,7.933,8.384,7.677,7.735,7.892,7.519,6.904,6.791,6.976,6.457,6.038,5.108,4.660,4.650,4.513,4.801,4.650,6.227,5.700,6.118,5.607,6.404,5.829,6.380,5.920,5.977,5.844,5.558,4.931,4.984,4.822,4.469,4.781,4.087,4.669,3.720,4.666,4.965,3.889,4.455
4.458,4.519,3.766,4.962,4.744,3.315,2.735,2.629,2.466,1.511,1.203,1.442,1.100,2.260,1.624,1.682,0.000,0.851,1.257,2.356,1.541,1.937,1.388,2.989,3.027,2.791,3.283,3.876,4.671,2.983,3.429,3.344,4.025,5.134,5.200,5.082,5.880,5.506,6.356,6.198,5.086,5.036,4.914,4.813,4.114,4.586,5.910,6.390,7.586,7.249,7.472,8.006,7.282,6.708,6.518,6.923,6.511,6.145,5.193,4.732,4.776,4.387,4.426,4.588,5.798,5.363,5.634,5.198,5.954,5.648,5.973,5.248,5.687,5.659,5.487,5.162,4.853,4.746,4.111,4.253,3.838,3.810,2.917,3.672,4.395,3.348,3.756
5.342,5.156,4.026,3.676,3.604,2.469,2.401,2.301,2.494,1.494,2.117,1.743,2.704,2.836,1.827,2.141,0.851,0.000,0.964,1.749,1.343,1.068,1.489,2.578,1.986,2.251,2.830,3.576,4.080,3.147,3.203,3.489,3.921,4.737,5.140,5.251,5.758,5.317,5.856,5.801,5.255,5.386,5.898,5.637,4.298,4.104,5.219,5.652,6.805,6.402,6.920,7.760,7.141,6.281,6.002,6.303,5.801,6.091,5.073,4.820,5.393,4.703,4.982,4.752,5.160,4.867,5.033,4.969,5.619,5.364,5.349,4.465,4.718,4.449,4.140,4.089,4.064,3.812,3.268,4.053,3.989,3.665,2.695,3.589,4.637,3.600,4.176
5.583,5.238,4.634,3.153,3.172,2.797,2.866,2.823,2.828,2.402,2.964,2.357,2.899,2.613,1.332,2.775,1.257,0.964,0.000,0.881,1.735,1.510,2.316,2.339,1.869,1.930,2.368,3.339,4.797,4.486,3.505,3.532,2.947,4.145,4.454,4.953,5.595,5.007,5.867,5.607,4.905,5.440,5.534,5.207,4.016,4.009,5.256,5.515,6.483,5.783,5.866,6.553,5.733,4.999,4.520,5.192,5.043,6.121,5.386,5.356,6.099,5.040,5.218,5.170,4.999,4.962,5.166,5.192,5.264,4.646,4.415,3.450,3.664,3.201,3.116,3.117,3.506,3.482,2.402,3.258,3.186,3.667,3.000,3.894,4.696,4.262,4.389
5.016,5.010,4.271,2.664,2.539,2.230,1.869,1.862,1.635,1.983,2.750,2.915,2.998,2.865,3.002,3.693,2.356,1.749,0.881,0.000,0.948,1.792,1.633,1.818,2.061,1.853,2.481,2.868,3.892,3.349,3.230,3.862,2.571,4.072,4.250,4.068,4.898,4.205,5.258,5.624,5.444,5.330,4.940,4.372,2.867,4.124,5.551,5.674,6.552,5.927,5.654,6.032,5.155,4.834,4.451,5.544,5.369,6.217,5.665,5.627,5.785,4.323,4.045,4.208,4.222,4.185,4.861,5.117,5.023,4.516,4.233,3.281,3.515,3.243,2.842,2.835,3.416,3.204,2.463,3.182,3.482,3.445,2.334,3.092,4.252,3.407,4.174
5.255,5.383,4.775,2.873,2.769,2.520,2.104,1.683,2.012,2.223,3.862,4.005,3.945,2.892,2.240,3.729,1.541,1.343,1.735,0.948,0.000,1.005,2.010,1.591,2.011,1.921,1.807,2.134,2.848,2.989,2.174,2.527,1.607,2.777,3.713,4.507,5.166,4.475,4.547,4.131,3.540,4.452,4.420,4.213,4.204,4.309,5.642,5.595,6.847,6.390,6.077,6.200,5.286,4.984,4.473,5.637,5.390,6.272,5.351,5.093,5.423,4.236,4.647,4.996,4.969,5.167,5.525,5.829,5.693,5.467,5.090,3.065,3.186,2.773,2.853,3.379,4.115,4.015,3.709,4.145,4.242,4.335,4.063,4.253,4.402,3.693,3.852
3.902,4.115,3.714,3.365,3.718,3.019,2.714,2.668,2.893,3.278,3.819,4.284,4.036,3.020,2.530,3.520,1.937,1.068,1.510,1.792,1.005,0.000,0.792,1.698,1.624,1.882,1.770,1.515,1.942,1.804,1.579,2.225,2.070,2.802,3.812,3.810,4.522,4.097,4.663,4.449,3.413,3.822,3.333,3.313,3.832,4.770,6.360,6.474,7.353,7.027,6.432,6.198,5.376,5.453,4.998,6.007,5.358,5.832,5.341,5.356,5.849,4.601,4.382,4.373,4.128,4.125,4.480,5.036,4.671,4.628,4.629,3.070,3.664,3.346,3.284,3.118,3.825,3.856,3.367,3.352,3.361,4.022,4.271,4.606,4.806,4.699,4.664
4.425,4.927,4.398,4.065,4.333,3.328,3.031,2.217,2.484,3.000,4.409,4.213,4.551,4.003,2.884,3.343,1.388,1.489,2.316,1.633,2.010,0.792,0.000,0.882,1.573,1.606,1.372,1.936,2.716,2.538,2.181,2.742,3.195,3.571,3.947,4.652,5.119,4.922,5.566,4.275,2.887,3.993,4.052,4.106,4.703,5.128,6.224,6.582,7.620,7.656,7.433,6.878,5.712,5.268,4.592,5.381,4.683,4.458,3.826,4.081,5.029,4.992,5.286,5.332,5.072,5.083,5.171,5.531,5.510,5.495,5.849,4.518,5.203,5.078,5.317,5.286,6.068,5.877,5.486,5.222,5.005,5.403,5.306,5.541,5.605,5.646,5.217
3.913,4.256,4.231,4.478,4.526,3.821,3.528,3.146,3.673,3.737,4.560,5.216,5.013,4.142,3.950,3.679,2.989,2.578,2.339,1.818,1.591,1.698,0.882,0.000,0.794,1.192,1.581,2.270,3.114,3.012,2.596,3.731,3.197,3.903,3.446,3.908,4.987,4.942,5.857,4.957,3.529,4.181,4.090,4.257,4.647,4.605,5.644,6.110,6.848,6.965,6.886,6.601,5.519,5.445,4.918,5.503,4.837,4.572,4.014,4.164,4.912,4.280,4.032,4.550,4.551,4.393,4.816,5.243,5.111,5.509,5.637,4.425,5.345,5.215,5.709,5.577,6.136,5.929,5.059,4.623,4.440,5.074,4.858,5.014,5.198,5.413,4.588
5.100,5.621,5.355,5.964,5.690,4.277,3.788,2.767,3.217,3.327,4.757,5.312,5.696,4.771,4.940,4.736,3.027,1.986,1.869,2.061,2.011,1.624,1.573,0.794,0.000,0.472,1.223,2.215,3.025,3.587,3.042,4.658,4.791,4.591,3.955,4.752,4.815,4.916,6.074,5.401,4.788,5.573,5.899,5.594,5.983,5.321,5.802,6.314,7.069,7.168,7.164,6.957,5.688,5.748,5.223,5.786,5.387,4.882,4.365,4.538,5.108,5.259,5.753,5.935,6.051,5.864,6.107,6.546,7.048,6.384,7.660,6.542,7.241,7.324,7.553,7.347,7.875,7.668,6.926,6.171,5.562,5.900,5.310,5.793,6.094,6.060,5.704
4.568,4.843,4.705,6.336,6.261,4.239,3.371,2.619,3.151,3.040,3.697,5.274,5.223,4.021,4.470,4.627,2.791,2.251,1.930,1.853,1.921,1.882,1.606,1.192,0.472,0.000,0.818,1.572,1.962,2.758,2.450,4.158,4.078,3.877,3.356,3.932,4.218,4.129,5.143,4.495,3.515,4.274,4.849,5.043,5.314,4.817,5.474,6.007,6.224,6.157,6.098,6.049,4.867,5.000,4.658,4.957,4.358,3.721,3.153,3.407,4.093,3.502,3.882,4.584,4.901,4.441,4.715,5.030,5.399,5.527,6.991,6.189,7.076,6.937,7.271,6.999,7.229,7.020,6.229,5.555,4.793,5.384,4.901,5.548,5.807,5.566,5.025
4.293,4.087,3.829,6.230,6.031,3.779,3.679,2.884,3.001,2.857,3.254,4.577,4.543,3.391,4.105,5.842,3.283,2.830,2.368,2.481,1.807,1.770,1.372,1.581,1.223,0.818,0.000,0.756,1.471,1.888,3.188,4.897,4.449,4.540,4.191,3.964,4.170,4.216,5.032,4.195,3.758,4.617,5.323,4.655,5.675,5.685,6.576,6.886,6.672,6.326,6.236,5.930,4.703,4.217,3.831,4.159,3.852,3.686,2.751,3.131,3.850,4.269,5.173,5.433,5.486,5.498,5.445,5.706,6.255,6.097,6.931,6.487,7.049,6.665,6.497,5.887,5.686,6.287,6.033,5.803,5.263,5.909,5.297,6.035,6.014,5.388,5.176
4.365,4.390,4.351,6.666,6.476,4.180,3.199,3.321,3.317,3.469,3.397,4.880,4.861,3.760,4.757,6.114,3.876,3.576,3.339,2.868,2.134,1.515,1.936,2.270,2.215,1.572,0.756,0.000,0.598,2.180,2.701,4.073,3.907,4.087,4.304,4.429,4.385,4.806,5.850,4.961,3.861,3.725,4.774,4.853,5.195,5.419,6.431,6.554,6.917,6.732,6.316,5.664,4.681,4.530,4.049,4.550,3.972,3.923,3.010,2.686,3.340,3.227,4.379,4.707,4.635,4.981,5.024,5.036,5.290,4.798,5.350,4.651,5.402,5.234,5.302,4.416,4.225,4.849,5.143,6.009,5.384,6.076,4.849,5.476,4.969,3.857,3.918
5.725,5.523,5.432,6.913,6.923,5.270,4.306,3.974,4.167,3.681,4.258,5.368,4.989,4.242,4.963,6.038,4.671,4.080,4.797,3.892,2.848,1.942,2.716,3.114,3.025,1.962,1.471,0.598,0.000,0.615,1.955,3.228,2.629,3.360,3.724,3.472,3.626,4.032,5.055,3.976,2.736,3.060,4.145,4.350,4.264,4.064,5.089,5.117,5.907,5.773,6.023,6.239,5.422,4.866,4.235,4.811,4.252,5.184,3.827,3.915,4.992,4.135,5.556,5.504,5.100,5.256,4.559,5.120,4.791,3.695,4.076,3.712,4.160,3.944,3.990,3.075,2.895,3.220,3.524,4.388,3.821,4.795,3.569,3.872,4.345,2.860,3.104
5.393,4.997,4.884,5.386,5.656,4.273,3.432,3.141,3.509,3.760,4.750,5.235,5.737,3.975,4.017,5.324,2.983,3.147,4.486,3.349,2.989,1.804,2.538,3.012,3.587,2.758,1.888,2.180,0.615,0.000,0.746,2.153,1.844,2.316,3.148,3.289,2.897,3.672,4.863,4.074,3.139,2.733,3.456,3.668,4.112,4.020,4.879,4.693,5.666,5.509,5.695,6.242,5.502,5.476,4.855,5.493,5.249,6.264,5.211,4.647,5.493,3.972,4.988,4.992,4.803,5.236,4.639,5.597,4.865,3.679,3.829,3.040,3.453,3.285,3.566,2.706,2.470,2.453,1.985,2.631,2.310,3.681,3.381,3.749,4.415,3.494,4.000
5.471,5.192,4.785,4.882,5.347,4.660,4.393,4.535,4.815,4.629,4.661,4.923,4.961,4.004,3.827,5.266,3.429,3.203,3.505,3.230,2.174,1.579,2.181,2.596,3.042,2.450,3.188,2.701,1.955,0.746,0.000,0.722,1.526,1.325,1.918,1.877,1.841,2.808,4.049,3.355,2.408,1.251,1.503,2.790,3.700,4.542,5.992,5.888,6.323,5.511,5.375,5.746,5.170,5.930,5.412,6.334,5.969,6.653,5.638,4.796,5.459,3.966,4.029,3.969,4.065,4.321,4.703,5.652,5.046,3.986,4.806,4.245,4.511,3.756,3.437,3.206,3.384,3.325,3.323,3.341,2.893,3.982,3.920,4.324,4.532,4.059,4.379
5.446,5.263,5.121,5.555,6.189,5.792,5.556,5.709,5.424,5.141,4.356,4.820,4.159,3.350,3.329,4.292,3.344,3.489,3.532,3.862,2.527,2.225,2.742,3.731,4.658,4.158,4.897,4.073,3.228,2.153,0.722,0.000,1.020,1.175,1.070,1.030,1.762,2.424,2.829,2.751,2.316,2.278,2.632,3.142,3.634,4.835,6.067,5.725,5.774,5.689,6.093,6.506,6.217,6.610,6.167,7.031,6.629,7.308,6.598,5.767,6.115,4.456,4.139,4.632,5.106,5.181,5.763,6.649,5.643,5.305,5.325,4.480,4.533,4.015,4.277,4.167,4.599,4.406,3.843,3.548,3.616,4.411,4.963,5.196,5.582,5.269,5.600
5.035,5.419,4.641,3.989,4.476,4.561,4.436,4.165,4.334,4.408,4.011,5.298,4.916,4.213,4.414,5.500,4.025,3.921,2.947,2.571,1.607,2.070,3.195,3.197,4.791,4.078,4.449,3.907,2.629,1.844,1.526,1.020,0.000,0.844,1.440,1.270,1.862,1.748,2.545,2.227,2.042,1.745,2.545,2.309,2.552,3.770,5.438,5.376,5.667,5.440,5.631,6.025,5.810,6.207,5.712,6.534,6.069,6.304,5.121,4.375,5.061,3.706,3.753,4.145,4.780,4.628,5.223,5.955,5.133,4.177,4.655,3.550,3.542,3.097,3.151,3.970,5.038,4.683,4.218,3.366,3.267,3.149,3.395,3.881,4.342,4.352,4.988
5.627,6.627,6.362,6.046,6.139,6.460,6.098,5.956,5.636,5.479,4.960,6.047,5.939,5.647,5.312,6.392,5.134,4.737,4.145,4.072,2.777,2.802,3.571,3.903,4.591,3.877,4.540,4.087,3.360,2.316,1.325,1.175,0.844,0.000,1.144,1.369,1.411,1.694,1.932,1.270,1.661,2.389,3.317,3.800,3.790,4.559,5.576,5.711,6.475,6.783,7.141,7.610,7.836,8.060,7.631,8.400,7.744,7.942,6.453,5.913,6.371,5.064,5.254,5.652,6.628,6.268,6.782,7.235,6.086,5.018,5.321,4.619,4.610,4.427,4.759,5.316,6.202,6.209,5.363,4.405,4.586,4.340,4.821,5.065,5.622,5.890,6.159
5.271,6.647,6.489,6.636,6.335,6.517,5.642,5.615,5.251,5.105,4.744,5.897,6.097,5.978,5.227,6.817,5.200,5.140,4.454,4.250,3.713,3.812,3.947,3.446,3.955,3.356,4.191,4.304,3.724,3.148,1.918,1.070,1.440,1.144,0.000,0.746,1.770,1.825,1.537,1.559,1.961,3.025,3.247,4.198,4.653,4.724,5.453,6.513,7.534,7.804,8.168,8.384,8.744,9.064,8.089,8.995,7.808,7.819,6.080,5.970,6.567,5.422,5.791,6.111,6.813,6.160,6.341,6.868,5.756,4.687,5.264,4.441,4.531,4.190,4.324,4.855,5.517,5.700,5.167,4.656,5.046,4.479,4.845,5.516,6.104,6.518,7.109
5.551,6.891,6.614,7.006,6.420,6.502,5.529,5.500,5.205,4.985,4.566,5.648,5.869,5.855,5.387,6.865,5.082,5.251,4.953,4.068,4.507,3.810,4.652,3.908,4.752,3.932,3.964,4.429,3.472,3.289,1.877,1.030,1.270,1.369,0.746,0.000,0.444,1.267,1.541,2.144,2.461,3.039,3.658,4.277,5.398,4.897,5.670,7.056,8.130,8.904,9.143,9.129,9.737,10.088,8.533,9.793,8.049,7.844,5.980,5.934,7.005,5.754,6.582,6.752,7.214,6.616,6.762,6.988,5.531,4.532,4.897,4.199,4.283,4.202,4.551,5.350,5.737,5.853,5.446,5.063,5.295,4.561,4.562,5.110,5.912,5.870,6.831
5.508,6.755,6.676,7.023,6.926,7.123,6.263,6.352,6.312,5.811,5.621,6.394,6.749,7.061,6.258,7.149,5.880,5.758,5.595,4.898,5.166,4.522,5.119,4.987,4.815,4.218,4.170,4.385,3.626,2.897,1.841,1.762,1.862,1.411,1.770,0.444,0.000,0.441,1.602,1.575,1.795,3.055,3.683,4.524,5.037,5.448,6.324,7.096,8.102,8.802,9.314,9.121,9.750,9.903,8.383,9.863,7.895,8.468,6.530,6.427,7.015,5.782,6.367,6.866,7.335,7.088,7.470,7.795,5.963,4.832,5.176,4.625,4.774,4.677,5.109,5.826,5.927,5.933,5.238,4.643,4.879,4.379,4.565,4.968,6.031,6.255,6.998
6.011,7.371,7.153,6.892,6.701,7.214,6.396,6.533,6.416,6.376,6.143,6.737,6.989,6.672,6.105,7.145,5.506,5.317,5.007,4.205,4.475,4.097,4.922,4.942,4.916,4.129,4.216,4.806,4.032,3.672,2.808,2.424,1.748,1.694,1.825,1.267,0.441,0.000,1.011,0.955,1.053,2.242,2.521,3.864,3.861,4.679,5.379,6.168,7.451,8.125,8.473,7.852,8.590,8.891,7.339,9.001,7.113,7.664,5.817,5.403,6.158,4.996,5.682,6.289,7.150,6.656,6.981,7.024,5.401,4.232,4.724,4.044,4.396,4.193,5.008,6.243,6.747,6.531,5.809,5.040,5.482,4.888,5.132,5.283,5.670,6.638,6.913
6.550,7.678,7.630,7.237,7.385,7.578,7.178,6.872,7.037,6.695,6.192,7.192,7.133,6.630,7.357,7.758,6.356,5.856,5.867,5.258,4.547,4.663,5.566,5.857,6.074,5.143,5.032,5.850,5.055,4.863,4.049,2.829,2.545,1.932,1.537,1.541,1.602,1.011,0.000,0.334,1.597,1.842,2.392,2.693,3.065,3.650,4.490,4.915,6.024,7.071,7.430,6.530,7.311,7.720,6.576,7.862,5.965,6.623,4.991,4.128,4.680,3.808,4.357,5.184,6.314,6.021,6.840,6.742,5.175,3.898,4.681,3.893,4.473,4.283,5.186,6.445,7.063,6.541,5.824,5.103,5.387,4.930,4.459,4.457,4.252,5.304,5.582
6.490,7.796,7.728,7.448,7.595,8.108,7.681,7.478,7.463,7.058,6.065,7.013,6.589,6.246,6.881,7.257,6.198,5.801,5.607,5.624,4.131,4.449,4.275,4.957,5.401,4.495,4.195,4.961,3.976,4.074,3.355,2.751,2.227,1.270,1.559,2.144,1.575,0.955,0.334,0.000,0.522,1.428,1.285,2.515,1.944,3.031,3.670,3.512,5.033,6.098,6.423,5.988,6.768,7.100,6.438,7.885,6.472,6.871,5.501,4.195,4.401,3.426,4.056,4.968,6.461,6.129,7.479,7.451,6.323,4.880,5.327,3.943,4.360,4.109,4.802,5.967,6.748,6.221,5.599,5.160,5.538,5.363,4.802,4.521,4.460,5.146,5.400
5.546,6.882,6.437,6.220,6.514,7.202,7.243,7.246,7.018,6.748,5.395,5.928,5.254,5.049,5.451,5.955,5.086,5.255,4.905,5.444,3.540,3.413,2.887,3.529,4.788,3.515,3.758,3.861,2.736,3.139,2.408,2.316,2.042,1.661,1.961,2.461,1.795,1.053,1.597,0.522,0.000,1.030,1.548,1.670,2.546,2.867,3.212,3.070,4.112,5.040,5.526,5.627,6.324,6.976,6.290,7.575,6.420,6.815,5.400,3.708,3.611,2.490,3.587,4.731,6.181,5.768,6.805,6.727,6.487,5.452,5.497,4.223,4.312,3.860,3.943,4.656,5.414,5.415,5.481,5.552,6.021,5.789,5.201,4.899,4.906,4.961,5.383
5.042,6.480,6.118,6.744,6.869,7.370,6.838,7.082,6.665,6.296,5.533,5.858,4.882,4.808,5.076,5.577,5.036,5.386,5.440,5.330,4.452,3.822,3.993,4.181,5.573,4.274,4.617,3.725,3.060,2.733,1.251,2.278,1.745,2.389,3.025,3.039,3.055,2.242,1.842,1.428,1.030,0.000,0.993,1.653,1.513,2.020,1.757,1.844,2.968,3.813,4.527,5.204,5.223,5.470,5.457,5.627,5.130,5.223,4.289,3.198,3.283,3.131,4.532,5.269,5.526,5.904,5.842,6.243,6.142,4.833,5.110,4.022,4.479,4.459,4.276,4.619,4.726,5.076,5.042,5.157,5.680,5.587,4.917,4.608,4.376,4.878,4.713
4.545,5.253,4.513,5.281,5.596,5.588,5.296,5.672,5.881,5.866,5.210,5.647,4.834,4.523,4.796,5.721,4.914,5.898,5.534,4.940,4.420,3.333,4.052,4.090,5.899,4.849,5.323,4.774,4.145,3.456,1.503,2.632,2.545,3.317,3.247,3.658,3.683,2.521,2.392,1.285,1.548,0.993,0.000,0.981,1.547,1.645,1.738,1.574,1.919,2.701,3.791,4.895,4.961,5.201,4.995,5.132,4.777,5.020,4.196,3.023,2.780,1.967,3.424,4.302,4.472,5.179,5.058,5.966,5.463,4.840,4.354,3.874,3.741,3.467,3.024,3.271,3.489,3.948,4.274,4.554,5.133,4.830,4.345,4.104,4.092,4.413,4.446
4.630,5.328,4.773,5.563,6.012,5.934,5.148,5.654,5.925,5.579,5.031,5.575,5.432,5.037,5.142,6.040,4.813,5.637,5.207,4.372,4.213,3.313,4.106,4.257,5.594,5.043,4.655,4.853,4.350,3.668,2.790,3.142,2.309,3.800,4.198,4.277,4.524,3.864,2.693,2.515,1.670,1.653,0.981,0.000,1.265,1.650,1.510,1.090,1.729,2.789,3.842,5.133,5.025,5.241,5.134,4.997,4.457,4.281,3.573,2.576,2.793,1.695,3.087,3.484,4.027,4.279,4.039,5.092,4.387,3.976,4.037,4.105,4.706,4.302,3.972,4.087,4.211,4.445,4.205,4.115,4.179,4.190,3.732,3.973,3.658,4.929,4.874
3.741,4.034,3.346,4.752,5.544,4.832,4.164,4.198,4.581,3.626,3.859,4.746,4.921,3.797,4.610,5.875,4.114,4.298,4.016,2.867,4.204,3.832,4.703,4.647,5.983,5.314,5.675,5.195,4.264,4.112,3.700,3.634,2.552,3.790,4.653,5.398,5.037,3.861,3.065,1.944,2.546,1.513,1.547,1.265,0.000,0.807,1.275,1.376,1.418,2.226,3.134,4.357,4.464,5.369,4.654,5.048,4.262,4.281,3.773,2.740,3.053,2.376,3.095,3.005,4.037,3.725,3.386,4.329,3.307,2.102,3.331,2.831,3.954,3.416,3.688,4.254,4.075,4.713,4.669,4.303,3.930,3.424,2.966,3.678,2.750,4.771,4.626
4.306,5.147,4.489,5.900,6.547,6.314,5.818,5.859,6.017,5.039,4.643,5.216,5.500,4.131,4.467,6.054,4.586,4.104,4.009,4.124,4.309,4.770,5.128,4.605,5.321,4.817,5.685,5.419,4.064,4.020,4.542,4.835,3.770,4.559,4.724,4.897,5.448,4.679,3.650,3.031,2.867,2.020,1.645,1.650,0.807,0.000,0.845,1.269,1.217,1.717,2.399,3.287,2.853,3.794,3.078,4.225,3.391,3.858,2.824,1.751,2.459,1.639,1.968,2.076,3.410,3.081,3.108,3.890,2.964,2.360,2.958,3.203,3.889,3.764,4.377,5.123,4.587,5.348,5.241,4.859,4.515,4.094,3.608,4.010,2.960,5.041,5.359
5.404,5.881,5.326,5.731,6.309,6.454,6.280,6.247,6.581,5.634,5.963,6.624,6.970,5.543,5.712,7.399,5.910,5.219,5.256,5.551,5.642,6.360,6.224,5.644,5.802,5.474,6.576,6.431,5.089,4.879,5.992,6.067,5.438,5.576,5.453,5.670,6.324,5.379,4.490,3.670,3.212,1.757,1.738,1.510,1.275,0.845,0.000,0.703,1.517,1.792,1.714,1.704,1.802,2.889,1.792,3.596,2.356,2.760,2.038,2.484,3.735,3.670,2.674,1.884,2.656,2.688,3.126,3.247,3.419,3.575,4.254,4.276,4.818,4.532,5.059,6.094,5.751,6.595,6.508,5.905,5.633,5.109,4.905,5.957,4.884,6.674,6.719
6.160,6.540,5.803,6.190,6.543,6.487,6.239,6.174,6.586,5.688,6.295,6.987,7.304,6.375,6.472,7.933,6.390,5.652,5.515,5.674,5.595,6.474,6.582,6.110,6.314,6.007,6.886,6.554,5.117,4.693,5.888,5.725,5.376,5.711,6.513,7.056,7.096,6.168,4.915,3.512,3.070,1.844,1.574,1.090,1.376,1.269,0.703,0.000,0.706,0.661,0.818,0.926,1.411,2.836,1.880,3.495,2.339,2.656,2.375,3.751,5.181,5.631,4.444,3.374,3.176,3.284,3.405,3.057,3.606,3.839,4.400,4.708,5.349,4.942,5.519,6.888,6.472,7.164,6.994,5.921,5.795,5.428,5.517,6.930,6.196,7.285,7.486
6.520,7.108,6.434,7.329,7.527,7.098,6.484,6.720,7.416,6.483,7.090,7.970,7.987,6.940,7.060,8.384,7.586,6.805,6.483,6.552,6.847,7.353,7.620,6.848,7.069,6.224,6.672,6.917,5.907,5.666,6.323,5.774,5.667,6.475,7.534,8.130,8.102,7.451,6.024,5.033,4.112,2.968,1.919,1.729,1.418,1.217,1.517,0.706,0.000,0.580,0.747,1.155,0.984,1.839,2.714,2.125,1.501,1.550,2.574,4.303,5.222,5.572,4.727,4.137,4.328,4.982,5.096,4.556,5.070,5.014,5.342,4.395,5.171,4.814,5.319,6.927,6.512,7.015,6.872,6.060,5.918,5.703,5.512,7.125,6.621,7.090,6.843
5.887,6.573,5.807,7.376,7.588,6.858,6.028,6.467,7.096,5.949,6.251,7.263,7.104,6.400,6.499,7.677,7.249,6.402,5.783,5.927,6.390,7.027,7.656,6.965,7.168,6.157,6.326,6.732,5.773,5.509,5.511,5.689,5.440,6.783,7.804,8.904,8.802,8.125,7.071,6.098,5.040,3.813,2.701,2.789,2.226,1.717,1.792,0.661,0.580,0.000,0.687,1.505,1.533,1.897,3.051,1.479,1.782,2.690,3.391,4.032,4.660,4.832,4.542,4.603,5.253,6.071,6.022,6.028,5.829,5.174,5.218,3.611,4.842,4.997,5.454,6.943,6.284,6.521,6.396,5.682,5.166,5.215,4.673,6.208,5.872,5.760,5.611
5.632,6.288,5.367,7.738,7.922,6.773,5.744,6.164,6.725,5.522,5.662,7.066,7.031,6.810,6.516,7.735,7.472,6.920,5.866,5.654,6.077,6.432,7.433,6.886,7.164,6.098,6.236,6.316,6.023,5.695,5.375,6.093,5.631,7.141,8.168,9.143,9.314,8.473,7.430,6.423,5.526,4.527,3.791,3.842,3.134,2.399,1.714,0.818,0.747,0.687,0.000,0.359,1.107,1.561,2.159,0.729,1.892,2.294,3.399,4.340,4.972,5.445,5.344,5.869,6.335,7.001,7.357,7.461,6.551,5.419,5.246,3.950,5.167,5.369,5.788,6.956,5.431,6.301,6.045,5.154,4.443,4.822,4.179,5.626,5.612,5.067,5.454
6.366,6.982,6.137,8.698,8.674,7.246,6.208,6.503,6.918,5.901,5.895,7.095,6.823,6.929,7.015,7.892,8.006,7.760,6.553,6.032,6.200,6.198,6.878,6.601,6.957,6.049,5.930,5.664,6.239,6.242,5.746,6.506,6.025,7.610,8.384,9.129,9.121,7.852,6.530,5.988,5.627,5.204,4.895,5.133,4.357,3.287,1.704,0.926,1.155,1.505,0.359,0.000,0.533,1.489,2.381,1.462,2.053,2.114,3.081,4.000,4.622,5.384,6.014,6.536,6.785,7.333,7.549,8.002,6.731,5.556,4.866,3.810,4.355,4.644,5.165,6.235,4.906,5.197,4.966,4.268,3.780,4.424,3.984,5.126,5.349,4.190,4.909
6.402,6.910,5.887,7.910,7.897,6.949,5.701,5.838,6.111,5.307,5.399,6.707,6.568,6.503,6.505,7.519,7.282,7.141,5.733,5.155,5.286,5.376,5.712,5.519,5.688,4.867,4.703,4.681,5.422,5.502,5.170,6.217,5.810,7.836,8.744,9.737,9.750,8.590,7.311,6.768,6.324,5.223,4.961,5.025,4.464,2.853,1.802,1.411,0.984,1.533,1.107,0.533,0.000,0.594,1.646,0.991,1.226,1.542,2.058,3.204,4.850,4.878,6.083,6.400,7.029,6.507,6.613,7.251,5.898,4.935,4.367,3.238,3.914,4.382,4.880,6.109,5.188,5.076,4.811,4.233,3.617,3.610,3.326,4.497,4.801,3.855,4.826
5.672,6.237,5.557,7.268,7.497,6.784,5.862,5.761,5.678,4.843,4.534,5.603,5.686,5.700,6.266,6.904,6.708,6.281,4.999,4.834,4.984,5.453,5.268,5.445,5.748,5.000,4.217,4.530,4.866,5.476,5.930,6.610,6.207,8.060,9.064,10.088,9.903,8.891,7.720,7.100,6.976,5.470,5.201,5.241,5.369,3.794,2.889,2.836,1.839,1.897,1.561,1.489,0.594,0.000,0.761,1.125,1.197,1.517,1.238,2.557,3.649,3.468,4.368,4.251,5.195,4.595,5.215,5.681,4.272,2.945,3.487,2.640,3.444,3.826,3.876,5.209,5.258,4.594,4.452,3.940,3.407,2.360,1.907,3.274,2.954,3.466,3.921
5.142,5.704,5.081,6.570,6.789,5.827,5.095,5.225,5.279,4.410,4.278,5.429,5.563,5.820,6.331,6.791,6.518,6.002,4.520,4.451,4.473,4.998,4.592,4.918,5.223,4.658,3.831,4.049,4.235,4.855,5.412,6.167,5.712,7.631,8.089,8.533,8.383,7.339,6.576,6.438,6.290,5.457,4.995,5.134,4.654,3.078,1.792,1.880,2.714,3.051,2.159,2.381,1.646,0.761,0.000,0.691,1.627,1.575,1.868,2.791,3.346,3.406,4.007,4.241,5.149,4.765,5.537,5.825,4.897,3.438,4.426,3.032,4.017,4.117,3.956,5.428,5.615,4.631,4.463,3.521,2.637,2.669,2.170,4.169,3.635,4.170,4.089
6.156,6.805,6.204,7.009,7.083,6.745,6.226,6.349,6.366,5.443,5.048,5.899,5.915,5.728,6.529,6.976,6.923,6.303,5.192,5.544,5.637,6.007,5.381,5.503,5.786,4.957,4.159,4.550,4.811,5.493,6.334,7.031,6.534,8.400,8.995,9.793,9.863,9.001,7.862,7.885,7.575,5.627,5.132,4.997,5.048,4.225,3.596,3.495,2.125,1.479,0.729,1.462,0.991,1.125,0.691,0.000,0.424,1.012,0.950,1.886,2.768,2.654,3.024,3.198,4.482,4.407,5.042,5.154,4.286,3.201,3.735,2.769,3.683,4.274,4.458,5.846,6.218,5.552,5.489,4.735,4.130,3.037,2.251,3.499,2.938,3.581,3.696
5.911,6.477,5.732,6.552,6.498,5.978,5.601,6.042,6.243,5.363,5.137,5.688,5.607,5.016,6.025,6.457,6.511,5.801,5.043,5.369,5.390,5.358,4.683,4.837,5.387,4.358,3.852,3.972,4.252,5.249,5.969,6.629,6.069,7.744,7.808,8.049,7.895,7.113,5.965,6.472,6.420,5.130,4.777,4.457,4.262,3.391,2.356,2.339,1.501,1.782,1.892,2.053,1.226,1.197,1.627,0.424,0.000,0.777,1.256,1.919,2.845,2.631,2.832,3.322,4.420,4.893,5.503,5.359,5.106,3.928,4.029,2.985,3.899,3.919,3.719,5.061,5.317,4.802,4.709,4.231,3.941,3.323,2.725,4.227,3.634,4.106,3.931
5.711,6.336,5.701,6.686,6.502,6.263,5.929,6.467,6.597,5.851,5.561,5.985,5.678,5.008,5.285,6.038,6.145,6.091,6.121,6.217,6.272,5.832,4.458,4.572,4.882,3.721,3.686,3.923,5.184,6.264,6.653,7.308,6.304,7.942,7.819,7.844,8.468,7.664,6.623,6.871,6.815,5.223,5.020,4.281,4.281,3.858,2.760,2.656,1.550,2.690,2.294,2.114,1.542,1.517,1.575,1.012,0.777,0.000,0.472,1.761,1.641,1.771,2.233,3.702,4.815,5.200,5.506,5.389,5.370,4.214,3.674,3.221,2.982,3.251,3.643,4.907,4.649,4.405,4.578,4.518,4.200,3.984,3.625,4.327,3.904,3.664,3.740
5.388,5.968,5.461,5.983,5.876,5.694,5.451,5.990,5.649,4.865,4.454,5.261,5.050,4.141,4.230,5.108,5.193,5.073,5.386,5.665,5.351,5.341,3.826,4.014,4.365,3.153,2.751,3.010,3.827,5.211,5.638,6.598,5.121,6.453,6.080,5.980,6.530,5.817,4.991,5.501,5.400,4.289,4.196,3.573,3.773,2.824,2.038,2.375,2.574,3.391,3.399,3.081,2.058,1.238,1.868,0.950,1.256,0.472,0.000,0.830,1.311,1.491,2.060,3.619,4.165,4.487,4.785,4.233,4.856,3.895,3.646,3.102,2.977,3.642,4.208,5.456,4.870,4.442,4.311,4.230,3.572,3.960,3.534,4.522,3.753,3.935,4.114
5.483,6.504,5.979,7.334,7.389,6.497,6.300,6.612,5.734,4.642,2.621,3.524,3.795,3.280,3.813,4.660,4.732,4.820,5.356,5.627,5.093,5.356,4.081,4.164,4.538,3.407,3.131,2.686,3.915,4.647,4.796,5.767,4.375,5.913,5.970,5.934,6.427,5.403,4.128,4.195,3.708,3.198,3.023,2.576,2.740,1.751,2.484,3.751,4.303,4.032,4.340,4.000,3.204,2.557,2.791,1.886,1.919,1.761,0.830,0.000,0.702,1.011,1.644,2.643,3.064,3.512,4.256,3.823,4.264,3.251,3.168,2.321,2.778,3.866,4.255,4.950,4.600,3.512,3.031,2.815,2.012,2.842,2.559,3.782,4.052,3.847,4.641
6.769,8.083,7.189,8.797,8.725,7.311,6.891,6.917,5.856,5.433,3.190,3.141,3.092,2.766,3.696,4.650,4.776,5.393,6.099,5.785,5.423,5.849,5.029,4.912,5.108,4.093,3.850,3.340,4.992,5.493,5.459,6.115,5.061,6.371,6.567,7.005,7.015,6.158,4.680,4.401,3.611,3.283,2.780,2.793,3.053,2.459,3.735,5.181,5.222,4.660,4.972,4.622,4.850,3.649,3.346,2.768,2.845,1.641,1.311,0.702,0.000,1.466,1.784,1.684,2.759,2.426,2.913,3.422,3.408,2.864,3.001,2.318,2.947,3.284,4.138,5.149,5.393,3.314,2.286,2.274,1.897,1.847,2.506,3.388,4.217,3.789,4.459
5.572,6.783,5.599,7.433,7.475,5.519,5.069,5.106,4.256,4.131,3.115,3.165,3.786,3.180,3.655,4.513,4.387,4.703,5.040,4.323,4.236,4.601,4.992,4.280,5.259,3.502,4.269,3.227,4.135,3.972,3.966,4.456,3.706,5.064,5.422,5.754,5.782,4.996,3.808,3.426,2.490,3.131,1.967,1.695,2.376,1.639,3.670,5.631,5.572,4.832,5.445,5.384,4.878,3.468,3.406,2.654,2.631,1.771,1.491,1.011,1.466,0.000,0.819,0.757,1.658,1.196,2.425,3.149,2.818,2.260,2.986,2.770,3.488,3.875,4.467,5.519,5.330,4.577,3.671,3.916,2.421,2.648,1.763,2.688,3.103,3.212,3.943
6.323,6.997,5.972,7.903,7.517,5.811,4.974,4.832,4.123,4.199,4.092,3.709,4.202,3.741,4.143,4.801,4.426,4.982,5.218,4.045,4.647,4.382,5.286,4.032,5.753,3.882,5.173,4.379,5.556,4.988,4.029,4.139,3.753,5.254,5.791,6.582,6.367,5.682,4.357,4.056,3.587,4.532,3.424,3.087,3.095,1.968,2.674,4.444,4.727,4.542,5.344,6.014,6.083,4.368,4.007,3.024,2.832,2.233,2.060,1.644,1.784,0.819,0.000,0.541,1.732,0.540,1.838,2.593,2.340,2.972,3.501,3.151,3.201,2.849,3.758,5.263,5.283,4.696,4.060,4.717,3.633,3.787,3.445,3.522,2.891,3.228,3.314
5.767,6.285,5.020,6.594,6.352,5.125,4.117,4.324,4.079,4.069,3.902,3.371,3.791,3.806,3.804,4.650,4.588,4.752,5.170,4.208,4.996,4.373,5.332,4.550,5.935,4.584,5.433,4.707,5.504,4.992,3.969,4.632,4.145,5.652,6.111,6.752,6.866,6.289,5.184,4.968,4.731,5.269,4.302,3.484,3.005,2.076,1.884,3.374,4.137,4.603,5.869,6.536,6.400,4.251,4.241,3.198,3.322,3.702,3.619,2.643,1.684,0.757,0.541,0.000,0.553,1.073,0.949,1.155,1.734,2.481,2.409,2.214,3.082,3.429,4.500,5.820,5.284,5.001,3.850,3.681,2.742,3.370,3.657,4.333,3.071,3.246,3.253
6.557,6.880,5.811,6.955,6.939,6.166,4.871,5.018,4.980,4.958,4.923,4.807,5.417,5.353,5.260,6.227,5.798,5.160,4.999,4.222,4.969,4.128,5.072,4.551,6.051,4.901,5.486,4.635,5.100,4.803,4.065,5.106,4.780,6.628,6.813,7.214,7.335,7.150,6.314,6.461,6.181,5.526,4.472,4.027,4.037,3.410,2.656,3.176,4.328,5.253,6.335,6.785,7.029,5.195,5.149,4.482,4.420,4.815,4.165,3.064,2.759,1.658,1.732,0.553,0.000,0.605,1.323,0.748,1.555,2.214,2.584,2.443,3.456,3.539,4.964,6.457,6.475,6.235,4.934,4.527,3.652,3.851,3.743,4.752,3.739,3.903,4.528
5.573,5.893,4.867,6.046,5.949,5.348,4.132,4.403,4.697,4.306,4.852,5.271,5.171,4.479,4.607,5.700,5.363,4.867,4.962,4.185,5.167,4.125,5.083,4.393,5.864,4.441,5.498,4.981,5.256,5.236,4.321,5.181,4.628,6.268,6.160,6.616,7.088,6.656,6.021,6.129,5.768,5.904,5.179,4.279,3.725,3.081,2.688,3.284,4.982,6.071,7.001,7.333,6.507,4.595,4.765,4.407,4.893,5.200,4.487,3.512,2.426,1.196,0.540,1.073,0.605,0.000,0.743,1.253,1.699,2.149,1.796,2.199,3.075,3.270,4.463,5.572,5.682,5.455,4.664,4.505,3.645,4.097,3.290,4.294,3.211,3.200,3.406
5.558,5.786,5.241,6.315,6.255,6.118,4.901,5.058,5.236,4.677,4.970,6.019,6.151,5.486,4.831,6.118,5.634,5.033,5.166,4.861,5.525,4.480,5.171,4.816,6.107,4.715,5.445,5.024,4.559,4.639,4.703,5.763,5.223,6.782,6.341,6.762,7.470,6.981,6.840,7.479,6.805,5.842,5.058,4.039,3.386,3.108,3.126,3.405,5.096,6.022,7.357,7.549,6.613,5.215,5.537,5.042,5.503,5.506,4.785,4.256,2.913,2.425,1.838,0.949,1.323,0.743,0.000,0.349,1.560,2.231,1.688,2.661,2.547,2.879,4.338,5.354,5.565,5.707,5.379,5.215,4.205,4.337,3.143,3.515,2.611,3.061,3.702
5.179,5.473,5.185,6.656,6.377,5.537,4.736,4.968,5.362,4.520,4.633,5.875,5.718,5.138,4.637,5.607,5.198,4.969,5.192,5.117,5.829,5.036,5.531,5.243,6.546,5.030,5.706,5.036,5.120,5.597,5.652,6.649,5.955,7.235,6.868,6.988,7.795,7.024,6.742,7.451,6.727,6.243,5.966,5.092,4.329,3.890,3.247,3.057,4.556,6.028,7.461,8.002,7.251,5.681,5.825,5.154,5.359,5.389,4.233,3.823,3.422,3.149,2.593,1.155,0.748,1.253,0.349,0.000,0.684,1.844,1.389,2.449,1.387,1.679,3.083,3.870,3.867,3.849,3.914,4.097,3.398,3.320,2.040,2.282,2.198,2.366,3.375
4.994,5.073,4.588,6.140,5.965,4.973,4.365,4.352,4.933,4.322,4.983,6.468,6.461,5.686,5.518,6.404,5.954,5.619,5.264,5.023,5.693,4.671,5.510,5.111,7.048,5.399,6.255,5.290,4.791,4.865,5.046,5.643,5.133,6.086,5.756,5.531,5.963,5.401,5.175,6.323,6.487,6.142,5.463,4.387,3.307,2.964,3.419,3.606,5.070,5.829,6.551,6.731,5.898,4.272,4.897,4.286,5.106,5.370,4.856,4.264,3.408,2.818,2.340,1.734,1.555,1.699,1.560,0.684,0.000,1.384,1.048,1.967,1.013,0.960,1.824,3.066,2.967,2.943,2.876,3.260,2.761,2.840,1.840,2.224,1.744,2.288,2.772
5.019,4.701,4.246,5.469,5.314,3.793,3.662,3.503,4.233,3.702,4.368,5.826,5.821,5.154,5.193,5.829,5.648,5.364,4.646,4.516,5.467,4.628,5.495,5.509,6.384,5.527,6.097,4.798,3.695,3.679,3.986,5.305,4.177,5.018,4.687,4.532,4.832,4.232,3.898,4.880,5.452,4.833,4.840,3.976,2.102,2.360,3.575,3.839,5.014,5.174,5.419,5.556,4.935,2.945,3.438,3.201,3.928,4.214,3.895,3.251,2.864,2.260,2.972,2.481,2.214,2.149,2.231,1.844,1.384,0.000,0.747,2.077,1.846,1.659,1.870,2.948,3.226,2.632,2.598,2.935,2.021,2.204,1.293,2.021,2.471,2.397,3.355
4.421,4.386,3.648,5.567,5.299,4.151,3.941,4.314,4.796,4.014,4.020,5.587,5.647,5.178,5.580,6.380,5.973,5.349,4.415,4.233,5.090,4.629,5.849,5.637,7.660,6.991,6.931,5.350,4.076,3.829,4.806,5.325,4.655,5.321,5.264,4.897,5.176,4.724,4.681,5.327,5.497,5.110,4.354,4.037,3.331,2.958,4.254,4.400,5.342,5.218,5.246,4.866,4.367,3.487,4.426,3.735,4.029,3.674,3.646,3.168,3.001,2.986,3.501,2.409,2.584,1.796,1.688,1.389,1.048,0.747,0.000,0.681,1.216,0.985,1.336,3.065,3.536,2.225,1.611,2.082,2.096,1.812,2.711,2.816,3.516,3.642,3.472
3.574,3.723,2.986,5.720,5.886,5.068,4.667,4.940,5.043,4.190,3.947,5.036,4.918,4.679,4.930,5.920,5.248,4.465,3.450,3.281,3.065,3.070,4.518,4.425,6.542,6.189,6.487,4.651,3.712,3.040,4.245,4.480,3.550,4.619,4.441,4.199,4.625,4.044,3.893,3.943,4.223,4.022,3.874,4.105,2.831,3.203,4.276,4.708,4.395,3.611,3.950,3.810,3.238,2.640,3.032,2.769,2.985,3.221,3.102,2.321,2.318,2.770,3.151,2.214,2.443,2.199,2.661,2.449,1.967,2.077,0.681,0.000,0.791,0.791,1.276,2.831,2.255,2.287,1.897,2.249,1.855,2.248,3.255,3.797,4.178,4.481,3.852
3.077,3.991,3.486,6.682,6.579,5.618,5.165,5.517,5.505,4.504,3.559,4.786,4.666,4.681,5.126,5.977,5.687,4.718,3.664,3.515,3.186,3.664,5.203,5.345,7.241,7.076,7.049,5.402,4.160,3.453,4.511,4.533,3.542,4.610,4.531,4.283,4.774,4.396,4.473,4.360,4.312,4.479,3.741,4.706,3.954,3.889,4.818,5.349,5.171,4.842,5.167,4.355,3.914,3.444,4.017,3.683,3.899,2.982,2.977,2.778,2.947,3.488,3.201,3.082,3.456,3.075,2.547,1.387,1.013,1.846,1.216,0.791,0.000,0.582,1.243,2.189,1.532,1.583,1.207,1.935,2.670,2.637,3.282,3.533,4.209,4.421,4.183
3.302,4.775,4.684,7.876,7.518,6.533,5.863,5.914,5.290,4.254,3.087,4.411,4.087,4.501,5.146,5.844,5.659,4.449,3.201,3.243,2.773,3.346,5.078,5.215,7.324,6.937,6.665,5.234,3.944,3.285,3.756,4.015,3.097,4.427,4.190,4.202,4.677,4.193,4.283,4.109,3.860,4.459,3.467,4.302,3.416,3.764,4.532,4.942,4.814,4.997,5.369,4.644,4.382,3.826,4.117,4.274,3.919,3.251,3.642,3.866,3.284,3.875,2.849,3.429,3.539,3.270,2.879,1.679,0.960,1.659,0.985,0.791,0.582,0.000,1.035,1.736,2.023,1.697,1.700,2.093,2.605,2.761,2.851,3.588,4.301,4.678,4.851
2.605,3.924,4.435,7.704,7.179,5.732,4.906,4.850,4.162,3.126,1.996,3.357,3.765,4.560,5.230,5.558,5.487,4.140,3.116,2.842,2.853,3.284,5.317,5.709,7.553,7.271,6.497,5.302,3.990,3.566,3.437,4.277,3.151,4.759,4.324,4.551,5.109,5.008,5.186,4.802,3.943,4.276,3.024,3.972,3.688,4.377,5.059,5.519,5.319,5.454,5.788,5.165,4.880,3.876,3.956,4.458,3.719,3.643,4.208,4.255,4.138,4.467,3.758,4.500,4.964,4.463,4.338,3.083,1.824,1.870,1.336,1.276,1.243,1.035,0.000,0.726,2.211,1.070,1.121,1.028,1.178,2.106,2.160,2.929,3.507,4.010,5.347
1.261,2.361,2.623,5.444,4.863,3.528,3.205,3.759,3.145,2.759,2.300,2.645,4.178,4.945,5.237,4.931,5.162,4.089,3.117,2.835,3.379,3.118,5.286,5.577,7.347,6.999,5.887,4.416,3.075,2.706,3.206,4.167,3.970,5.316,4.855,5.350,5.826,6.243,6.445,5.967,4.656,4.619,3.271,4.087,4.254,5.123,6.094,6.888,6.927,6.943,6.956,6.235,6.109,5.209,5.428,5.846,5.061,4.907,5.456,4.950,5.149,5.519,5.263,5.820,6.457,5.572,5.354,3.870,3.066,2.948,3.065,2.831,2.189,1.736,0.726,0.000,0.760,1.032,1.163,1.009,1.215,1.796,2.363,2.736,3.115,3.504,4.871
