0.000,0.047,0.160,0.590,0.288,0.154,0.471,0.327,0.441,0.156,0.040,0.051,0.120,0.135,0.213,0.277,0.357,0.258,0.214,0.319,0.653,1.258,0.885,0.297,0.049,0.208,0.173,0.364,0.204,0.102,0.095,0.079,0.048,0.011,0.059,0.057,0.222,0.083,0.101,0.275,0.252,0.341,0.629,0.934,0.540,0.014,0.034,0.435,0.510,0.378,0.707,0.008,0.190,0.031,0.062,0.007,0.296,0.134,0.615,0.309,0.018,0.304,0.443,0.315,0.752,0.012,0.296,0.309,0.373,0.296,0.263,0.168,0.180,0.292,0.461,0.309,0.188,0.285,0.503,0.133,0.446,0.673,0.536,0.350,0.439,0.396,0.392,0.308,0.347,0.265,0.229,0.150,0.131,0.094
0.047,0.000,0.033,0.068,0.209,0.173,0.436,0.211,0.150,0.082,0.277,0.071,0.122,0.168,0.149,0.154,0.316,0.165,0.033,0.152,0.316,0.703,0.426,0.397,0.158,0.331,0.309,0.540,0.345,0.236,0.198,0.197,0.066,0.165,0.057,0.027,0.018,0.124,0.144,0.053,0.015,0.081,0.420,0.623,0.505,0.129,0.013,0.616,0.623,0.480,0.839,0.081,0.142,0.095,0.026,0.095,0.388,0.181,0.646,0.375,0.094,0.412,0.524,0.369,0.793,0.063,0.260,0.277,0.383,0.310,0.201,0.192,0.100,0.096,0.230,0.278,0.121,0.057,0.439,0.277,0.212,0.495,0.476,0.150,0.254,0.101,0.162,0.093,0.294,0.105,0.196,0.172,0.185,0.154
0.160,0.033,0.000,0.066,0.117,0.102,0.271,0.016,0.001,0.024,0.335,0.140,0.146,0.138,0.119,0.139,0.202,0.101,0.027,0.035,0.186,0.412,0.190,0.138,0.109,0.105,0.115,0.312,0.145,0.112,0.015,0.031,0.003,0.064,0.067,0.030,0.062,0.054,0.098,0.077,0.041,0.100,0.421,0.696,0.596,0.146,0.176,0.642,0.609,0.432,0.768,0.026,0.196,0.006,0.115,0.002,0.329,0.123,0.617,0.348,0.025,0.429,0.588,0.440,0.846,0.224,0.265,0.252,0.346,0.287,0.192,0.155,0.174,0.149,0.325,0.296,0.173,0.100,0.477,0.170,0.287,0.608,0.600,0.286,0.459,0.339,0.363,0.287,0.459,0.240,0.288,0.240,0.230,0.215
0.590,0.068,0.066,0.000,0.098,0.598,0.275,0.301,0.036,0.227,0.133,0.053,0.121,0.184,0.201,0.169,0.221,0.230,0.263,0.135,0.267,0.403,0.223,0.078,0.458,0.273,0.126,0.065,0.019,0.029,0.085,0.012,0.069,0.049,0.070,0.089,0.067,0.103,0.169,0.072,0.077,0.071,0.238,0.442,0.242,0.068,0.336,0.636,0.581,0.368,0.655,0.105,0.272,0.098,0.307,0.226,0.111,0.123,0.418,0.097,0.109,0.319,0.475,0.369,0.886,0.218,0.063,0.062,0.182,0.201,0.210,0.136,0.352,0.365,0.422,0.314,0.243,0.101,0.395,0.143,0.289,0.568,0.509,0.316,0.535,0.533,0.548,0.518,0.649,0.537,0.497,0.446,0.391,0.414
0.288,0.209,0.117,0.098,0.000,0.015,0.232,0.162,0.017,0.227,0.507,0.260,0.261,0.245,0.101,0.136,0.157,0.037,0.068,0.059,0.115,0.334,0.466,0.154,0.068,0.024,0.112,0.276,0.125,0.119,0.010,0.025,0.018,0.014,0.150,0.085,0.080,0.006,0.081,0.064,0.004,0.009,0.289,0.311,0.151,0.158,0.288,0.659,0.577,0.394,0.764,0.007,0.210,0.013,0.147,0.065,0.270,0.077,0.624,0.325,0.108,0.460,0.616,0.459,0.937,0.232,0.255,0.233,0.324,0.285,0.275,0.189,0.277,0.347,0.377,0.332,0.241,0.142,0.477,0.135,0.344,0.655,0.599,0.356,0.540,0.487,0.504,0.434,0.549,0.407,0.377,0.310,0.269,0.250
0.154,0.173,0.102,0.598,0.015,0.000,0.217,0.039,0.247,0.190,0.505,0.201,0.218,0.237,0.073,0.076,0.185,0.035,0.146,0.068,0.040,0.095,0.095,0.253,0.039,0.046,0.185,0.425,0.200,0.185,0.079,0.077,0.049,0.116,0.058,0.019,0.048,0.147,0.239,0.064,0.128,0.132,0.216,0.182,0.270,0.032,0.195,0.728,0.608,0.425,0.817,0.000,0.221,0.053,0.116,0.025,0.293,0.058,0.578,0.329,0.110,0.482,0.613,0.431,0.869,0.218,0.156,0.135,0.264,0.231,0.151,0.256,0.148,0.124,0.144,0.240,0.122,0.095,0.350,0.299,0.092,0.433,0.482,0.130,0.328,0.200,0.253,0.202,0.420,0.217,0.281,0.260,0.250,0.235
0.471,0.436,0.271,0.275,0.232,0.217,0.000,0.028,0.235,0.037,0.380,0.073,0.074,0.037,0.147,0.121,0.071,0.200,0.351,0.066,0.083,0.209,0.161,0.284,0.119,0.076,0.238,0.425,0.292,0.305,0.134,0.146,0.197,0.222,0.019,0.111,0.204,0.273,0.389,0.236,0.307,0.334,0.001,0.031,0.077,0.191,0.491,0.922,0.750,0.532,0.909,0.096,0.121,0.131,0.096,0.024,0.366,0.125,0.672,0.424,0.214,0.651,0.805,0.627,1.072,0.490,0.254,0.214,0.351,0.343,0.290,0.091,0.359,0.325,0.335,0.406,0.322,0.077,0.511,0.083,0.279,0.624,0.690,0.350,0.596,0.484,0.524,0.481,0.696,0.473,0.515,0.478,0.450,0.445
0.327,0.211,0.016,0.301,0.162,0.039,0.028,0.000,0.007,0.214,0.214,0.002,0.038,0.058,0.148,0.115,0.032,0.152,0.332,0.241,0.317,0.112,0.376,0.360,0.072,0.032,0.223,0.489,0.300,0.278,0.195,0.219,0.203,0.241,0.081,0.162,0.196,0.279,0.362,0.202,0.250,0.242,0.125,0.146,0.245,0.014,0.172,0.786,0.697,0.509,0.877,0.053,0.144,0.128,0.075,0.002,0.312,0.058,0.574,0.322,0.121,0.505,0.626,0.463,0.915,0.254,0.147,0.141,0.290,0.288,0.231,0.137,0.293,0.267,0.302,0.337,0.229,0.023,0.413,0.201,0.196,0.493,0.528,0.212,0.409,0.303,0.347,0.325,0.523,0.389,0.431,0.412,0.394,0.389
0.441,0.150,0.001,0.036,0.017,0.247,0.235,0.007,0.000,0.290,0.194,0.026,0.021,0.058,0.213,0.164,0.203,0.224,0.336,0.132,0.260,0.035,0.425,0.005,0.292,0.298,0.097,0.087,0.016,0.033,0.077,0.039,0.044,0.006,0.143,0.032,0.056,0.070,0.163,0.078,0.105,0.150,0.169,0.141,0.044,0.119,0.271,0.609,0.502,0.290,0.626,0.175,0.337,0.130,0.356,0.297,0.035,0.193,0.381,0.069,0.068,0.315,0.464,0.327,0.864,0.160,0.008,0.026,0.100,0.126,0.174,0.252,0.315,0.367,0.318,0.249,0.190,0.005,0.308,0.228,0.202,0.493,0.439,0.243,0.471,0.474,0.490,0.461,0.579,0.514,0.451,0.407,0.343,0.361
0.156,0.082,0.024,0.227,0.227,0.190,0.037,0.214,0.290,0.000,0.456,0.408,0.297,0.240,0.145,0.211,0.065,0.111,0.065,0.010,0.383,0.404,0.665,0.220,0.379,0.395,0.301,0.180,0.286,0.273,0.358,0.399,0.335,0.371,0.504,0.347,0.381,0.360,0.282,0.353,0.325,0.272,0.527,0.479,0.160,0.034,0.090,0.262,0.187,0.001,0.345,0.407,0.569,0.415,0.560,0.512,0.174,0.340,0.247,0.084,0.246,0.076,0.250,0.110,0.646,0.097,0.091,0.126,0.054,0.067,0.023,0.488,0.113,0.263,0.209,0.045,0.003,0.067,0.165,0.360,0.146,0.438,0.301,0.173,0.377,0.440,0.421,0.351,0.364,0.351,0.199,0.117,0.033,0.040
0.040,0.277,0.335,0.133,0.507,0.505,0.380,0.214,0.194,0.456,0.000,0.060,0.216,0.145,0.218,0.265,0.405,0.274,0.344,0.281,0.481,0.400,0.303,0.453,0.617,0.595,0.428,0.360,0.382,0.294,0.312,0.327,0.177,0.244,0.313,0.064,0.107,0.152,0.058,0.045,0.085,0.017,0.255,0.180,0.218,0.095,0.037,0.306,0.284,0.107,0.377,0.363,0.451,0.314,0.506,0.530,0.228,0.427,0.142,0.237,0.266,0.005,0.131,0.052,0.664,0.173,0.198,0.176,0.070,0.010,0.147,0.337,0.334,0.479,0.321,0.131,0.077,0.044,0.112,0.331,0.112,0.330,0.163,0.124,0.277,0.382,0.416,0.400,0.427,0.587,0.408,0.389,0.296,0.350
0.051,0.071,0.140,0.053,0.260,0.201,0.073,0.002,0.026,0.408,0.060,0.000,0.046,0.015,0.301,0.323,0.333,0.387,0.481,0.244,0.379,0.767,0.478,0.138,0.257,0.200,0.071,0.045,0.078,0.000,0.040,0.033,0.052,0.000,0.059,0.105,0.019,0.007,0.082,0.074,0.075,0.170,0.010,0.187,0.647,0.388,0.181,0.504,0.517,0.381,0.667,0.034,0.123,0.003,0.114,0.164,0.110,0.062,0.468,0.089,0.086,0.267,0.367,0.289,0.877,0.006,0.140,0.182,0.273,0.307,0.463,0.084,0.547,0.744,0.558,0.400,0.326,0.257,0.380,0.069,0.375,0.556,0.376,0.345,0.426,0.500,0.557,0.534,0.547,0.741,0.572,0.545,0.462,0.474
0.120,0.122,0.146,0.121,0.261,0.218,0.074,0.038,0.021,0.297,0.216,0.046,0.000,0.040,0.159,0.202,0.393,0.331,0.320,0.428,0.589,0.913,0.617,0.087,0.236,0.133,0.021,0.006,0.032,0.033,0.090,0.005,0.065,0.025,0.003,0.143,0.048,0.027,0.013,0.000,0.003,0.043,0.089,0.034,0.558,0.368,0.120,0.489,0.570,0.454,0.712,0.060,0.014,0.061,0.020,0.075,0.198,0.039,0.552,0.164,0.131,0.298,0.400,0.341,0.905,0.012,0.258,0.314,0.390,0.419,0.585,0.064,0.666,0.882,0.763,0.505,0.420,0.427,0.497,0.069,0.526,0.681,0.470,0.475,0.514,0.608,0.660,0.632,0.590,0.862,0.645,0.609,0.522,0.533
0.135,0.168,0.138,0.184,0.245,0.237,0.037,0.058,0.058,0.240,0.145,0.015,0.040,0.000,0.035,0.010,0.284,0.209,0.112,0.357,0.635,1.174,0.680,0.072,0.256,0.089,0.012,0.043,0.012,0.032,0.060,0.007,0.032,0.017,0.023,0.095,0.118,0.052,0.032,0.092,0.093,0.104,0.261,0.381,0.292,0.319,0.124,0.505,0.604,0.475,0.730,0.078,0.024,0.045,0.027,0.043,0.249,0.088,0.596,0.212,0.101,0.318,0.437,0.380,0.923,0.055,0.314,0.366,0.434,0.443,0.569,0.088,0.637,0.840,0.821,0.527,0.439,0.490,0.567,0.109,0.599,0.757,0.547,0.537,0.579,0.667,0.706,0.674,0.632,0.842,0.636,0.567,0.485,0.487
0.213,0.149,0.119,0.201,0.101,0.073,0.147,0.148,0.213,0.145,0.218,0.301,0.159,0.035,0.000,0.030,0.098,0.018,0.069,0.521,0.729,1.358,0.739,0.047,0.139,0.038,0.022,0.145,0.038,0.013,0.132,0.121,0.015,0.029,0.046,0.104,0.125,0.038,0.049,0.140,0.154,0.173,0.375,0.349,0.263,0.207,0.064,0.345,0.461,0.361,0.645,0.038,0.154,0.015,0.051,0.102,0.150,0.018,0.455,0.100,0.004,0.160,0.248,0.164,0.695,0.200,0.136,0.195,0.279,0.267,0.351,0.156,0.336,0.536,0.469,0.306,0.195,0.232,0.340,0.177,0.325,0.476,0.288,0.230,0.261,0.300,0.344,0.306,0.303,0.468,0.344,0.307,0.261,0.247
0.277,0.154,0.139,0.169,0.136,0.076,0.121,0.115,0.164,0.211,0.265,0.323,0.202,0.010,0.030,0.000,0.122,0.068,0.105,0.569,0.663,1.125,0.665,0.042,0.097,0.022,0.083,0.145,0.060,0.064,0.263,0.222,0.109,0.124,0.240,0.298,0.088,0.007,0.043,0.106,0.132,0.143,0.227,0.107,0.591,0.284,0.109,0.307,0.502,0.458,0.700,0.087,0.020,0.120,0.134,0.021,0.228,0.079,0.507,0.141,0.113,0.167,0.223,0.165,0.680,0.250,0.218,0.312,0.388,0.389,0.514,0.007,0.472,0.716,0.593,0.401,0.275,0.353,0.379,0.066,0.391,0.488,0.268,0.272,0.232,0.289,0.348,0.312,0.255,0.563,0.400,0.396,0.354,0.333
0.357,0.316,0.202,0.221,0.157,0.185,0.071,0.032,0.203,0.065,0.405,0.333,0.393,0.284,0.098,0.122,0.000,0.118,0.257,0.614,0.806,1.342,0.720,0.046,0.248,0.078,0.067,0.034,0.050,0.083,0.073,0.063,0.040,0.017,0.091,0.162,0.248,0.132,0.214,0.296,0.364,0.490,0.601,0.835,0.064,0.088,0.264,0.172,0.434,0.372,0.568,0.012,0.088,0.032,0.021,0.092,0.142,0.007,0.416,0.041,0.088,0.033,0.113,0.081,0.576,0.331,0.167,0.262,0.324,0.319,0.423,0.001,0.430,0.656,0.689,0.353,0.226,0.392,0.374,0.064,0.431,0.509,0.259,0.295,0.240,0.330,0.372,0.337,0.241,0.573,0.368,0.334,0.283,0.287
0.258,0.165,0.101,0.230,0.037,0.035,0.200,0.152,0.224,0.111,0.274,0.387,0.331,0.209,0.018,0.068,0.118,0.000,0.169,0.513,0.653,1.251,0.641,0.067,0.088,0.084,0.085,0.165,0.093,0.057,0.267,0.276,0.143,0.163,0.315,0.354,0.093,0.030,0.074,0.171,0.240,0.361,0.449,0.506,0.493,0.266,0.146,0.253,0.516,0.470,0.678,0.091,0.009,0.094,0.137,0.041,0.243,0.094,0.488,0.122,0.038,0.102,0.154,0.114,0.615,0.322,0.217,0.325,0.399,0.385,0.477,0.008,0.411,0.656,0.604,0.393,0.254,0.394,0.383,0.076,0.400,0.459,0.229,0.242,0.167,0.215,0.279,0.241,0.190,0.484,0.357,0.340,0.309,0.284
0.214,0.033,0.027,0.263,0.068,0.146,0.351,0.332,0.336,0.065,0.344,0.481,0.320,0.112,0.069,0.105,0.257,0.169,0.000,0.679,0.725,1.179,0.720,0.250,0.131,0.222,0.257,0.364,0.250,0.184,0.542,0.592,0.325,0.355,0.677,0.767,0.055,0.171,0.025,0.159,0.205,0.243,0.288,0.116,0.722,0.260,0.234,0.113,0.383,0.413,0.674,0.070,0.008,0.163,0.268,0.091,0.222,0.083,0.433,0.109,0.101,0.036,0.048,0.038,0.420,0.509,0.123,0.235,0.320,0.282,0.354,0.215,0.131,0.414,0.242,0.212,0.056,0.181,0.197,0.283,0.178,0.242,0.034,0.007,0.063,0.048,0.007,0.067,0.139,0.092,0.009,0.041,0.068,0.003
0.319,0.152,0.035,0.135,0.059,0.068,0.066,0.241,0.132,0.010,0.281,0.244,0.428,0.357,0.521,0.569,0.614,0.513,0.679,0.000,0.016,0.252,0.249,0.260,0.328,0.557,0.404,0.430,0.310,0.261,0.365,0.391,0.133,0.351,0.492,0.129,0.022,0.219,0.066,0.049,0.042,0.276,0.076,0.541,0.751,0.410,0.323,0.272,0.089,0.121,0.197,0.546,0.626,0.493,0.718,0.748,0.443,0.596,0.039,0.333,0.246,0.005,0.137,0.019,0.681,0.115,0.325,0.357,0.261,0.189,0.066,0.535,0.294,0.502,0.136,0.030,0.059,0.138,0.003,0.368,0.053,0.290,0.116,0.105,0.331,0.460,0.478,0.462,0.480,0.611,0.401,0.367,0.234,0.288
0.653,0.316,0.186,0.267,0.115,0.040,0.083,0.317,0.260,0.383,0.481,0.379,0.589,0.635,0.729,0.663,0.806,0.653,0.725,0.016,0.000,0.460,0.257,0.300,0.409,0.632,0.458,0.477,0.290,0.231,0.418,0.371,0.055,0.292,0.445,0.039,0.052,0.137,0.008,0.104,0.098,0.315,0.086,0.434,0.667,0.485,0.518,0.389,0.181,0.075,0.225,0.542,0.637,0.513,0.797,0.779,0.436,0.612,0.055,0.325,0.284,0.060,0.230,0.117,0.796,0.046,0.312,0.358,0.253,0.167,0.077,0.465,0.372,0.543,0.228,0.099,0.145,0.084,0.085,0.290,0.134,0.395,0.236,0.213,0.492,0.630,0.636,0.626,0.669,0.732,0.531,0.474,0.329,0.393
1.258,0.703,0.412,0.403,0.334,0.095,0.209,0.112,0.035,0.404,0.400,0.767,0.913,1.174,1.358,1.125,1.342,1.251,1.179,0.252,0.460,0.000,0.040,0.365,0.470,0.482,0.280,0.416,0.031,0.114,0.174,0.080,0.408,0.106,0.069,0.397,0.477,0.268,0.417,0.531,0.535,0.773,0.578,0.809,1.189,1.022,1.095,0.896,0.687,0.388,0.625,0.116,0.199,0.144,0.472,0.419,0.046,0.246,0.431,0.001,0.051,0.475,0.651,0.591,1.321,0.572,0.090,0.069,0.183,0.303,0.566,0.080,0.933,1.086,0.793,0.619,0.684,0.423,0.567,0.236,0.628,0.857,0.691,0.713,0.989,1.138,1.176,1.201,1.281,1.325,1.127,1.043,0.877,0.943
0.885,0.426,0.190,0.223,0.466,0.095,0.161,0.376,0.425,0.665,0.303,0.478,0.617,0.680,0.739,0.665,0.720,0.641,0.720,0.249,0.257,0.040,0.000,0.416,0.701,0.807,0.533,0.398,0.221,0.185,0.343,0.130,0.091,0.087,0.187,0.156,0.233,0.106,0.211,0.239,0.212,0.354,0.043,0.240,0.361,0.323,0.487,0.455,0.281,0.019,0.288,0.528,0.638,0.440,0.770,0.743,0.417,0.669,0.048,0.408,0.409,0.011,0.157,0.053,0.718,0.014,0.451,0.469,0.314,0.211,0.066,0.469,0.251,0.307,0.068,0.031,0.048,0.272,0.021,0.440,0.064,0.203,0.116,0.018,0.329,0.415,0.435,0.455,0.600,0.559,0.474,0.448,0.344,0.414
0.297,0.397,0.138,0.078,0.154,0.253,0.284,0.360,0.005,0.220,0.453,0.138,0.087,0.072,0.047,0.042,0.046,0.067,0.250,0.260,0.300,0.365,0.416,0.000,0.046,0.278,0.098,0.117,0.040,0.028,0.166,0.114,0.075,0.078,0.248,0.146,0.010,0.024,0.144,0.036,0.098,0.217,0.093,0.305,0.220,0.249,0.366,0.559,0.355,0.152,0.552,0.290,0.487,0.210,0.406,0.349,0.038,0.260,0.310,0.024,0.062,0.267,0.396,0.214,0.749,0.061,0.120,0.157,0.033,0.041,0.034,0.539,0.010,0.051,0.144,0.014,0.049,0.356,0.068,0.507,0.138,0.213,0.215,0.049,0.199,0.152,0.197,0.150,0.349,0.154,0.175,0.154,0.114,0.118
0.049,0.158,0.109,0.458,0.068,0.039,0.119,0.072,0.292,0.379,0.617,0.257,0.236,0.256,0.139,0.097,0.248,0.088,0.131,0.328,0.409,0.470,0.701,0.046,0.000,0.095,0.105,0.354,0.059,0.087,0.038,0.020,0.045,0.046,0.139,0.125,0.044,0.130,0.256,0.081,0.158,0.209,0.127,0.149,0.078,0.007,0.255,0.702,0.498,0.313,0.736,0.118,0.351,0.024,0.207,0.118,0.184,0.068,0.451,0.219,0.065,0.418,0.527,0.322,0.769,0.142,0.011,0.039,0.106,0.073,0.031,0.462,0.054,0.116,0.225,0.041,0.082,0.452,0.101,0.544,0.262,0.131,0.249,0.149,0.076,0.060,0.023,0.028,0.263,0.009,0.108,0.122,0.126,0.119
0.208,0.331,0.105,0.273,0.024,0.046,0.076,0.032,0.298,0.395,0.595,0.200,0.133,0.089,0.038,0.022,0.078,0.084,0.222,0.557,0.632,0.482,0.807,0.278,0.095,0.000,0.032,0.076,0.031,0.133,0.166,0.102,0.011,0.067,0.144,0.106,0.137,0.185,0.355,0.215,0.319,0.440,0.218,0.655,0.444,0.500,0.788,0.974,0.635,0.401,0.811,0.007,0.255,0.011,0.208,0.056,0.286,0.050,0.624,0.354,0.247,0.683,0.818,0.609,1.073,0.549,0.164,0.111,0.242,0.210,0.129,0.317,0.116,0.043,0.161,0.205,0.129,0.349,0.274,0.298,0.131,0.305,0.466,0.075,0.331,0.198,0.307,0.240,0.571,0.177,0.302,0.299,0.286,0.287
0.173,0.309,0.115,0.126,0.112,0.185,0.238,0.223,0.097,0.301,0.428,0.071,0.021,0.012,0.022,0.083,0.067,0.085,0.257,0.404,0.458,0.280,0.533,0.098,0.105,0.032,0.000,0.020,0.000,0.069,0.140,0.011,0.009,0.057,0.100,0.093,0.168,0.193,0.338,0.211,0.308,0.476,0.254,1.003,0.623,0.446,0.569,0.743,0.424,0.220,0.646,0.226,0.453,0.117,0.310,0.239,0.045,0.205,0.333,0.055,0.065,0.373,0.445,0.258,0.773,0.165,0.134,0.164,0.024,0.045,0.111,0.605,0.131,0.178,0.535,0.086,0.158,0.686,0.115,0.626,0.464,0.064,0.039,0.265,0.014,0.083,0.008,0.041,0.270,0.062,0.071,0.108,0.106,0.116
0.364,0.540,0.312,0.065,0.276,0.425,0.425,0.489,0.087,0.180,0.360,0.045,0.006,0.043,0.145,0.145,0.034,0.165,0.364,0.430,0.477,0.416,0.398,0.117,0.354,0.076,0.020,0.000,0.065,0.019,0.291,0.126,0.047,0.126,0.318,0.199,0.094,0.040,0.200,0.125,0.234,0.487,0.240,1.138,0.753,0.551,0.604,0.577,0.217,0.006,0.445,0.428,0.636,0.327,0.547,0.486,0.179,0.373,0.231,0.044,0.004,0.275,0.392,0.182,0.736,0.112,0.217,0.295,0.185,0.197,0.149,0.749,0.112,0.041,0.454,0.133,0.128,0.543,0.105,0.583,0.295,0.072,0.092,0.145,0.144,0.113,0.159,0.109,0.325,0.056,0.091,0.076,0.024,0.030
0.204,0.345,0.145,0.019,0.125,0.200,0.292,0.300,0.016,0.286,0.382,0.078,0.032,0.012,0.038,0.060,0.050,0.093,0.250,0.310,0.290,0.031,0.221,0.040,0.059,0.031,0.000,0.065,0.000,0.022,0.130,0.080,0.056,0.048,0.196,0.144,0.039,0.048,0.163,0.065,0.140,0.318,0.071,0.749,0.659,0.522,0.490,0.601,0.401,0.214,0.613,0.208,0.406,0.152,0.287,0.251,0.043,0.152,0.398,0.081,0.044,0.306,0.412,0.251,0.815,0.073,0.013,0.031,0.075,0.048,0.070,0.509,0.041,0.126,0.147,0.071,0.004,0.290,0.117,0.448,0.083,0.243,0.212,0.005,0.193,0.158,0.223,0.166,0.366,0.159,0.188,0.171,0.135,0.131
0.102,0.236,0.112,0.029,0.119,0.185,0.305,0.278,0.033,0.273,0.294,0.000,0.033,0.032,0.013,0.064,0.083,0.057,0.184,0.261,0.231,0.114,0.185,0.028,0.087,0.133,0.069,0.019,0.022,0.000,0.027,0.046,0.032,0.017,0.066,0.105,0.084,0.103,0.193,0.090,0.165,0.378,0.204,1.262,0.921,0.557,0.467,0.571,0.385,0.223,0.619,0.196,0.404,0.129,0.200,0.193,0.061,0.127,0.368,0.046,0.051,0.235,0.301,0.161,0.726,0.036,0.032,0.024,0.078,0.031,0.022,0.600,0.098,0.022,0.380,0.028,0.126,0.435,0.012,0.556,0.242,0.072,0.041,0.153,0.004,0.022,0.056,0.013,0.206,0.034,0.040,0.067,0.058,0.058
0.095,0.198,0.015,0.085,0.010,0.079,0.134,0.195,0.077,0.358,0.312,0.040,0.090,0.060,0.132,0.263,0.073,0.267,0.542,0.365,0.418,0.174,0.343,0.166,0.038,0.166,0.140,0.291,0.130,0.027,0.000,0.103,0.154,0.178,0.033,0.030,0.399,0.355,0.501,0.443,0.567,0.883,0.652,1.827,1.233,0.562,0.455,0.640,0.393,0.225,0.608,0.245,0.388,0.085,0.252,0.313,0.083,0.289,0.220,0.114,0.082,0.201,0.234,0.119,0.726,0.037,0.185,0.173,0.047,0.018,0.068,0.588,0.052,0.143,0.381,0.018,0.065,0.453,0.131,0.526,0.293,0.028,0.071,0.192,0.020,0.010,0.082,0.052,0.266,0.141,0.193,0.260,0.238,0.252
0.079,0.197,0.031,0.012,0.025,0.077,0.146,0.219,0.039,0.399,0.327,0.033,0.005,0.007,0.121,0.222,0.063,0.276,0.592,0.391,0.371,0.080,0.130,0.114,0.020,0.102,0.011,0.126,0.080,0.046,0.103,0.000,0.116,0.033,0.141,0.072,0.260,0.173,0.317,0.296,0.398,0.723,0.492,1.467,1.220,0.604,0.422,0.595,0.417,0.264,0.643,0.144,0.277,0.048,0.165,0.223,0.021,0.148,0.376,0.033,0.165,0.281,0.342,0.223,0.825,0.005,0.007,0.006,0.111,0.125,0.255,0.432,0.231,0.404,0.032,0.164,0.113,0.143,0.108,0.331,0.000,0.238,0.143,0.044,0.180,0.199,0.279,0.241,0.377,0.349,0.319,0.335,0.284,0.277
0.048,0.066,0.003,0.069,0.018,0.049,0.197,0.203,0.044,0.335,0.177,0.052,0.065,0.032,0.015,0.109,0.040,0.143,0.325,0.133,0.055,0.408,0.091,0.075,0.045,0.011,0.009,0.047,0.056,0.032,0.154,0.116,0.000,0.025,0.064,0.038,0.065,0.046,0.109,0.077,0.113,0.423,0.288,1.159,1.258,0.559,0.287,0.438,0.423,0.319,0.632,0.070,0.195,0.025,0.036,0.117,0.099,0.050,0.407,0.049,0.110,0.175,0.230,0.147,0.727,0.149,0.077,0.132,0.217,0.205,0.320,0.352,0.219,0.440,0.084,0.205,0.110,0.006,0.164,0.286,0.089,0.263,0.115,0.063,0.114,0.145,0.225,0.173,0.258,0.291,0.251,0.264,0.225,0.207
0.011,0.165,0.064,0.049,0.014,0.116,0.222,0.241,0.006,0.371,0.244,0.000,0.025,0.017,0.029,0.124,0.017,0.163,0.355,0.351,0.292,0.106,0.087,0.078,0.046,0.067,0.057,0.126,0.048,0.017,0.178,0.033,0.025,0.000,0.012,0.157,0.233,0.137,0.286,0.296,0.505,1.005,0.851,1.919,1.566,0.677,0.439,0.519,0.373,0.279,0.636,0.062,0.184,0.000,0.015,0.101,0.081,0.034,0.406,0.063,0.265,0.237,0.266,0.180,0.743,0.055,0.082,0.122,0.198,0.187,0.341,0.465,0.176,0.407,0.130,0.152,0.096,0.077,0.078,0.260,0.005,0.185,0.061,0.028,0.096,0.130,0.214,0.155,0.251,0.223,0.192,0.236,0.201,0.177
0.059,0.057,0.067,0.070,0.150,0.058,0.019,0.081,0.143,0.504,0.313,0.059,0.003,0.023,0.046,0.240,0.091,0.315,0.677,0.492,0.445,0.069,0.187,0.248,0.139,0.144,0.100,0.318,0.196,0.066,0.033,0.141,0.064,0.012,0.000,0.043,0.610,0.383,0.517,0.643,0.751,1.119,0.926,1.737,1.609,0.653,0.411,0.583,0.464,0.364,0.649,0.020,0.068,0.077,0.002,0.140,0.049,0.086,0.376,0.005,0.262,0.249,0.278,0.224,0.824,0.014,0.064,0.120,0.209,0.262,0.475,0.248,0.440,0.638,0.097,0.276,0.213,0.000,0.123,0.170,0.071,0.237,0.097,0.103,0.164,0.225,0.329,0.293,0.385,0.498,0.435,0.531,0.488,0.489
0.057,0.027,0.030,0.089,0.085,0.019,0.111,0.162,0.032,0.347,0.064,0.105,0.143,0.095,0.104,0.298,0.162,0.354,0.767,0.129,0.039,0.397,0.156,0.146,0.125,0.106,0.093,0.199,0.144,0.105,0.030,0.072,0.038,0.157,0.043,0.000,0.068,0.155,0.016,0.133,0.110,0.463,0.439,1.017,1.392,0.586,0.278,0.320,0.326,0.249,0.505,0.101,0.154,0.071,0.077,0.203,0.003,0.114,0.346,0.031,0.100,0.112,0.174,0.118,0.704,0.163,0.062,0.123,0.188,0.212,0.430,0.241,0.421,0.686,0.270,0.257,0.200,0.134,0.174,0.150,0.193,0.324,0.121,0.165,0.197,0.286,0.362,0.325,0.330,0.542,0.396,0.430,0.349,0.354
0.222,0.018,0.062,0.067,0.080,0.048,0.204,0.196,0.056,0.381,0.107,0.019,0.048,0.118,0.125,0.088,0.248,0.093,0.055,0.022,0.052,0.477,0.233,0.010,0.044,0.137,0.168,0.094,0.039,0.084,0.399,0.260,0.065,0.233,0.610,0.068,0.000,0.115,0.068,0.048,0.094,0.377,0.399,1.031,1.285,0.463,0.065,0.286,0.413,0.451,0.722,0.146,0.093,0.244,0.346,0.140,0.255,0.139,0.490,0.155,0.298,0.169,0.172,0.103,0.581,0.292,0.202,0.305,0.379,0.364,0.495,0.210,0.242,0.523,0.144,0.257,0.120,0.130,0.182,0.189,0.137,0.240,0.062,0.058,0.013,0.044,0.117,0.048,0.023,0.188,0.095,0.159,0.172,0.107
0.083,0.124,0.054,0.103,0.006,0.147,0.273,0.279,0.070,0.360,0.152,0.007,0.027,0.052,0.038,0.007,0.132,0.030,0.171,0.219,0.137,0.268,0.106,0.024,0.130,0.185,0.193,0.040,0.048,0.103,0.355,0.173,0.046,0.137,0.383,0.155,0.115,0.000,0.151,0.238,0.447,0.759,0.765,1.538,1.528,0.620,0.281,0.332,0.304,0.344,0.664,0.108,0.046,0.201,0.330,0.111,0.207,0.129,0.482,0.163,0.393,0.220,0.223,0.143,0.616,0.170,0.200,0.274,0.333,0.306,0.471,0.349,0.180,0.480,0.031,0.196,0.117,0.069,0.130,0.165,0.096,0.218,0.058,0.063,0.060,0.097,0.167,0.094,0.091,0.158,0.066,0.103,0.089,0.021
0.101,0.144,0.098,0.169,0.081,0.239,0.389,0.362,0.163,0.282,0.058,0.082,0.013,0.032,0.049,0.043,0.214,0.074,0.025,0.066,0.008,0.417,0.211,0.144,0.256,0.355,0.338,0.200,0.163,0.193,0.501,0.317,0.109,0.286,0.517,0.016,0.068,0.151,0.000,0.025,0.245,0.474,0.693,1.383,1.439,0.572,0.183,0.120,0.194,0.415,0.695,0.275,0.253,0.436,0.694,0.365,0.345,0.292,0.515,0.244,0.496,0.170,0.132,0.046,0.395,0.303,0.268,0.378,0.427,0.360,0.467,0.376,0.059,0.305,0.192,0.117,0.028,0.078,0.084,0.167,0.056,0.126,0.038,0.024,0.076,0.058,0.010,0.096,0.158,0.147,0.239,0.279,0.279,0.418
0.275,0.053,0.077,0.072,0.064,0.064,0.236,0.202,0.078,0.353,0.045,0.074,0.000,0.092,0.140,0.106,0.296,0.171,0.159,0.049,0.104,0.531,0.239,0.036,0.081,0.215,0.211,0.125,0.065,0.090,0.443,0.296,0.077,0.296,0.643,0.133,0.048,0.238,0.025,0.000,0.035,0.151,0.427,0.908,1.240,0.391,0.057,0.049,0.340,0.545,0.707,0.294,0.322,0.451,0.649,0.335,0.338,0.243,0.460,0.156,0.349,0.059,0.016,0.032,0.329,0.464,0.229,0.384,0.450,0.428,0.527,0.137,0.080,0.391,0.013,0.185,0.023,0.121,0.092,0.187,0.063,0.100,0.092,0.056,0.166,0.140,0.080,0.159,0.250,0.095,0.197,0.139,0.045,0.161
0.252,0.015,0.041,0.077,0.004,0.128,0.307,0.250,0.105,0.325,0.085,0.075,0.003,0.093,0.154,0.132,0.364,0.240,0.205,0.042,0.098,0.535,0.212,0.098,0.158,0.319,0.308,0.234,0.140,0.165,0.567,0.398,0.113,0.505,0.751,0.110,0.094,0.447,0.245,0.035,0.000,0.217,0.439,1.049,1.196,0.364,0.060,0.113,0.426,0.613,0.836,0.321,0.274,0.490,0.714,0.417,0.414,0.293,0.494,0.208,0.371,0.080,0.022,0.052,0.297,0.506,0.222,0.375,0.462,0.404,0.420,0.352,0.194,0.142,0.235,0.095,0.103,0.005,0.040,0.323,0.048,0.012,0.144,0.172,0.266,0.272,0.222,0.321,0.379,0.383,0.451,0.420,0.279,0.356
0.341,0.081,0.100,0.071,0.009,0.132,0.334,0.242,0.150,0.272,0.017,0.170,0.043,0.104,0.173,0.143,0.490,0.361,0.243,0.276,0.315,0.773,0.354,0.217,0.209,0.440,0.476,0.487,0.318,0.378,0.883,0.723,0.423,1.005,1.119,0.463,0.377,0.759,0.474,0.151,0.217,0.000,0.046,0.735,0.924,0.192,0.304,0.250,0.705,0.833,1.062,0.462,0.376,0.641,0.835,0.574,0.586,0.403,0.586,0.302,0.372,0.127,0.032,0.046,0.296,0.637,0.259,0.447,0.579,0.519,0.438,0.189,0.236,0.023,0.174,0.204,0.130,0.026,0.117,0.424,0.066,0.018,0.149,0.261,0.406,0.465,0.414,0.533,0.577,0.603,0.578,0.362,0.089,0.193
0.629,0.420,0.421,0.238,0.289,0.216,0.001,0.125,0.169,0.527,0.255,0.010,0.089,0.261,0.375,0.227,0.601,0.449,0.288,0.076,0.086,0.578,0.043,0.093,0.127,0.218,0.254,0.240,0.071,0.204,0.652,0.492,0.288,0.851,0.926,0.439,0.399,0.765,0.693,0.427,0.439,0.046,0.000,0.027,0.744,0.071,0.522,0.595,1.174,1.217,1.299,0.736,0.702,0.870,0.971,0.748,0.781,0.521,0.654,0.317,0.396,0.195,0.045,0.075,0.448,0.636,0.354,0.625,0.806,0.836,0.736,0.380,0.171,0.179,0.137,0.545,0.008,0.088,0.216,0.353,0.105,0.081,0.171,0.301,0.558,0.636,0.518,0.661,0.619,0.538,0.285,0.248,0.548,0.405
0.934,0.623,0.696,0.442,0.311,0.182,0.031,0.146,0.141,0.479,0.180,0.187,0.034,0.381,0.349,0.107,0.835,0.506,0.116,0.541,0.434,0.809,0.240,0.305,0.149,0.655,1.003,1.138,0.749,1.262,1.827,1.467,1.159,1.919,1.737,1.017,1.031,1.538,1.383,0.908,1.049,0.735,0.027,0.000,0.615,0.918,1.440,0.926,1.543,1.648,1.913,1.119,0.987,1.468,1.579,1.296,1.228,0.812,0.813,0.574,0.640,0.371,0.019,0.021,0.236,1.072,0.282,0.641,0.972,0.964,0.546,0.313,0.260,0.649,0.426,0.479,0.425,0.474,0.066,1.040,0.743,0.633,0.518,1.027,1.378,1.630,1.490,1.710,1.416,1.274,0.558,0.083,0.495,0.358
0.540,0.505,0.596,0.242,0.151,0.270,0.077,0.245,0.044,0.160,0.218,0.647,0.558,0.292,0.263,0.591,0.064,0.493,0.722,0.751,0.667,1.189,0.361,0.220,0.078,0.444,0.623,0.753,0.659,0.921,1.233,1.220,1.258,1.566,1.609,1.392,1.285,1.528,1.439,1.240,1.196,0.924,0.744,0.615,0.000,0.558,1.282,1.228,1.847,1.794,1.770,1.196,1.176,1.336,1.304,1.124,1.165,0.768,0.819,0.460,0.467,0.452,0.146,0.316,0.818,0.593,0.423,0.829,1.143,1.274,1.125,1.241,1.067,0.839,1.131,1.318,0.959,0.760,0.715,0.027,0.178,0.108,0.096,0.353,0.954,1.231,0.939,1.040,0.324,0.362,1.252,1.323,1.450,1.335
0.014,0.129,0.146,0.068,0.158,0.032,0.191,0.014,0.119,0.034,0.095,0.388,0.368,0.319,0.207,0.284,0.088,0.266,0.260,0.410,0.485,1.022,0.323,0.249,0.007,0.500,0.446,0.551,0.522,0.557,0.562,0.604,0.559,0.677,0.653,0.586,0.463,0.620,0.572,0.391,0.364,0.192,0.071,0.918,0.558,0.000,0.021,0.902,1.118,0.989,1.162,0.555,0.382,0.520,0.489,0.525,0.752,0.504,0.811,0.474,0.204,0.508,0.504,0.521,0.997,0.127,0.470,0.634,0.788,0.761,0.618,0.462,0.522,0.426,0.803,0.787,0.633,0.794,0.868,0.183,0.739,0.621,0.546,0.326,0.105,0.179,0.094,0.151,0.589,0.381,0.639,0.626,0.673,0.643
0.034,0.013,0.176,0.336,0.288,0.195,0.491,0.172,0.271,0.090,0.037,0.181,0.120,0.124,0.064,0.109,0.264,0.146,0.234,0.323,0.518,1.095,0.487,0.366,0.255,0.788,0.569,0.604,0.490,0.467,0.455,0.422,0.287,0.439,0.411,0.278,0.065,0.281,0.183,0.057,0.060,0.304,0.522,1.440,1.282,0.021,0.000,0.746,1.005,0.919,1.129,0.655,0.416,0.467,0.570,0.698,0.975,0.860,1.164,0.868,0.371,0.675,0.785,0.758,0.998,0.379,0.968,1.044,1.065,0.900,0.702,0.500,0.371,0.339,1.061,0.829,0.664,1.225,1.240,0.639,1.367,1.354,1.117,1.027,0.895,0.464,0.556,0.398,0.524,0.129,0.362,0.295,0.369,0.295
0.435,0.616,0.642,0.636,0.659,0.728,0.922,0.786,0.609,0.262,0.306,0.504,0.489,0.505,0.345,0.307,0.172,0.253,0.113,0.272,0.389,0.896,0.455,0.559,0.702,0.974,0.743,0.577,0.601,0.571,0.640,0.595,0.438,0.519,0.583,0.320,0.286,0.332,0.120,0.049,0.113,0.250,0.595,0.926,1.228,0.902,0.746,0.000,0.371,0.500,0.721,0.863,0.416,0.273,0.884,0.921,0.868,0.899,0.827,0.625,0.691,0.325,0.217,0.145,0.183,0.030,0.640,0.827,0.955,0.697,0.473,0.511,0.851,0.331,0.782,0.186,0.188,0.434,0.367,0.276,0.281,0.203,0.094,0.109,0.037,0.001,0.024,0.101,0.107,0.608,0.414,0.546,0.520,0.570
0.510,0.623,0.609,0.581,0.577,0.608,0.750,0.697,0.502,0.187,0.284,0.517,0.570,0.604,0.461,0.502,0.434,0.516,0.383,0.089,0.181,0.687,0.281,0.355,0.498,0.635,0.424,0.217,0.401,0.385,0.393,0.417,0.423,0.373,0.464,0.326,0.413,0.304,0.194,0.340,0.426,0.705,1.174,1.543,1.847,1.118,1.005,0.371,0.000,0.023,0.070,0.243,0.109,0.301,0.301,0.195,0.155,0.297,0.443,0.182,0.444,0.200,0.209,0.226,0.583,0.294,0.343,0.413,0.407,0.300,0.620,0.177,0.107,0.420,0.215,0.324,0.417,0.424,0.260,0.401,0.342,0.310,0.141,0.312,0.306,0.369,0.419,0.368,0.408,0.165,0.205,0.138,0.053,0.001
0.378,0.480,0.432,0.368,0.394,0.425,0.532,0.509,0.290,0.001,0.107,0.381,0.454,0.475,0.361,0.458,0.372,0.470,0.413,0.121,0.075,0.388,0.019,0.152,0.313,0.401,0.220,0.006,0.214,0.223,0.225,0.264,0.319,0.279,0.364,0.249,0.451,0.344,0.415,0.545,0.613,0.833,1.217,1.648,1.794,0.989,0.919,0.500,0.023,0.000,0.128,0.185,0.345,0.320,0.276,0.074,0.032,0.111,0.240,0.005,0.437,0.146,0.128,0.176,0.516,0.276,0.164,0.222,0.211,0.182,0.466,0.127,0.144,0.330,0.375,0.150,0.270,0.165,0.031,0.234,0.112,0.105,0.030,0.141,0.171,0.245,0.317,0.277,0.361,0.167,0.210,0.259,0.238,0.240
0.707,0.839,0.768,0.655,0.764,0.817,0.909,0.877,0.626,0.345,0.377,0.667,0.712,0.730,0.645,0.700,0.568,0.678,0.674,0.197,0.225,0.625,0.288,0.552,0.736,0.811,0.646,0.445,0.613,0.619,0.608,0.643,0.632,0.636,0.649,0.505,0.722,0.664,0.695,0.707,0.836,1.062,1.299,1.913,1.770,1.162,1.129,0.721,0.070,0.128,0.000,0.048,0.492,0.231,0.467,0.274,0.084,0.137,0.241,0.122,0.650,0.329,0.248,0.182,0.497,0.420,0.008,0.073,0.090,0.397,0.019,0.438,0.105,0.076,0.692,0.035,0.283,0.114,0.011,0.169,0.090,0.065,0.014,0.080,0.214,0.237,0.261,0.257,0.400,0.041,0.189,0.170,0.128,0.098
0.008,0.081,0.026,0.105,0.007,0.000,0.096,0.053,0.175,0.407,0.363,0.034,0.060,0.078,0.038,0.087,0.012,0.091,0.070,0.546,0.542,0.116,0.528,0.290,0.118,0.007,0.226,0.428,0.208,0.196,0.245,0.144,0.070,0.062,0.020,0.101,0.146,0.108,0.275,0.294,0.321,0.462,0.736,1.119,1.196,0.555,0.655,0.863,0.243,0.185,0.048,0.000,0.253,0.233,0.069,0.040,0.075,0.071,0.002,0.270,0.260,0.008,0.030,0.110,0.371,0.219,0.022,0.068,0.077,0.048,0.006,0.407,0.219,0.234,0.937,0.286,0.158,0.385,0.418,0.161,0.405,0.347,0.374,0.274,0.202,0.154,0.050,0.105,0.101,0.218,0.090,0.039,0.080,0.160
0.190,0.142,0.196,0.272,0.210,0.221,0.121,0.144,0.337,0.569,0.451,0.123,0.014,0.024,0.154,0.020,0.088,0.009,0.008,0.626,0.637,0.199,0.638,0.487,0.351,0.255,0.453,0.636,0.406,0.404,0.388,0.277,0.195,0.184,0.068,0.154,0.093,0.046,0.253,0.322,0.274,0.376,0.702,0.987,1.176,0.382,0.416,0.416,0.109,0.345,0.492,0.253,0.000,0.275,0.062,0.256,0.339,0.312,0.253,0.534,0.078,0.362,0.362,0.205,0.114,0.110,0.218,0.081,0.104,0.019,0.039,0.386,0.202,0.214,0.929,0.402,0.294,0.475,0.582,0.294,0.525,0.502,0.592,0.420,0.391,0.304,0.189,0.234,0.069,0.250,0.165,0.053,0.137,0.280
0.031,0.095,0.006,0.098,0.013,0.053,0.131,0.128,0.130,0.415,0.314,0.003,0.061,0.045,0.015,0.120,0.032,0.094,0.163,0.493,0.513,0.144,0.440,0.210,0.024,0.011,0.117,0.327,0.152,0.129,0.085,0.048,0.025,0.000,0.077,0.071,0.244,0.201,0.436,0.451,0.490,0.641,0.870,1.468,1.336,0.520,0.467,0.273,0.301,0.320,0.231,0.233,0.275,0.000,0.378,0.098,0.292,0.219,0.122,0.306,0.269,0.121,0.177,0.170,0.122,0.108,0.239,0.207,0.227,0.293,0.128,0.712,0.343,0.229,1.001,0.407,0.265,0.475,0.517,0.364,0.481,0.434,0.502,0.412,0.328,0.278,0.204,0.239,0.104,0.312,0.236,0.114,0.088,0.013
0.062,0.026,0.115,0.307,0.147,0.116,0.096,0.075,0.356,0.560,0.506,0.114,0.020,0.027,0.051,0.134,0.021,0.137,0.268,0.718,0.797,0.472,0.770,0.406,0.207,0.208,0.310,0.547,0.287,0.200,0.252,0.165,0.036,0.015,0.002,0.077,0.346,0.330,0.694,0.649,0.714,0.835,0.971,1.579,1.304,0.489,0.570,0.884,0.301,0.276,0.467,0.069,0.062,0.378,0.000,0.318,0.339,0.392,0.196,0.420,0.397,0.114,0.004,0.075,0.403,0.167,0.343,0.340,0.286,0.136,0.057,0.452,0.123,0.186,0.971,0.282,0.201,0.627,0.567,0.371,0.608,0.518,0.493,0.444,0.307,0.272,0.148,0.165,0.096,0.146,0.007,0.187,0.252,0.343
0.007,0.095,0.002,0.226,0.065,0.025,0.024,0.002,0.297,0.512,0.530,0.164,0.075,0.043,0.102,0.021,0.092,0.041,0.091,0.748,0.779,0.419,0.743,0.349,0.118,0.056,0.239,0.486,0.251,0.193,0.313,0.223,0.117,0.101,0.140,0.203,0.140,0.111,0.365,0.335,0.417,0.574,0.748,1.296,1.124,0.525,0.698,0.921,0.195,0.074,0.274,0.040,0.256,0.098,0.318,0.000,0.008,0.075,0.037,0.156,0.672,0.339,0.233,0.302,0.472,0.397,0.057,0.089,0.100,0.111,0.142,0.491,0.249,0.312,1.016,0.301,0.192,0.565,0.467,0.258,0.532,0.410,0.332,0.334,0.194,0.184,0.072,0.126,0.136,0.241,0.093,0.022,0.055,0.121
0.296,0.388,0.329,0.111,0.270,0.293,0.366,0.312,0.035,0.174,0.228,0.110,0.198,0.249,0.150,0.228,0.142,0.243,0.222,0.443,0.436,0.046,0.417,0.038,0.184,0.286,0.045,0.179,0.043,0.061,0.083,0.021,0.099,0.081,0.049,0.003,0.255,0.207,0.345,0.338,0.414,0.586,0.781,1.228,1.165,0.752,0.975,0.868,0.155,0.032,0.084,0.075,0.339,0.292,0.339,0.008,0.000,0.175,0.145,0.017,0.775,0.480,0.386,0.456,0.520,0.653,0.085,0.030,0.147,0.260,0.220,0.366,0.220,0.268,0.897,0.181,0.007,0.296,0.251,0.004,0.282,0.212,0.130,0.119,0.030,0.031,0.113,0.061,0.309,0.154,0.015,0.059,0.059,0.102
0.134,0.181,0.123,0.123,0.077,0.058,0.125,0.058,0.193,0.340,0.427,0.062,0.039,0.088,0.018,0.079,0.007,0.094,0.083,0.596,0.612,0.246,0.669,0.260,0.068,0.050,0.205,0.373,0.152,0.127,0.289,0.148,0.050,0.034,0.086,0.114,0.139,0.129,0.292,0.243,0.293,0.403,0.521,0.812,0.768,0.504,0.860,0.899,0.297,0.111,0.137,0.071,0.312,0.219,0.392,0.075,0.175,0.000,0.033,0.212,0.429,0.552,0.466,0.569,0.525,0.725,0.007,0.133,0.109,0.126,0.340,0.323,0.262,0.459,0.957,0.243,0.144,0.528,0.407,0.149,0.515,0.425,0.241,0.293,0.114,0.133,0.024,0.073,0.256,0.245,0.031,0.050,0.078,0.142
0.615,0.646,0.617,0.418,0.624,0.578,0.672,0.574,0.381,0.247,0.142,0.468,0.552,0.596,0.455,0.507,0.416,0.488,0.433,0.039,0.055,0.431,0.048,0.310,0.451,0.624,0.333,0.231,0.398,0.368,0.220,0.376,0.407,0.406,0.376,0.346,0.490,0.482,0.515,0.460,0.494,0.586,0.654,0.813,0.819,0.811,1.164,0.827,0.443,0.240,0.241,0.002,0.253,0.122,0.196,0.037,0.145,0.033,0.000,0.085,0.333,0.606,0.599,0.542,0.534,0.900,0.417,0.515,0.170,0.181,0.418,0.138,0.166,0.378,0.739,0.018,0.132,0.148,0.081,0.096,0.184,0.243,0.068,0.122,0.100,0.049,0.103,0.121,0.457,0.096,0.185,0.209,0.222,0.253
0.309,0.375,0.348,0.097,0.325,0.329,0.424,0.322,0.069,0.084,0.237,0.089,0.164,0.212,0.100,0.141,0.041,0.122,0.109,0.333,0.325,0.001,0.408,0.024,0.219,0.354,0.055,0.044,0.081,0.046,0.114,0.033,0.049,0.063,0.005,0.031,0.155,0.163,0.244,0.156,0.208,0.302,0.317,0.574,0.460,0.474,0.868,0.625,0.182,0.005,0.122,0.270,0.534,0.306,0.420,0.156,0.017,0.212,0.085,0.000,0.294,0.384,0.476,0.308,0.319,0.614,0.372,0.561,0.374,0.397,0.678,0.532,0.484,0.709,1.095,0.383,0.256,0.630,0.475,0.355,0.597,0.524,0.280,0.443,0.159,0.222,0.172,0.194,0.147,0.418,0.154,0.114,0.092,0.054
0.018,0.094,0.025,0.109,0.108,0.110,0.214,0.121,0.068,0.246,0.266,0.086,0.131,0.101,0.004,0.113,0.088,0.038,0.101,0.246,0.284,0.051,0.409,0.062,0.065,0.247,0.065,0.004,0.044,0.051,0.082,0.165,0.110,0.265,0.262,0.100,0.298,0.393,0.496,0.349,0.371,0.372,0.396,0.640,0.467,0.204,0.371,0.691,0.444,0.437,0.650,0.260,0.078,0.269,0.397,0.672,0.775,0.429,0.333,0.294,0.000,0.162,0.418,0.315,0.131,0.077,0.543,0.412,0.065,0.173,0.785,0.453,0.643,0.935,1.479,0.546,0.492,0.856,0.922,0.701,0.931,1.009,0.944,0.936,0.722,0.746,0.695,0.645,0.293,0.701,0.340,0.161,0.042,0.007
0.304,0.412,0.429,0.319,0.460,0.482,0.651,0.505,0.315,0.076,0.005,0.267,0.298,0.318,0.160,0.167,0.033,0.102,0.036,0.005,0.060,0.475,0.011,0.267,0.418,0.683,0.373,0.275,0.306,0.235,0.201,0.281,0.175,0.237,0.249,0.112,0.169,0.220,0.170,0.059,0.080,0.127,0.195,0.371,0.452,0.508,0.675,0.325,0.200,0.146,0.329,0.008,0.362,0.121,0.114,0.339,0.480,0.552,0.606,0.384,0.162,0.000,0.057,0.219,0.096,0.107,0.149,0.191,0.244,0.230,0.954,0.571,0.792,0.989,1.440,0.529,0.361,0.410,0.472,0.434,0.459,0.486,0.459,0.541,0.347,0.393,0.416,0.435,0.186,0.733,0.400,0.345,0.280,0.264
0.443,0.524,0.588,0.475,0.616,0.613,0.805,0.626,0.464,0.250,0.131,0.367,0.400,0.437,0.248,0.223,0.113,0.154,0.048,0.137,0.230,0.651,0.157,0.396,0.527,0.818,0.445,0.392,0.412,0.301,0.234,0.342,0.230,0.266,0.278,0.174,0.172,0.223,0.132,0.016,0.022,0.032,0.045,0.019,0.146,0.504,0.785,0.217,0.209,0.128,0.248,0.030,0.362,0.177,0.004,0.233,0.386,0.466,0.599,0.476,0.418,0.057,0.000,0.186,0.186,0.298,0.251,0.187,0.175,0.201,0.820,0.420,0.733,1.017,1.139,0.356,0.262,0.224,0.159,0.285,0.310,0.443,0.355,0.504,0.270,0.353,0.416,0.401,0.121,0.710,0.335,0.314,0.255,0.252
0.315,0.369,0.440,0.369,0.459,0.431,0.627,0.463,0.327,0.110,0.052,0.289,0.341,0.380,0.164,0.165,0.081,0.114,0.038,0.019,0.117,0.591,0.053,0.214,0.322,0.609,0.258,0.182,0.251,0.161,0.119,0.223,0.147,0.180,0.224,0.118,0.103,0.143,0.046,0.032,0.052,0.046,0.075,0.021,0.316,0.521,0.758,0.145,0.226,0.176,0.182,0.110,0.205,0.170,0.075,0.302,0.456,0.569,0.542,0.308,0.315,0.219,0.186,0.000,0.230,0.368,0.557,0.652,0.522,0.045,0.653,0.212,0.656,0.875,0.999,0.240,0.155,0.017,0.028,0.075,0.112,0.214,0.194,0.218,0.184,0.223,0.242,0.282,0.075,0.640,0.307,0.282,0.220,0.203
0.752,0.793,0.846,0.886,0.937,0.869,1.072,0.915,0.864,0.646,0.664,0.877,0.905,0.923,0.695,0.680,0.576,0.615,0.420,0.681,0.796,1.321,0.718,0.749,0.769,1.073,0.773,0.736,0.815,0.726,0.726,0.825,0.727,0.743,0.824,0.704,0.581,0.616,0.395,0.329,0.297,0.296,0.448,0.236,0.818,0.997,0.998,0.183,0.583,0.516,0.497,0.371,0.114,0.122,0.403,0.472,0.520,0.525,0.534,0.319,0.131,0.096,0.186,0.230,0.000,0.001,0.325,0.492,0.580,0.310,0.035,0.253,0.350,0.459,0.290,0.541,0.562,0.955,0.866,0.883,0.622,0.274,0.102,0.214,0.084,0.029,0.030,0.031,0.202,0.348,0.099,0.052,0.107,0.058
0.012,0.063,0.224,0.218,0.232,0.218,0.490,0.254,0.160,0.097,0.173,0.006,0.012,0.055,0.200,0.250,0.331,0.322,0.509,0.115,0.046,0.572,0.014,0.061,0.142,0.549,0.165,0.112,0.073,0.036,0.037,0.005,0.149,0.055,0.014,0.163,0.292,0.170,0.303,0.464,0.506,0.637,0.636,1.072,0.593,0.127,0.379,0.030,0.294,0.276,0.420,0.219,0.110,0.108,0.167,0.397,0.653,0.725,0.900,0.614,0.077,0.107,0.298,0.368,0.001,0.000,0.940,0.951,0.789,0.385,0.128,0.163,0.803,1.287,0.553,0.075,0.334,0.316,0.718,0.158,0.183,0.358,0.532,0.058,0.293,0.415,0.516,0.730,0.556,1.086,0.635,0.558,0.430,0.437
0.296,0.260,0.265,0.063,0.255,0.156,0.254,0.147,0.008,0.091,0.198,0.140,0.258,0.314,0.136,0.218,0.167,0.217,0.123,0.325,0.312,0.090,0.451,0.120,0.011,0.164,0.134,0.217,0.013,0.032,0.185,0.007,0.077,0.082,0.064,0.062,0.202,0.200,0.268,0.229,0.222,0.259,0.354,0.282,0.423,0.470,0.968,0.640,0.343,0.164,0.008,0.022,0.218,0.239,0.343,0.057,0.085,0.007,0.417,0.372,0.543,0.149,0.251,0.557,0.325,0.940,0.000,0.058,0.024,0.067,0.376,0.027,0.186,0.485,0.651,0.100,0.022,0.255,0.195,0.123,0.322,0.395,0.166,0.168,0.030,0.054,0.043,0.020,0.357,0.180,0.074,0.130,0.157,0.230
0.309,0.277,0.252,0.062,0.233,0.135,0.214,0.141,0.026,0.126,0.176,0.182,0.314,0.366,0.195,0.312,0.262,0.325,0.235,0.357,0.358,0.069,0.469,0.157,0.039,0.111,0.164,0.295,0.031,0.024,0.173,0.006,0.132,0.122,0.120,0.123,0.305,0.274,0.378,0.384,0.375,0.447,0.625,0.641,0.829,0.634,1.044,0.827,0.413,0.222,0.073,0.068,0.081,0.207,0.340,0.089,0.030,0.133,0.515,0.561,0.412,0.191,0.187,0.652,0.492,0.951,0.058,0.000,0.001,0.050,0.150,0.130,0.004,0.244,0.578,0.011,0.104,0.160,0.180,0.260,0.235,0.300,0.176,0.059,0.041,0.062,0.186,0.160,0.477,0.002,0.217,0.298,0.320,0.410
0.373,0.383,0.346,0.182,0.324,0.264,0.351,0.290,0.100,0.054,0.070,0.273,0.390,0.434,0.279,0.388,0.324,0.399,0.320,0.261,0.253,0.183,0.314,0.033,0.106,0.242,0.024,0.185,0.075,0.078,0.047,0.111,0.217,0.198,0.209,0.188,0.379,0.333,0.427,0.450,0.462,0.579,0.806,0.972,1.143,0.788,1.065,0.955,0.407,0.211,0.090,0.077,0.104,0.227,0.286,0.100,0.147,0.109,0.170,0.374,0.065,0.244,0.175,0.522,0.580,0.789,0.024,0.001,0.000,0.012,0.065,0.056,0.014,0.132,0.643,0.029,0.158,0.092,0.155,0.248,0.155,0.192,0.156,0.019,0.080,0.113,0.220,0.196,0.473,0.035,0.230,0.303,0.316,0.384
0.296,0.310,0.287,0.201,0.285,0.231,0.343,0.288,0.126,0.067,0.010,0.307,0.419,0.443,0.267,0.389,0.319,0.385,0.282,0.189,0.167,0.303,0.211,0.041,0.073,0.210,0.045,0.197,0.048,0.031,0.018,0.125,0.205,0.187,0.262,0.212,0.364,0.306,0.360,0.428,0.404,0.519,0.836,0.964,1.274,0.761,0.900,0.697,0.300,0.182,0.397,0.048,0.019,0.293,0.136,0.111,0.260,0.126,0.181,0.397,0.173,0.230,0.201,0.045,0.310,0.385,0.067,0.050,0.012,0.000,0.074,0.120,0.008,0.065,0.642,0.028,0.111,0.024,0.214,0.210,0.126,0.207,0.296,0.065,0.027,0.048,0.141,0.122,0.321,0.003,0.158,0.260,0.285,0.363
