0.000,1.441,1.571,2.551,3.344,4.147,4.744,5.409,5.338,5.303,6.183,6.352,6.090,6.799,7.485,7.171,6.770,6.698,6.847,7.315,6.582,6.368,5.744,6.647,6.156,6.507,6.697,6.861,6.168,6.807,7.206,6.991,6.576,6.549,6.518,6.146,5.524,4.543,4.002,3.083,3.553,3.875,4.589,4.845,4.570,5.110,4.933,5.396,7.054,5.874,6.300,6.197,6.983,7.201,6.300,5.232,5.904,6.679,5.231,5.503,3.068,3.312,2.645,2.645,3.696,4.547,3.696,3.965,4.897,5.007,5.197,5.949,6.147,6.241,5.895,6.901,7.982,7.563,7.084,8.245,8.495,8.814,8.276,7.507,6.962,6.859,6.705,6.215,7.048,7.066,6.480,7.303,4.922,6.704,5.338,5.778,5.274,5.590,5.208,5.305,4.955,5.468,3.907
1.441,0.000,0.624,2.022,2.195,2.642,3.423,3.957,3.576,3.391,4.414,4.780,4.224,4.271,5.416,5.131,4.786,4.424,4.645,5.473,4.988,4.206,3.321,3.937,3.627,4.471,4.529,4.333,4.030,4.452,4.895,4.721,4.559,4.623,4.129,4.115,4.176,4.766,4.579,4.705,5.256,5.307,5.626,4.808,5.218,5.605,5.428,5.965,7.244,6.630,7.570,6.813,7.341,7.071,6.001,5.483,6.162,6.004,5.143,5.703,4.679,5.266,4.279,4.035,3.678,3.839,2.932,2.715,2.625,3.316,3.613,4.148,4.073,5.139,5.036,6.003,7.036,6.335,5.649,6.128,6.256,6.503,6.240,5.662,4.962,4.284,4.245,3.678,4.492,4.480,3.791,4.394,2.400,3.993,2.662,3.135,3.211,3.606,3.107,3.192,3.265,3.843,2.543
1.571,0.624,0.000,1.138,1.319,1.826,2.736,3.449,3.363,3.352,4.814,4.861,4.789,5.492,6.117,5.675,5.546,5.331,5.411,6.448,6.003,5.310,4.287,4.712,4.252,5.075,5.205,5.237,5.007,5.774,6.198,5.954,5.824,5.760,5.346,5.081,4.552,4.381,4.368,3.842,4.394,4.922,5.510,5.663,6.073,6.123,5.783,6.416,8.081,7.209,7.960,6.933,7.302,7.309,6.516,6.006,6.890,6.615,6.105,6.281,5.098,4.793,3.640,2.829,2.392,3.102,2.982,2.883,2.815,3.647,4.449,5.054,4.720,5.665,6.088,7.159,7.994,7.301,6.636,7.227,7.254,7.092,6.429,5.634,5.072,4.229,4.016,3.503,4.665,4.822,3.845,4.852,2.774,4.453,2.786,3.615,3.646,3.643,3.828,4.333,3.797,4.247,2.907
2.551,2.022,1.138,0.000,0.986,1.585,2.353,2.487,2.592,2.451,3.039,2.835,3.420,3.898,4.778,4.061,4.832,4.486,4.520,5.835,5.453,4.339,3.160,3.295,2.711,3.741,3.745,3.795,3.728,4.421,5.026,4.742,4.877,4.609,4.015,3.915,3.726,3.805,3.829,3.672,4.550,4.806,5.094,4.706,5.437,5.656,5.542,6.034,7.662,6.981,7.371,5.842,5.910,5.907,4.994,4.594,5.531,5.156,4.660,5.038,4.568,4.974,4.468,3.522,2.957,3.139,2.908,2.509,1.790,2.680,3.172,3.305,2.986,4.475,5.006,5.508,6.292,5.397,4.841,5.217,4.982,5.813,5.786,5.580,4.638,3.568,3.613,2.823,2.786,3.535,2.680,3.330,2.145,3.537,2.062,2.222,2.826,3.190,2.208,3.569,3.527,3.526,2.286
3.344,2.195,1.319,0.986,0.000,0.713,1.409,2.191,1.420,1.535,2.999,3.343,3.138,3.228,3.999,3.807,3.856,3.300,3.559,4.978,4.589,3.518,2.401,2.755,2.294,3.780,3.782,3.392,3.445,4.019,4.424,4.301,4.274,4.310,3.698,3.697,3.858,4.304,4.177,4.170,4.674,4.823,5.264,5.152,6.607,6.795,6.323,7.126,8.374,7.649,7.716,6.207,6.126,6.118,5.393,5.263,6.215,5.558,5.182,5.354,4.944,5.135,4.578,4.201,3.752,4.001,4.206,3.665,2.545,3.663,4.414,4.012,4.468,5.668,6.523,6.426,7.236,6.366,5.497,5.813,5.697,5.884,5.431,4.962,5.034,3.513,3.382,2.296,2.671,3.356,2.412,3.777,2.116,3.706,1.874,2.528,2.893,2.615,3.112,3.890,3.223,3.753,2.788
4.147,2.642,1.826,1.585,0.713,0.000,1.036,1.409,1.373,1.172,1.381,1.448,1.857,2.105,2.803,2.438,3.211,2.930,3.055,4.633,4.209,3.175,2.399,3.311,2.726,4.618,4.397,3.821,3.680,4.174,4.282,4.080,4.488,4.595,3.974,3.987,4.406,4.859,4.561,4.610,5.164,5.158,5.585,5.171,6.779,6.936,6.891,7.196,7.924,7.079,6.983,5.569,5.367,5.556,4.819,4.764,5.825,5.255,4.872,5.347,4.872,5.433,5.039,4.678,4.334,4.423,4.224,4.123,3.079,3.743,4.384,3.374,4.384,5.264,6.255,5.899,6.545,5.837,5.116,5.217,5.074,5.963,6.093,6.419,6.399,5.040,5.080,3.954,2.992,4.150,3.226,4.021,3.444,3.839,2.758,2.743,2.603,1.934,2.447,3.822,2.808,3.801,3.919
4.744,3.423,2.736,2.353,1.409,1.036,0.000,0.774,1.509,1.258,1.034,1.105,1.208,1.318,1.501,1.678,1.790,1.882,1.743,3.524,3.025,1.902,1.449,2.214,2.122,3.428,3.441,3.159,3.094,3.673,3.778,3.321,3.964,3.746,3.282,3.002,3.167,3.596,3.654,3.979,4.084,3.907,4.249,4.048,5.555,5.820,6.100,6.739,7.483,5.978,5.960,4.341,4.098,4.078,3.456,3.448,4.488,3.883,3.664,3.923,3.478,4.065,4.087,3.533,3.326,3.548,3.296,3.099,2.688,3.039,3.619,3.079,4.072,5.167,5.477,5.017,5.518,5.285,4.613,4.530,4.775,4.838,4.993,5.048,4.892,3.436,3.079,2.270,1.363,2.647,1.986,2.879,1.743,2.726,1.886,2.409,2.265,1.904,2.256,3.297,2.261,3.988,3.782
5.409,3.957,3.449,2.487,2.191,1.409,0.774,0.000,0.470,1.222,1.074,1.125,1.152,0.958,1.545,1.705,1.473,1.254,1.925,3.967,3.046,1.768,1.780,2.421,2.143,3.934,3.878,3.331,2.956,3.493,4.079,3.518,3.803,3.252,3.022,2.765,3.555,3.788,3.403,4.252,4.159,3.540,3.564,3.246,4.636,4.894,5.352,6.078,7.221,5.501,5.363,3.481,3.432,3.233,2.817,2.947,3.648,3.069,3.215,3.290,3.236,3.818,4.028,3.955,3.892,3.714,3.426,3.183,2.844,3.236,3.409,3.132,4.384,4.895,6.043,5.422,6.611,5.702,4.519,4.861,4.757,4.559,4.280,4.198,4.819,3.711,4.104,3.078,2.546,3.466,2.762,4.135,3.081,3.181,2.898,2.944,3.050,2.549,3.035,4.243,3.130,4.778,4.659
5.338,3.576,3.363,2.592,1.420,1.373,1.509,0.470,0.000,1.007,1.183,1.285,0.836,1.297,1.559,1.166,0.853,1.388,2.185,4.161,3.496,2.697,2.684,3.710,3.202,5.052,5.200,4.328,4.348,4.613,4.724,3.756,4.254,4.421,4.392,3.988,4.402,4.402,4.418,4.271,4.643,4.628,4.899,4.484,5.713,5.831,6.513,6.593,7.697,6.688,6.575,4.915,4.768,4.411,4.109,4.406,4.864,4.340,4.397,4.458,4.022,4.403,4.577,3.952,3.918,4.294,4.167,4.210,3.829,4.234,4.624,4.100,4.704,5.337,6.240,5.814,6.330,6.323,5.417,5.390,5.784,5.490,5.722,5.419,5.571,4.678,4.697,4.028,3.334,4.648,3.980,4.811,3.520,4.186,3.727,3.432,2.820,2.442,3.233,4.633,3.092,4.935,5.352
5.303,3.391,3.352,2.451,1.535,1.172,1.258,1.222,1.007,0.000,1.034,1.467,1.013,1.072,1.148,0.979,0.979,1.180,1.471,3.344,3.011,2.087,1.249,1.644,1.033,2.580,2.827,2.492,2.808,3.406,3.765,3.035,3.698,3.549,3.132,2.780,2.651,3.090,3.307,3.245,3.334,3.534,3.632,3.550,4.894,5.280,5.921,6.654,7.964,6.090,5.992,4.168,3.899,3.576,2.738,2.868,3.904,3.119,2.799,2.962,2.503,3.028,3.112,2.593,2.687,2.677,2.216,2.328,1.845,1.962,2.423,1.843,2.604,3.318,4.123,4.260,4.764,4.362,4.084,4.222,4.168,4.300,4.871,5.034,4.421,3.512,3.635,3.106,2.044,3.279,2.913,2.953,2.123,3.300,2.832,2.051,2.433,2.199,1.870,3.237,2.543,4.052,3.955
6.183,4.414,4.814,3.039,2.999,1.381,1.034,1.074,1.183,1.034,0.000,0.467,0.886,0.548,0.797,1.187,1.303,1.035,1.014,3.200,2.614,1.334,1.175,2.222,2.164,3.750,4.094,3.252,2.699,2.848,3.039,2.669,3.146,3.166,3.046,3.139,3.371,3.254,3.026,3.083,3.085,2.868,2.935,2.893,3.940,4.394,4.826,5.849,7.252,5.507,5.485,3.713,3.664,2.902,2.501,2.808,3.114,2.517,2.442,2.301,2.101,2.558,2.909,2.338,2.428,2.299,2.280,2.202,1.785,2.191,2.759,2.618,3.196,3.527,4.895,5.434,6.529,5.624,4.718,5.552,5.142,5.046,4.632,3.986,4.229,3.129,3.781,2.528,1.903,2.441,1.939,3.232,1.891,2.513,2.462,2.290,2.456,3.150,2.948,4.417,4.260,5.545,5.105
6.352,4.780,4.861,2.835,3.343,1.448,1.105,1.125,1.285,1.467,0.467,0.000,0.482,1.012,0.432,0.888,0.505,0.699,0.716,2.392,1.971,0.902,0.983,2.273,2.316,4.115,4.503,3.279,2.666,2.585,2.585,2.538,2.957,2.843,2.627,2.719,3.222,3.225,2.786,2.971,2.851,2.457,2.476,2.533,3.282,3.880,4.128,5.324,6.873,5.255,4.980,3.278,3.361,2.495,2.348,2.713,2.643,2.074,2.290,1.831,1.895,2.199,2.738,2.335,2.564,2.349,2.249,2.240,1.961,2.120,2.679,2.502,2.881,2.964,4.453,5.648,7.110,5.787,4.952,6.074,5.114,4.543,3.837,2.958,3.428,2.809,3.590,2.618,2.573,2.805,2.526,3.536,2.036,3.216,3.141,2.577,3.215,3.972,2.858,4.298,4.433,5.524,4.440
6.090,4.224,4.789,3.420,3.138,1.857,1.208,1.152,0.836,1.013,0.886,0.482,0.000,0.399,1.390,0.898,0.868,0.767,0.791,2.269,2.111,0.802,0.644,1.156,0.992,2.704,3.210,2.226,1.961,2.070,2.448,2.641,3.056,2.772,2.198,2.306,2.741,2.793,2.512,2.647,2.541,2.380,2.384,2.475,3.809,4.278,4.604,5.812,7.823,6.068,5.718,3.600,3.483,2.710,2.056,2.424,2.937,2.105,1.921,1.842,1.837,2.101,2.389,1.997,2.158,1.855,1.803,1.927,1.616,1.698,2.098,1.642,2.109,2.304,3.494,4.414,5.345,4.458,4.265,5.171,4.638,4.097,3.797,3.145,3.518,3.058,3.971,3.013,2.281,2.781,2.479,2.976,1.699,2.855,2.667,1.712,2.570,3.022,1.742,3.666,3.130,4.285,3.405
6.799,4.271,5.492,3.898,3.228,2.105,1.318,0.958,1.297,1.072,0.548,1.012,0.399,0.000,0.479,1.123,1.359,0.758,1.129,1.336,2.024,0.931,1.172,1.403,1.599,2.555,3.246,2.351,2.009,2.032,2.274,3.001,2.933,2.629,2.126,2.275,2.969,2.733,2.229,2.249,2.031,1.800,1.763,1.991,2.582,3.353,3.511,4.709,6.174,5.093,4.912,3.333,3.453,2.502,1.798,2.085,2.227,1.841,1.318,0.884,1.445,1.160,1.704,0.973,1.000,0.412,1.228,0.502,1.447,1.690,1.511,1.512,2.365,1.968,3.280,4.415,5.263,4.690,3.964,5.485,4.736,4.648,3.759,2.681,2.603,2.271,3.506,2.745,1.770,2.282,2.056,2.221,1.368,2.412,2.252,1.127,2.017,3.215,2.064,3.162,3.731,4.740,3.395
7.485,5.416,6.117,4.778,3.999,2.803,1.501,1.545,1.559,1.148,0.797,0.432,1.390,0.479,0.000,0.263,1.540,0.968,0.797,1.669,2.028,0.693,1.474,1.443,1.529,2.744,3.572,2.632,2.526,2.105,2.447,2.914,3.130,2.656,2.006,2.191,2.651,2.561,2.250,2.287,2.113,1.979,1.928,2.043,2.372,3.277,3.298,4.605,5.921,4.750,4.585,3.105,3.130,2.223,1.697,2.067,2.005,1.524,1.522,1.123,1.596,1.502,2.153,1.332,1.728,1.611,1.765,1.516,2.202,2.259,2.296,2.226,3.108,2.689,3.648,4.467,5.025,4.313,4.066,5.037,4.273,4.499,4.136,3.612,3.441,2.990,4.639,3.373,2.551,2.490,2.001,2.529,1.768,2.095,1.886,1.469,2.331,3.052,1.891,3.094,4.142,4.914,3.627
7.171,5.131,5.675,4.061,3.807,2.438,1.678,1.705,1.166,0.979,1.187,0.888,0.898,1.123,0.263,0.000,0.834,1.131,0.696,1.154,1.259,0.555,0.772,1.747,2.071,3.718,4.438,2.706,2.210,1.841,1.941,2.898,2.925,2.281,1.773,1.929,2.588,2.380,1.972,2.030,1.734,1.572,1.457,2.084,2.343,2.798,3.465,4.544,6.040,4.847,4.400,2.967,3.178,1.940,2.095,2.370,2.274,1.989,2.357,1.172,2.148,1.448,2.479,1.389,1.830,1.658,2.233,1.770,1.916,1.972,2.358,2.147,2.736,2.363,3.027,4.476,5.418,4.605,4.592,5.958,4.858,4.173,3.553,2.721,2.894,2.787,4.033,3.060,2.805,2.716,2.667,3.107,1.652,2.923,2.829,2.009,2.950,3.873,2.137,3.598,4.325,4.985,3.482
6.770,4.786,5.546,4.832,3.856,3.211,1.790,1.473,0.853,0.979,1.303,0.505,0.868,1.359,1.540,0.834,0.000,0.531,0.558,0.697,1.409,0.600,0.777,0.708,0.932,2.073,3.115,1.934,1.851,1.828,2.539,3.686,3.538,2.225,1.483,1.615,2.546,2.424,1.816,2.063,1.657,1.422,1.127,1.878,2.790,3.067,3.645,4.725,6.385,5.340,4.965,3.365,3.464,2.372,2.071,2.255,2.653,2.389,2.233,1.208,2.123,1.111,1.862,0.496,1.065,0.831,1.769,0.949,1.437,1.580,1.597,1.234,2.196,1.504,2.144,2.958,3.843,3.401,3.683,5.061,4.754,3.883,4.001,3.515,3.533,3.593,5.015,3.922,3.039,3.117,2.978,2.876,1.692,2.778,2.395,1.568,2.649,3.243,1.380,2.881,3.487,3.999,2.413
6.698,4.424,5.331,4.486,3.300,2.930,1.882,1.254,1.388,1.180,1.035,0.699,0.767,0.758,0.968,1.131,0.531,0.000,0.829,0.960,1.189,0.780,0.737,0.778,0.993,1.698,2.818,2.074,1.724,1.939,2.388,3.400,3.170,2.574,1.433,1.755,2.535,2.203,1.761,1.973,1.571,1.436,1.362,2.039,2.571,2.986,3.496,4.498,5.597,5.019,4.770,3.634,3.663,2.404,2.065,2.543,2.327,2.150,2.165,1.551,2.569,1.697,2.749,1.374,1.789,1.358,2.143,1.253,1.392,1.533,1.272,1.122,1.637,0.887,1.738,2.421,3.368,3.269,2.934,4.465,4.376,4.459,4.418,3.583,3.074,3.128,4.382,3.545,2.631,2.710,2.767,2.647,1.691,2.547,2.477,1.830,2.452,3.743,2.283,3.550,4.035,4.712,3.164
6.847,4.645,5.411,4.520,3.559,3.055,1.743,1.925,2.185,1.471,1.014,0.716,0.791,1.129,0.797,0.696,0.558,0.829,0.000,0.394,1.619,0.944,0.650,1.223,1.714,2.557,3.900,2.687,2.212,1.883,2.327,2.829,2.661,1.902,1.596,1.823,2.271,2.033,1.678,1.758,1.367,1.444,1.158,1.266,1.233,2.136,2.444,3.563,4.290,3.793,3.591,2.685,2.963,1.829,1.990,2.131,1.445,1.553,1.933,0.902,1.913,0.993,2.463,1.373,1.818,1.439,1.806,1.271,1.772,1.724,1.296,1.420,2.034,1.170,2.291,2.787,3.698,3.102,2.607,4.041,3.779,4.283,4.385,3.839,3.106,2.763,4.075,3.108,1.934,2.177,2.011,2.276,1.491,2.284,2.066,1.517,2.339,3.240,2.162,3.303,4.257,5.017,3.393
7.315,5.473,6.448,5.835,4.978,4.633,3.524,3.967,4.161,3.344,3.200,2.392,2.269,1.336,1.669,1.154,0.697,0.960,0.394,0.000,0.710,0.751,0.588,1.712,1.896,2.886,3.731,2.050,1.976,1.489,2.170,2.798,2.204,1.279,1.374,1.774,2.186,2.087,1.687,1.899,1.566,1.529,1.188,1.044,1.686,2.257,2.976,4.206,5.195,4.512,4.075,2.795,3.001,1.761,2.410,2.292,1.694,1.815,2.175,1.092,1.497,0.756,1.816,0.877,1.408,1.133,1.821,0.855,1.746,1.996,1.148,0.946,1.941,1.119,2.126,2.045,2.942,2.220,1.630,3.316,3.342,3.489,3.826,3.453,3.072,2.738,4.187,2.994,1.783,1.856,1.602,1.774,2.129,2.120,1.277,1.502,2.468,3.442,2.406,3.461,4.327,4.656,2.846
6.582,4.988,6.003,5.453,4.589,4.209,3.025,3.046,3.496,3.011,2.614,1.971,2.111,2.024,2.028,1.259,1.409,1.189,1.619,0.710,0.000,0.756,1.107,1.617,1.751,1.577,2.590,1.690,1.521,1.880,2.804,3.310,2.358,1.519,1.374,1.927,2.710,2.554,2.047,2.301,1.793,1.694,1.210,0.686,1.264,1.823,2.400,3.579,4.453,4.263,3.792,2.585,2.790,1.596,2.158,2.103,1.385,1.527,2.040,1.249,1.778,0.838,2.086,1.328,1.624,1.394,1.814,0.925,2.078,2.359,1.195,1.467,2.268,1.345,2.124,1.638,2.670,2.302,1.364,3.212,3.396,3.705,4.120,3.722,2.908,2.773,4.051,3.379,1.973,2.183,2.064,1.626,2.484,2.148,1.476,1.534,2.150,3.017,2.298,3.011,3.523,3.963,2.295
6.368,4.206,5.310,4.339,3.518,3.175,1.902,1.768,2.697,2.087,1.334,0.902,0.802,0.931,0.693,0.555,0.600,0.780,0.944,0.751,0.756,0.000,0.487,1.482,1.264,0.914,1.942,1.770,1.461,1.917,2.126,2.069,1.996,1.507,0.742,1.153,2.042,1.900,1.492,1.715,1.388,1.453,1.051,1.586,0.801,1.594,2.220,3.436,3.792,3.341,2.873,2.292,2.599,1.506,2.363,2.266,1.523,1.587,2.527,1.667,2.566,1.649,3.295,2.112,2.173,2.090,2.658,1.841,2.682,2.599,1.735,1.948,2.409,1.682,2.508,2.303,3.185,2.951,1.688,3.024,3.010,4.409,4.290,3.757,2.810,2.526,4.153,3.632,2.148,2.112,2.202,1.553,1.968,1.342,1.591,1.530,1.767,2.985,2.217,3.214,3.929,4.481,3.569
5.744,3.321,4.287,3.160,2.401,2.399,1.449,1.780,2.684,1.249,1.175,0.983,0.644,1.172,1.474,0.772,0.777,0.737,0.650,0.588,1.107,0.487,0.000,0.895,1.702,1.216,2.258,1.844,1.190,1.247,1.198,1.907,2.676,1.796,1.413,1.543,1.789,1.664,1.846,1.756,1.625,1.835,1.721,2.216,1.655,2.038,1.426,3.215,2.319,2.400,2.843,2.800,3.549,2.560,3.432,3.091,2.488,2.480,3.447,2.420,3.227,2.041,3.885,2.654,2.371,2.219,2.879,2.123,2.535,2.412,1.694,1.914,1.862,1.396,2.437,2.683,3.503,3.622,2.628,4.022,3.652,5.072,4.461,3.757,2.921,2.401,3.744,3.229,1.796,2.258,2.185,1.886,1.839,2.207,2.431,1.870,2.372,3.645,3.137,3.937,5.080,5.573,4.818
6.647,3.937,4.712,3.295,2.755,3.311,2.214,2.421,3.710,1.644,2.222,2.273,1.156,1.403,1.443,1.747,0.708,0.778,1.223,1.712,1.617,1.482,0.895,0.000,0.720,1.448,1.553,1.384,1.246,2.050,2.176,1.986,2.085,1.881,0.993,1.278,1.763,2.144,2.299,2.209,2.252,2.158,2.329,2.981,1.808,1.621,1.540,3.378,2.761,2.146,2.739,3.108,3.765,3.049,4.105,3.871,2.995,2.953,4.081,2.998,3.459,2.321,4.057,2.712,2.386,2.673,3.458,2.747,3.168,3.535,3.155,3.186,3.273,2.743,3.796,4.262,4.058,4.892,4.420,5.104,4.301,5.820,5.060,4.502,3.630,2.902,4.225,3.688,1.804,2.195,2.129,1.897,1.995,1.907,1.932,1.634,2.112,3.082,2.830,3.550,4.840,5.056,4.867
6.156,3.627,4.252,2.711,2.294,2.726,2.122,2.143,3.202,1.033,2.164,2.316,0.992,1.599,1.529,2.071,0.932,0.993,1.714,1.896,1.751,1.264,1.702,0.720,0.000,0.549,1.666,0.772,1.508,2.120,2.176,2.178,2.327,2.126,1.701,2.394,2.630,3.321,3.365,3.414,3.596,3.510,4.230,5.398,3.757,2.788,1.577,2.879,1.453,1.930,2.784,4.085,5.219,4.866,6.377,5.868,5.034,5.073,6.393,4.995,5.097,3.776,5.358,4.092,3.777,4.213,4.990,4.234,4.406,5.175,4.855,4.522,4.482,4.091,5.274,5.898,5.269,6.536,6.154,6.093,5.082,6.146,5.533,5.100,4.483,3.793,5.084,4.582,2.797,3.134,2.985,3.240,2.569,2.679,2.868,2.854,2.994,3.401,3.422,4.088,5.461,5.334,5.667
6.507,4.471,5.075,3.741,3.780,4.618,3.428,3.934,5.052,2.580,3.750,4.115,2.704,2.555,2.744,3.718,2.073,1.698,2.557,2.886,1.577,0.914,1.216,1.448,0.549,0.000,0.616,1.207,1.468,1.590,2.522,2.200,1.928,1.204,1.366,1.819,2.871,3.862,3.206,3.422,3.916,3.982,4.691,5.962,5.141,3.438,2.299,2.246,1.739,3.060,3.182,4.678,5.776,5.539,6.971,5.972,5.814,5.631,7.017,5.510,5.243,3.830,4.911,3.719,3.205,3.644,4.326,3.594,3.580,4.482,4.128,3.868,4.041,3.704,4.750,5.212,4.195,5.718,5.524,5.449,4.358,5.855,5.454,5.240,4.404,3.860,4.792,4.527,2.761,3.207,3.249,2.502,3.122,3.253,2.664,2.291,2.958,3.563,2.603,3.127,4.827,4.358,4.442
6.697,4.529,5.205,3.745,3.782,4.397,3.441,3.878,5.200,2.827,4.094,4.503,3.210,3.246,3.572,4.438,3.115,2.818,3.900,3.731,2.590,1.942,2.258,1.553,1.666,0.616,0.000,0.490,1.124,1.257,1.378,1.315,1.421,1.143,1.008,0.690,1.154,2.092,1.406,1.222,1.806,2.098,3.405,5.300,3.890,2.508,1.680,2.756,1.921,2.484,2.077,3.778,5.002,4.855,6.607,5.565,4.988,5.157,6.508,4.613,4.210,2.671,3.951,2.251,1.847,2.847,3.906,2.846,3.158,4.486,4.325,3.881,4.358,4.254,5.443,6.193,5.607,6.838,6.396,6.376,4.819,6.184,5.402,5.050,4.184,3.285,4.327,3.893,1.820,2.092,2.177,1.801,2.188,2.249,1.644,1.246,2.063,3.111,2.149,2.639,4.715,4.248,4.412
6.861,4.333,5.237,3.795,3.392,3.821,3.159,3.331,4.328,2.492,3.252,3.279,2.226,2.351,2.632,2.706,1.934,2.074,2.687,2.050,1.690,1.770,1.844,1.384,0.772,1.207,0.490,0.000,0.752,1.568,0.884,0.998,1.500,1.577,0.709,0.532,1.254,1.460,0.556,0.892,0.838,0.702,1.948,3.607,2.707,2.365,2.054,3.833,2.553,2.724,2.376,2.987,4.006,3.470,4.662,3.770,3.459,3.538,4.665,3.072,3.171,2.149,3.618,2.033,1.719,2.096,2.993,1.809,2.302,3.239,2.992,2.651,3.294,3.147,4.344,5.014,5.236,5.500,4.642,5.240,3.631,5.541,4.475,4.035,3.189,2.261,3.611,2.870,0.973,1.343,1.166,1.392,1.585,1.981,1.586,1.012,2.067,3.581,2.947,3.266,5.365,5.173,4.567
6.168,4.030,5.007,3.728,3.445,3.680,3.094,2.956,4.348,2.808,2.699,2.666,1.961,2.009,2.526,2.210,1.851,1.724,2.212,1.976,1.521,1.461,1.190,1.246,1.508,1.468,1.124,0.752,0.000,0.435,0.674,0.929,1.446,1.223,0.618,0.685,1.313,1.204,0.737,0.902,0.828,1.236,2.015,2.843,2.696,2.410,1.699,3.140,2.710,3.220,2.821,2.782,3.526,3.067,3.901,3.083,2.716,2.665,3.744,2.476,2.649,1.140,2.588,1.267,1.102,1.281,2.111,1.079,1.995,2.635,2.116,1.884,2.940,2.723,3.744,3.698,4.346,4.451,3.053,3.656,3.222,5.659,5.085,4.738,3.837,3.184,4.163,3.634,1.995,2.514,2.389,1.511,2.573,2.693,1.957,1.233,2.480,3.968,2.884,3.463,5.172,5.112,3.992
6.807,4.452,5.774,4.421,4.019,4.174,3.673,3.493,4.613,3.406,2.848,2.585,2.070,2.032,2.105,1.841,1.828,1.939,1.883,1.489,1.880,1.917,1.247,2.050,2.120,1.590,1.257,1.568,0.435,0.000,0.543,1.031,1.276,0.859,0.350,0.511,0.848,0.973,0.515,0.656,0.695,0.839,1.251,1.735,1.645,2.048,2.814,4.551,4.448,4.427,4.090,3.277,3.682,2.786,3.410,2.953,1.966,2.167,3.017,2.210,2.646,1.438,2.362,1.276,0.814,1.223,2.226,0.938,2.038,2.570,1.847,1.944,3.087,2.362,3.117,3.066,3.424,3.486,2.044,3.091,2.488,4.917,4.608,4.603,3.816,3.376,4.368,3.669,2.112,2.667,2.350,1.570,2.757,2.644,1.713,1.260,2.296,4.018,2.840,3.626,5.002,5.149,3.762
7.206,4.895,6.198,5.026,4.424,4.282,3.778,4.079,4.724,3.765,3.039,2.585,2.448,2.274,2.447,1.941,2.539,2.388,2.327,2.170,2.804,2.126,1.198,2.176,2.176,2.522,1.378,0.884,0.674,0.543,0.000,0.556,1.438,0.738,0.537,0.531,0.671,0.602,0.571,0.650,0.502,0.512,0.803,1.269,0.938,1.346,2.272,3.868,3.983,3.678,3.843,3.155,3.662,2.790,3.288,2.822,1.603,2.070,2.777,1.935,2.424,1.157,2.166,1.140,0.965,1.199,2.292,1.102,2.095,2.227,1.146,1.779,2.478,1.466,1.912,2.204,2.815,2.450,1.290,2.954,2.848,4.007,4.086,3.908,3.349,3.208,4.080,3.350,2.039,2.739,2.410,1.882,2.773,2.733,1.803,1.712,2.512,4.195,3.146,4.161,5.125,5.436,3.762
6.991,4.721,5.954,4.742,4.301,4.080,3.321,3.518,3.756,3.035,2.669,2.538,2.641,3.001,2.914,2.898,3.686,3.400,2.829,2.798,3.310,2.069,1.907,1.986,2.178,2.200,1.315,0.998,0.929,1.031,0.556,0.000,0.404,0.671,0.635,0.428,0.543,0.567,0.416,0.607,0.794,0.933,1.345,1.570,2.187,2.152,3.183,4.615,5.144,4.834,4.921,4.280,4.732,3.762,4.037,3.731,2.727,3.213,3.218,2.627,3.210,2.109,2.461,1.640,1.175,1.783,2.962,1.625,2.327,2.536,1.672,2.448,2.704,1.699,1.098,1.556,2.490,2.510,2.271,3.704,4.055,3.771,4.107,3.694,3.119,2.975,3.808,3.059,1.983,2.616,2.156,1.740,2.594,2.358,1.462,1.649,2.166,3.888,2.977,4.132,4.589,5.088,3.291
6.576,4.559,5.824,4.877,4.274,4.488,3.964,3.803,4.254,3.698,3.146,2.957,3.056,2.933,3.130,2.925,3.538,3.170,2.661,2.204,2.358,1.996,2.676,2.085,2.327,1.928,1.421,1.500,1.446,1.276,1.438,0.404,0.000,0.730,0.640,0.666,0.612,0.579,0.620,0.702,0.720,1.135,1.519,1.309,2.296,1.783,3.195,4.258,4.555,4.128,4.445,3.568,4.106,3.179,3.575,3.401,2.309,2.741,2.725,2.259,2.497,1.616,1.901,1.352,1.439,1.738,2.617,1.654,2.450,2.971,2.243,2.732,3.462,2.368,2.256,1.809,2.618,2.238,2.001,3.330,3.887,4.314,4.613,4.278,3.754,3.472,3.662,3.258,2.301,3.132,2.764,2.464,3.339,3.237,2.390,2.000,2.566,4.377,3.346,4.497,4.903,5.476,3.513
6.549,4.623,5.760,4.609,4.310,4.595,3.746,3.252,4.421,3.549,3.166,2.843,2.772,2.629,2.656,2.281,2.225,2.574,1.902,1.279,1.519,1.507,1.796,1.881,2.126,1.204,1.143,1.577,1.223,0.859,0.738,0.671,0.730,0.000,0.994,0.465,0.721,0.383,0.439,0.441,0.506,0.742,0.838,0.847,1.669,1.626,3.077,4.556,4.103,3.880,4.094,3.111,3.521,2.325,2.992,2.773,2.132,2.191,2.707,2.042,2.562,1.460,2.560,1.525,0.961,1.392,2.323,0.964,2.012,2.160,1.169,1.650,2.622,1.656,2.299,1.786,2.664,2.673,0.972,2.743,2.902,5.048,4.604,4.217,3.320,2.684,3.682,3.264,1.806,2.233,1.967,1.148,2.764,2.208,1.439,1.127,1.965,3.436,2.424,3.505,4.081,4.567,3.733
6.518,4.129,5.346,4.015,3.698,3.974,3.282,3.022,4.392,3.132,3.046,2.627,2.198,2.126,2.006,1.773,1.483,1.433,1.596,1.374,1.374,0.742,1.413,0.993,1.701,1.366,1.008,0.709,0.618,0.350,0.537,0.635,0.640,0.994,0.000,0.503,0.844,0.942,0.642,0.804,0.690,0.832,1.217,1.748,1.144,1.703,2.249,3.652,3.301,3.118,3.037,2.343,2.783,2.031,3.042,2.681,1.621,1.760,2.857,2.022,2.501,1.118,2.723,1.507,1.081,1.272,2.185,1.178,2.144,2.637,1.962,1.979,2.808,2.426,3.241,3.081,3.267,3.756,2.739,3.570,2.797,5.055,4.342,3.917,3.110,2.460,3.722,3.328,1.684,1.894,1.924,0.794,2.318,2.086,1.631,1.099,2.142,3.625,2.593,3.576,4.804,5.229,4.391
6.146,4.115,5.081,3.915,3.697,3.987,3.002,2.765,3.988,2.780,3.139,2.719,2.306,2.275,2.191,1.929,1.615,1.755,1.823,1.774,1.927,1.153,1.543,1.278,2.394,1.819,0.690,0.532,0.685,0.511,0.531,0.428,0.666,0.465,0.503,0.000,0.424,0.246,0.579,0.651,0.503,0.700,0.918,1.637,0.628,1.146,1.818,3.110,3.552,2.961,2.549,1.778,1.865,1.632,2.593,2.311,1.503,1.643,2.739,2.112,2.649,1.396,3.147,1.866,1.622,1.712,2.558,1.621,2.311,2.885,2.148,2.056,2.606,2.602,3.424,3.122,3.461,4.026,3.089,3.464,3.080,5.182,4.664,3.991,2.851,2.121,3.450,3.323,1.491,1.545,1.788,0.851,2.123,1.595,1.458,1.021,1.910,3.289,2.346,3.501,4.530,4.907,4.303
5.524,4.176,4.552,3.726,3.858,4.406,3.167,3.555,4.402,2.651,3.371,3.222,2.741,2.969,2.651,2.588,2.546,2.535,2.271,2.186,2.710,2.042,1.789,1.763,2.630,2.871,1.154,1.254,1.313,0.848,0.671,0.543,0.612,0.721,0.844,0.424,0.000,0.454,0.477,0.558,0.580,0.869,1.577,2.299,1.987,2.227,1.631,2.782,2.664,3.425,3.170,3.498,3.355,3.258,3.468,3.019,2.418,2.430,2.947,2.333,2.871,1.875,3.660,2.521,2.395,2.460,3.150,2.633,3.421,3.777,3.010,3.034,3.359,3.593,4.271,3.960,4.663,4.972,3.886,4.063,3.427,5.444,4.666,4.097,3.270,2.810,4.326,4.625,2.955,3.025,3.375,2.202,3.171,2.858,2.920,2.505,3.172,4.101,3.164,4.023,5.475,5.109,5.075
4.543,4.766,4.381,3.805,4.304,4.859,3.596,3.788,4.402,3.090,3.254,3.225,2.793,2.733,2.561,2.380,2.424,2.203,2.033,2.087,2.554,1.900,1.664,2.144,3.321,3.862,2.092,1.460,1.204,0.973,0.602,0.567,0.579,0.383,0.942,0.246,0.454,0.000,0.452,1.016,0.693,0.706,1.963,2.602,1.955,1.673,0.996,2.644,2.411,3.366,3.763,4.268,4.171,3.743,3.635,3.487,2.642,2.575,2.695,1.994,2.771,1.950,3.670,2.764,2.712,2.065,2.483,2.042,2.832,3.211,2.758,2.784,3.093,3.671,4.169,4.212,5.583,5.844,4.653,4.772,4.417,5.613,4.687,3.854,2.891,2.315,3.839,4.450,2.801,2.977,3.370,2.009,3.601,2.791,2.986,2.316,3.223,3.614,2.801,3.880,5.142,4.530,4.779
4.002,4.579,4.368,3.829,4.177,4.561,3.654,3.403,4.418,3.307,3.026,2.786,2.512,2.229,2.250,1.972,1.816,1.761,1.678,1.687,2.047,1.492,1.846,2.299,3.365,3.206,1.406,0.556,0.737,0.515,0.571,0.416,0.620,0.439,0.642,0.579,0.477,0.452,0.000,0.328,0.386,0.417,0.712,0.722,0.742,0.598,1.606,2.354,3.108,3.158,3.281,3.019,2.718,2.234,1.979,1.878,1.721,1.794,1.911,1.718,2.673,1.620,3.228,2.121,2.038,1.270,1.604,1.187,1.560,2.398,2.394,2.197,2.513,3.570,3.957,3.923,5.100,5.494,4.311,4.341,4.455,5.372,4.860,3.925,2.598,1.555,2.624,2.975,1.311,1.288,1.750,0.738,2.452,1.362,1.392,0.802,1.761,2.473,1.746,3.520,3.800,4.108,3.863
3.083,4.705,3.842,3.672,4.170,4.610,3.979,4.252,4.271,3.245,3.083,2.971,2.647,2.249,2.287,2.030,2.063,1.973,1.758,1.899,2.301,1.715,1.756,2.209,3.414,3.422,1.222,0.892,0.902,0.656,0.650,0.607,0.702,0.441,0.804,0.651,0.558,1.016,0.328,0.000,0.336,0.954,1.105,0.869,0.549,0.550,1.432,2.315,3.673,3.752,3.796,4.054,3.809,3.384,2.508,2.362,2.077,2.440,2.122,2.158,3.257,2.937,4.106,3.153,2.999,1.617,1.510,1.201,1.081,1.945,1.815,1.826,1.635,3.220,3.065,3.592,4.956,5.159,3.919,3.706,3.666,4.361,3.882,3.192,1.376,0.805,2.077,3.038,2.060,2.124,2.519,1.451,3.265,2.271,2.354,1.669,2.550,2.874,1.870,3.605,3.761,3.809,3.593
3.553,5.256,4.394,4.550,4.674,5.164,4.084,4.159,4.643,3.334,3.085,2.851,2.541,2.031,2.113,1.734,1.657,1.571,1.367,1.566,1.793,1.388,1.625,2.252,3.596,3.916,1.806,0.838,0.828,0.695,0.502,0.794,0.720,0.506,0.690,0.503,0.580,0.693,0.386,0.336,0.000,0.490,1.156,0.735,0.965,0.950,1.582,2.398,3.467,3.660,3.648,4.308,4.160,3.892,2.918,2.937,2.573,3.128,2.727,2.380,3.502,2.944,3.266,2.667,2.558,1.094,1.042,0.817,0.953,2.435,2.356,2.030,2.271,3.885,3.453,4.519,5.688,6.144,4.651,4.484,4.160,4.612,3.896,3.220,1.947,1.271,2.191,3.066,2.188,1.973,2.356,1.495,3.259,1.990,2.210,1.383,2.233,2.252,1.514,3.184,2.969,3.137,3.309
3.875,5.307,4.922,4.806,4.823,5.158,3.907,3.540,4.628,3.534,2.868,2.457,2.380,1.800,1.979,1.572,1.422,1.436,1.444,1.529,1.694,1.453,1.835,2.158,3.510,3.982,2.098,0.702,1.236,0.839,0.512,0.933,1.135,0.742,0.832,0.700,0.869,0.706,0.417,0.954,0.490,0.000,0.303,0.656,0.611,1.247,1.627,2.100,3.117,3.043,2.852,3.101,2.645,2.489,1.663,1.537,2.144,2.457,1.665,1.813,2.755,1.623,2.858,2.811,3.034,2.346,1.941,1.946,2.086,2.897,3.105,2.304,3.061,4.419,4.381,4.823,6.187,6.808,5.234,5.344,5.103,5.722,5.098,4.470,3.404,2.767,3.304,3.811,3.032,2.886,3.015,2.459,3.666,2.479,2.764,1.923,2.520,2.795,1.867,3.370,3.136,3.282,3.227
4.589,5.626,5.510,5.094,5.264,5.585,4.249,3.564,4.899,3.632,2.935,2.476,2.384,1.763,1.928,1.457,1.127,1.362,1.158,1.188,1.210,1.051,1.721,2.329,4.230,4.691,3.405,1.948,2.015,1.251,0.803,1.345,1.519,0.838,1.217,0.918,1.577,1.963,0.712,1.105,1.156,0.303,0.000,0.803,0.731,1.712,1.372,1.894,2.359,2.388,2.468,2.581,2.136,1.835,1.733,1.505,1.877,2.056,1.838,1.730,2.368,1.150,2.131,2.753,2.045,2.377,1.496,1.535,1.491,2.367,3.125,1.927,3.282,4.258,4.191,4.313,5.210,6.191,4.889,5.201,4.874,5.402,4.877,4.352,3.835,3.265,3.697,4.141,3.640,3.290,3.106,2.754,3.718,2.530,2.762,2.179,2.520,3.264,2.136,3.635,3.437,3.764,3.764
4.845,4.808,5.663,4.706,5.152,5.171,4.048,3.246,4.484,3.550,2.893,2.533,2.475,1.991,2.043,2.084,1.878,2.039,1.266,1.044,0.686,1.586,2.216,2.981,5.398,5.962,5.300,3.607,2.843,1.735,1.269,1.570,1.309,0.847,1.748,1.637,2.299,2.602,0.722,0.869,0.735,0.656,0.803,0.000,0.583,1.431,1.308,1.417,2.296,2.104,1.801,1.137,2.137,1.712,2.345,1.748,1.649,1.914,2.169,2.085,2.100,1.870,2.140,2.430,2.465,2.841,2.840,2.456,2.390,2.490,3.180,2.026,3.487,4.012,3.741,3.433,4.156,5.026,3.411,4.141,3.833,4.488,4.182,4.024,4.131,3.899,4.324,4.878,4.641,4.176,3.915,3.666,4.402,3.380,3.690,3.439,3.504,4.535,3.447,4.646,4.502,4.715,4.742
4.570,5.218,6.073,5.437,6.607,6.779,5.555,4.636,5.713,4.894,3.940,3.282,3.809,2.582,2.372,2.343,2.790,2.571,1.233,1.686,1.264,0.801,1.655,1.808,3.757,5.141,3.890,2.707,2.696,1.645,0.938,2.187,2.296,1.669,1.144,0.628,1.987,1.955,0.742,0.549,0.965,0.611,0.731,0.583,0.000,0.951,0.992,1.052,1.126,1.321,1.677,1.321,2.527,2.555,2.630,2.510,1.271,1.567,2.250,1.790,2.321,2.470,2.875,2.756,3.036,3.545,3.387,3.175,3.263,3.346,4.138,3.040,5.161,5.343,5.535,4.573,5.768,5.534,3.846,4.599,4.709,5.505,5.510,5.570,5.934,5.467,5.579,5.929,5.728,5.496,5.246,4.895,6.044,4.916,4.951,4.587,4.648,5.869,4.640,5.681,5.427,5.354,5.103
5.110,5.605,6.123,5.656,6.795,6.936,5.820,4.894,5.831,5.280,4.394,3.880,4.278,3.353,3.277,2.798,3.067,2.986,2.136,2.257,1.823,1.594,2.038,1.621,2.788,3.438,2.508,2.365,2.410,2.048,1.346,2.152,1.783,1.626,1.703,1.146,2.227,1.673,0.598,0.550,0.950,1.247,1.712,1.431,0.951,0.000,0.593,1.395,1.196,1.097,1.853,1.614,2.146,1.660,1.752,1.512,1.722,1.556,2.470,2.422,2.480,1.629,2.282,2.164,2.746,2.912,2.636,2.601,3.401,3.346,3.354,3.427,5.323,4.779,4.688,3.237,4.171,4.303,2.571,3.445,3.493,4.884,4.719,4.662,4.759,4.409,4.461,5.109,4.722,4.998,4.920,4.328,6.148,5.064,4.951,4.468,4.681,5.413,4.888,5.288,5.089,4.801,4.648
4.933,5.428,5.783,5.542,6.323,6.891,6.100,5.352,6.513,5.921,4.826,4.128,4.604,3.511,3.298,3.465,3.645,3.496,2.444,2.976,2.400,2.220,1.426,1.540,1.577,2.299,1.680,2.054,1.699,2.814,2.272,3.183,3.195,3.077,2.249,1.818,1.631,0.996,1.606,1.432,1.582,1.627,1.372,1.308,0.992,0.593,0.000,0.641,1.824,1.809,2.221,1.437,2.042,1.590,1.544,1.342,0.898,0.893,1.844,1.602,2.486,1.735,2.939,2.196,2.995,3.115,3.370,3.102,3.398,3.548,4.047,3.413,5.087,5.345,5.676,4.350,5.582,5.427,3.887,4.729,5.355,6.622,6.653,6.529,6.088,5.370,5.433,5.572,4.988,5.028,4.990,4.468,5.905,4.679,4.572,4.191,4.314,5.348,4.543,5.491,5.048,5.032,4.938
5.396,5.965,6.416,6.034,7.126,7.196,6.739,6.078,6.593,6.654,5.849,5.324,5.812,4.709,4.605,4.544,4.725,4.498,3.563,4.206,3.579,3.436,3.215,3.378,2.879,2.246,2.756,3.833,3.140,4.551,3.868,4.615,4.258,4.556,3.652,3.110,2.782,2.644,2.354,2.315,2.398,2.100,1.894,1.417,1.052,1.395,0.641,0.000,0.847,1.704,1.861,1.404,1.956,1.332,1.038,0.987,0.688,0.801,1.778,1.895,2.754,2.828,3.131,3.458,4.625,4.296,3.725,3.932,4.753,4.465,4.591,4.727,6.167,5.870,5.786,4.590,5.440,5.417,4.096,5.009,5.542,6.479,6.495,6.577,6.395,6.151,6.089,6.435,6.038,6.363,6.463,5.921,7.655,6.612,6.257,5.657,5.993,6.459,5.931,6.164,5.916,5.693,5.716
7.054,7.244,8.081,7.662,8.374,7.924,7.483,7.221,7.697,7.964,7.252,6.873,7.823,6.174,5.921,6.040,6.385,5.597,4.290,5.195,4.453,3.792,2.319,2.761,1.453,1.739,1.921,2.553,2.710,4.448,3.983,5.144,4.555,4.103,3.301,3.552,2.664,2.411,3.108,3.673,3.467,3.117,2.359,2.296,1.126,1.196,1.824,0.847,0.000,0.619,1.447,0.857,1.096,0.907,1.047,1.431,0.615,0.540,1.997,1.902,3.253,3.293,4.122,4.369,5.475,5.252,5.160,5.283,6.100,5.737,5.652,5.963,6.368,6.867,6.589,5.533,6.455,6.187,5.005,5.988,6.743,7.506,7.575,7.451,7.165,6.965,7.086,7.303,6.840,6.979,7.149,6.688,8.163,7.123,6.941,6.641,7.001,7.257,6.817,7.631,6.696,6.616,6.297
5.874,6.630,7.209,6.981,7.649,7.079,5.978,5.501,6.688,6.090,5.507,5.255,6.068,5.093,4.750,4.847,5.340,5.019,3.793,4.512,4.263,3.341,2.400,2.146,1.930,3.060,2.484,2.724,3.220,4.427,3.678,4.834,4.128,3.880,3.118,2.961,3.425,3.366,3.158,3.752,3.660,3.043,2.388,2.104,1.321,1.097,1.809,1.704,0.619,0.000,0.598,1.313,1.210,0.771,1.255,1.620,0.594,0.562,2.008,2.058,3.258,3.468,4.360,4.302,4.988,4.924,4.777,4.885,5.237,5.339,5.425,5.272,5.523,6.583,6.526,5.785,6.911,6.364,5.039,5.826,6.315,7.364,7.168,6.935,6.405,5.984,6.175,6.176,5.759,5.590,5.541,5.518,6.735,5.368,5.404,5.335,5.537,5.541,5.249,6.329,5.064,4.970,4.735
6.300,7.570,7.960,7.371,7.716,6.983,5.960,5.363,6.575,5.992,5.485,4.980,5.718,4.912,4.585,4.400,4.965,4.770,3.591,4.075,3.792,2.873,2.843,2.739,2.784,3.182,2.077,2.376,2.821,4.090,3.843,4.921,4.445,4.094,3.037,2.549,3.170,3.763,3.281,3.796,3.648,2.852,2.468,1.801,1.677,1.853,2.221,1.861,1.447,0.598,0.000,0.600,1.651,0.731,0.571,1.201,0.812,0.744,1.555,2.118,2.606,3.674,3.979,4.291,4.502,4.738,4.121,4.387,5.036,5.241,4.796,5.370,5.143,6.509,6.209,6.006,7.046,6.633,5.397,5.996,6.128,6.763,6.320,6.101,5.712,5.317,5.542,5.696,5.506,5.249,5.182,5.062,6.550,5.111,5.279,5.224,5.663,5.428,5.396,6.170,5.290,5.171,5.299
6.197,6.813,6.933,5.842,6.207,5.569,4.341,3.481,4.915,4.168,3.713,3.278,3.600,3.333,3.105,2.967,3.365,3.634,2.685,2.795,2.585,2.292,2.800,3.108,4.085,4.678,3.778,2.987,2.782,3.277,3.155,4.280,3.568,3.111,2.343,1.778,3.498,4.268,3.019,4.054,4.308,3.101,2.581,1.137,1.321,1.614,1.437,1.404,0.857,1.313,0.600,0.000,0.615,0.667,0.636,0.493,0.776,0.984,1.664,2.473,2.872,3.057,3.015,2.987,2.906,3.451,3.166,2.884,3.168,4.023,3.320,3.201,3.395,4.930,4.620,5.212,6.286,5.892,4.215,4.970,4.630,5.398,4.656,4.158,3.632,3.103,3.527,4.009,3.669,3.339,3.143,2.963,4.618,3.040,3.229,3.403,3.902,3.851,3.549,4.564,4.048,3.889,4.076
6.983,7.341,7.302,5.910,6.126,5.367,4.098,3.432,4.768,3.899,3.664,3.361,3.483,3.453,3.130,3.178,3.464,3.663,2.963,3.001,2.790,2.599,3.549,3.765,5.219,5.776,5.002,4.006,3.526,3.682,3.662,4.732,4.106,3.521,2.783,1.865,3.355,4.171,2.718,3.809,4.160,2.645,2.136,2.137,2.527,2.146,2.042,1.956,1.096,1.210,1.651,0.615,0.000,0.495,1.183,0.643,1.135,0.870,1.022,2.289,2.491,2.937,2.609,3.069,2.811,3.593,3.238,2.877,3.307,4.060,2.710,3.242,2.895,4.481,4.054,5.153,6.386,6.042,4.412,5.184,4.397,4.973,3.999,3.748,3.409,3.069,3.633,4.265,3.970,3.424,3.335,3.033,4.647,3.141,3.383,3.567,4.262,3.866,3.538,4.853,4.391,4.157,4.672
7.201,7.071,7.309,5.907,6.118,5.556,4.078,3.233,4.411,3.576,2.902,2.495,2.710,2.502,2.223,1.940,2.372,2.404,1.829,1.761,1.596,1.506,2.560,3.049,4.866,5.539,4.855,3.470,3.067,2.786,2.790,3.762,3.179,2.325,2.031,1.632,3.258,3.743,2.234,3.384,3.892,2.489,1.835,1.712,2.555,1.660,1.590,1.332,0.907,0.771,0.731,0.667,0.495,0.000,0.586,1.366,1.446,0.815,0.843,1.899,2.116,2.779,2.612,3.086,2.901,3.994,3.760,3.054,3.316,4.079,2.395,2.935,2.821,3.973,3.354,4.400,5.443,5.123,3.296,3.960,2.964,3.550,2.755,2.495,2.801,2.824,3.567,4.661,4.273,3.858,3.813,3.411,4.827,3.555,3.745,3.870,4.503,4.376,3.751,5.450,5.014,5.002,5.385
6.300,6.001,6.516,4.994,5.393,4.819,3.456,2.817,4.109,2.738,2.501,2.348,2.056,1.798,1.697,2.095,2.071,2.065,1.990,2.410,2.158,2.363,3.432,4.105,6.377,6.971,6.607,4.662,3.901,3.410,3.288,4.037,3.575,2.992,3.042,2.593,3.468,3.635,1.979,2.508,2.918,1.663,1.733,2.345,2.630,1.752,1.544,1.038,1.047,1.255,0.571,0.636,1.183,0.586,0.000,0.578,1.238,1.117,1.071,1.675,1.754,1.968,1.730,2.298,1.707,3.144,2.918,2.142,2.477,2.957,1.849,1.938,1.432,3.255,3.549,4.794,6.301,6.172,4.527,5.278,4.145,4.522,3.569,3.401,3.178,3.159,3.948,4.397,4.045,3.091,3.168,2.832,3.937,2.510,2.915,3.177,3.770,3.355,2.878,4.633,4.241,4.257,5.111
5.232,5.483,6.006,4.594,5.263,4.764,3.448,2.947,4.406,2.868,2.808,2.713,2.424,2.085,2.067,2.370,2.255,2.543,2.131,2.292,2.103,2.266,3.091,3.871,5.868,5.972,5.565,3.770,3.083,2.953,2.822,3.731,3.401,2.773,2.681,2.311,3.019,3.487,1.878,2.362,2.937,1.537,1.505,1.748,2.510,1.512,1.342,0.987,1.431,1.620,1.201,0.493,0.643,1.366,0.578,0.000,0.813,1.341,0.472,1.667,2.067,2.469,2.148,2.288,1.903,3.025,2.853,1.947,2.005,2.938,2.089,1.722,1.547,3.224,3.195,4.313,5.280,5.444,3.946,4.723,3.972,4.354,3.313,2.913,2.599,2.546,3.372,3.970,3.362,2.631,2.709,2.380,3.460,2.172,2.501,2.640,3.192,2.967,2.308,4.083,3.675,3.759,4.435
5.904,6.162,6.890,5.531,6.215,5.825,4.488,3.648,4.864,3.904,3.114,2.643,2.937,2.227,2.005,2.274,2.653,2.327,1.445,1.694,1.385,1.523,2.488,2.995,5.034,5.814,4.988,3.459,2.716,1.966,1.603,2.727,2.309,2.132,1.621,1.503,2.418,2.642,1.721,2.077,2.573,2.144,1.877,1.649,1.271,1.722,0.898,0.688,0.615,0.594,0.812,0.776,1.135,1.446,1.238,0.813,0.000,0.410,1.476,0.788,1.135,1.855,1.686,1.953,2.264,3.276,3.287,3.199,3.063,3.898,3.974,2.938,3.709,5.159,4.799,5.686,6.494,6.410,4.647,5.104,4.307,4.925,4.511,4.502,4.479,4.232,4.934,5.473,5.266,4.455,4.282,4.084,5.101,3.531,4.118,4.017,4.238,4.557,3.642,5.353,4.904,5.093,5.543
6.679,6.004,6.615,5.156,5.558,5.255,3.883,3.069,4.340,3.119,2.517,2.074,2.105,1.841,1.524,1.989,2.389,2.150,1.553,1.815,1.527,1.587,2.480,2.953,5.073,5.631,5.157,3.538,2.665,2.167,2.070,3.213,2.741,2.191,1.760,1.643,2.430,2.575,1.794,2.440,3.128,2.457,2.056,1.914,1.567,1.556,0.893,0.801,0.540,0.562,0.744,0.984,0.870,0.815,1.117,1.341,0.410,0.000,0.290,0.873,0.725,1.109,1.053,1.294,1.424,2.524,2.617,2.324,2.238,3.033,2.776,2.237,2.657,4.087,3.984,5.281,6.430,6.526,4.725,5.206,4.008,4.498,3.823,3.788,3.716,3.578,4.287,4.857,4.700,3.668,3.586,3.318,4.222,2.754,3.290,3.258,3.663,3.762,2.892,4.838,4.539,4.887,5.463
5.231,5.143,6.105,4.660,5.182,4.872,3.664,3.215,4.397,2.799,2.442,2.290,1.921,1.318,1.522,2.357,2.233,2.165,1.933,2.175,2.040,2.527,3.447,4.081,6.393,7.017,6.508,4.665,3.744,3.017,2.777,3.218,2.725,2.707,2.857,2.739,2.947,2.695,1.911,2.122,2.727,1.665,1.838,2.169,2.250,2.470,1.844,1.778,1.997,2.008,1.555,1.664,1.022,0.843,1.071,0.472,1.476,0.290,0.000,0.507,1.199,1.166,0.466,0.787,0.301,1.584,1.487,1.134,1.168,1.765,2.154,1.415,1.791,3.133,3.810,4.869,6.295,6.297,4.441,4.973,3.941,4.319,3.475,3.572,3.258,3.192,3.927,4.053,3.967,2.676,2.683,2.453,3.318,1.597,2.239,2.112,2.585,2.661,1.724,3.799,3.688,4.048,4.776
5.503,5.703,6.281,5.038,5.354,5.347,3.923,3.290,4.458,2.962,2.301,1.831,1.842,0.884,1.123,1.172,1.208,1.551,0.902,1.092,1.249,1.667,2.420,2.998,4.995,5.510,4.613,3.072,2.476,2.210,1.935,2.627,2.259,2.042,2.022,2.112,2.333,1.994,1.718,2.158,2.380,1.813,1.730,2.085,1.790,2.422,1.602,1.895,1.902,2.058,2.118,2.473,2.289,1.899,1.675,1.667,0.788,0.873,0.507,0.000,0.747,0.754,0.777,0.774,0.800,1.761,1.679,1.466,1.346,1.978,2.182,1.452,2.299,3.091,2.925,3.822,4.927,5.117,3.316,3.885,2.947,3.293,2.747,2.781,2.913,2.923,3.807,4.499,4.465,3.418,3.213,2.928,3.784,2.221,2.861,2.549,3.006,3.352,2.040,4.231,4.219,4.731,4.991
3.068,4.679,5.098,4.568,4.944,4.872,3.478,3.236,4.022,2.503,2.101,1.895,1.837,1.445,1.596,2.148,2.123,2.569,1.913,1.497,1.778,2.566,3.227,3.459,5.097,5.243,4.210,3.171,2.649,2.646,2.424,3.210,2.497,2.562,2.501,2.649,2.871,2.771,2.673,3.257,3.502,2.755,2.368,2.100,2.321,2.480,2.486,2.754,3.253,3.258,2.606,2.872,2.491,2.116,1.754,2.067,1.135,0.725,1.199,0.747,0.000,0.561,1.031,0.530,0.817,1.762,1.375,1.155,1.013,1.560,2.163,1.514,2.450,2.918,3.017,3.598,5.099,4.996,3.264,3.579,3.388,3.494,2.983,3.232,3.052,2.923,3.721,4.220,4.385,3.298,3.050,2.994,3.486,1.992,2.729,2.158,2.766,2.968,1.464,4.142,4.121,4.617,4.887
3.312,5.266,4.793,4.974,5.135,5.433,4.065,3.818,4.403,3.028,2.558,2.199,2.101,1.160,1.502,1.448,1.111,1.697,0.993,0.756,0.838,1.649,2.041,2.321,3.776,3.830,2.671,2.149,1.140,1.438,1.157,2.109,1.616,1.460,1.118,1.396,1.875,1.950,1.620,2.937,2.944,1.623,1.150,1.870,2.470,1.629,1.735,2.828,3.293,3.468,3.674,3.057,2.937,2.779,1.968,2.469,1.855,1.109,1.166,0.754,0.561,0.000,0.457,1.080,0.741,0.902,0.685,0.996,0.798,1.465,2.597,1.426,3.106,3.242,2.774,3.027,4.345,4.732,3.285,3.634,3.131,3.470,3.295,3.470,3.208,2.952,3.685,4.516,4.537,3.730,3.465,3.197,3.937,2.407,3.049,2.317,2.796,3.568,1.837,4.301,4.319,5.076,4.575
2.645,4.279,3.640,4.468,4.578,5.039,4.087,4.028,4.577,3.112,2.909,2.738,2.389,1.704,2.153,2.479,1.862,2.749,2.463,1.816,2.086,3.295,3.885,4.057,5.358,4.911,3.951,3.618,2.588,2.362,2.166,2.461,1.901,2.560,2.723,3.147,3.660,3.670,3.228,4.106,3.266,2.858,2.131,2.140,2.875,2.282,2.939,3.131,4.122,4.360,3.979,3.015,2.609,2.612,1.730,2.148,1.686,1.053,0.466,0.777,1.031,0.457,0.000,0.696,0.679,0.891,0.332,0.660,0.658,0.686,0.910,0.654,1.590,1.561,0.811,1.189,2.953,3.589,2.500,2.556,2.762,2.603,2.405,2.311,1.274,1.271,2.318,3.557,3.747,2.883,2.612,2.304,3.327,1.619,2.203,1.544,2.216,2.389,0.761,3.606,3.517,3.731,3.674
2.645,4.035,2.829,3.522,4.201,4.678,3.533,3.955,3.952,2.593,2.338,2.335,1.997,0.973,1.332,1.389,0.496,1.374,1.373,0.877,1.328,2.112,2.654,2.712,4.092,3.719,2.251,2.033,1.267,1.276,1.140,1.640,1.352,1.525,1.507,1.866,2.521,2.764,2.121,3.153,2.667,2.811,2.753,2.430,2.756,2.164,2.196,3.458,4.369,4.302,4.291,2.987,3.069,3.086,2.298,2.288,1.953,1.294,0.787,0.774,0.530,1.080,0.696,0.000,0.591,1.264,0.668,0.659,1.399,1.206,1.164,1.823,1.945,2.140,1.238,1.807,3.411,3.640,2.697,2.527,2.788,2.586,2.596,2.844,1.677,1.334,1.962,2.849,2.609,2.435,2.638,2.217,3.402,1.935,2.587,1.801,2.747,2.535,1.565,3.763,3.426,3.763,3.659
