0.000,0.046,0.826,0.458,0.719,1.850,0.316,0.008,0.040,0.059,0.139,0.035,0.009,0.008,0.278,0.403,0.292,0.547,0.631,0.811,0.527,1.036,1.850,1.849,1.387,1.992,2.365,1.966,2.377,3.177,1.589,1.723,1.218,0.914,0.561,0.232,0.211,0.459,0.465,0.180,0.040,0.306,0.465,0.645,0.937,1.235,1.595,2.520,2.417,2.125,0.420,0.139,0.195,1.733,0.099,0.945,0.731,0.553,0.467,0.410,0.178,0.108,0.367,0.834,0.703,0.816,0.370,0.446,0.057,0.254,0.736,1.183,0.167,1.864,2.196,1.970,1.590,1.394,1.131,1.380,0.277,0.016,0.094,0.538,0.688,0.885,0.753,0.583
0.046,0.000,0.105,1.070,1.097,1.116,0.111,0.053,0.053,0.129,0.223,0.213,0.211,0.232,0.393,0.444,0.341,0.474,0.551,0.589,0.232,1.563,1.004,0.740,0.210,0.171,0.350,0.379,0.823,2.005,1.364,1.227,1.023,0.791,0.608,0.389,0.083,0.004,0.075,0.230,0.268,0.445,0.507,0.600,0.775,0.914,1.184,1.575,1.478,1.194,0.824,1.363,0.321,2.948,0.426,0.632,0.513,0.409,0.338,0.312,0.225,0.049,0.079,0.396,0.318,0.396,0.046,0.230,0.019,0.162,0.406,0.554,0.195,0.696,0.792,0.713,0.513,0.213,0.123,0.251,0.251,0.237,0.279,0.508,0.523,0.530,0.414,0.255
0.826,0.105,0.000,0.717,1.542,1.775,0.774,0.487,0.321,0.372,0.375,0.288,0.192,0.136,0.281,0.388,0.388,0.613,0.714,0.913,0.682,1.193,3.113,1.976,0.808,1.022,1.106,1.141,1.716,2.330,1.445,1.126,0.921,0.697,0.566,0.309,0.034,0.014,0.068,0.167,0.225,0.337,0.367,0.482,0.631,0.780,1.074,1.566,1.548,1.849,1.094,1.645,1.290,3.523,0.882,0.621,0.510,0.352,0.241,0.171,0.084,0.135,0.285,0.637,0.509,0.572,0.125,0.232,0.024,0.246,0.440,0.598,0.313,0.768,0.943,0.776,0.559,0.351,0.239,0.540,0.193,0.139,0.302,0.102,0.205,0.400,0.381,0.337
0.458,1.070,0.717,0.000,0.881,2.488,1.465,1.208,0.815,0.354,0.033,0.273,0.109,0.165,0.037,0.125,0.054,0.220,0.034,0.155,0.356,0.976,3.033,2.424,0.371,0.023,0.151,1.137,0.785,0.414,1.311,0.301,0.065,0.244,0.403,0.529,0.858,0.981,0.924,0.771,0.802,0.586,0.435,0.369,0.043,0.092,0.479,0.950,1.144,2.151,0.888,2.346,2.409,4.843,1.839,0.343,0.266,0.098,0.094,0.204,0.418,0.615,0.684,1.102,1.123,1.327,0.922,1.289,1.149,1.084,0.972,0.754,0.635,0.222,0.074,0.012,0.317,0.629,0.859,0.925,1.404,1.427,1.410,1.651,1.634,1.535,1.323,0.956
0.719,1.097,1.542,0.881,0.000,0.184,2.100,2.361,1.837,1.746,0.964,0.832,0.270,0.036,0.470,0.433,0.170,0.310,0.757,1.554,1.253,1.558,0.088,0.374,0.880,0.489,0.326,0.034,0.430,1.954,1.000,0.692,0.435,0.242,0.006,0.016,0.477,0.755,0.674,0.367,0.335,0.065,0.322,0.334,0.776,0.887,1.240,1.270,1.224,1.144,0.681,1.936,1.554,3.284,0.590,0.938,0.877,0.509,0.650,0.619,0.171,0.031,0.299,0.884,0.817,1.145,0.667,1.053,0.914,0.804,0.731,0.515,0.300,0.115,0.336,0.486,0.249,0.329,0.549,0.812,1.354,1.283,1.423,1.589,1.762,1.663,1.532,0.972
1.850,1.116,1.775,2.488,0.184,0.000,0.352,0.368,0.147,0.130,0.024,0.108,0.141,0.237,0.321,0.318,0.229,0.187,0.049,0.168,0.774,1.534,1.968,2.787,1.037,0.850,0.131,1.034,0.496,0.895,1.498,0.083,0.063,0.122,0.166,0.216,0.301,0.010,0.102,0.057,0.113,0.192,0.338,0.316,0.352,0.304,0.377,0.171,0.156,1.168,0.117,3.223,4.141,4.552,3.567,0.906,0.935,0.911,1.013,1.019,0.750,0.717,0.557,0.545,0.532,0.408,0.173,0.328,0.327,0.214,0.216,0.073,0.357,0.122,0.003,0.216,0.218,0.054,0.041,0.093,0.215,0.102,0.360,0.059,0.039,0.125,0.253,0.448
0.316,0.111,0.774,1.465,2.100,0.352,0.000,0.009,0.031,0.015,0.003,0.027,0.021,0.023,0.034,0.044,0.076,0.040,0.014,0.021,0.231,2.631,0.950,0.052,0.181,0.074,0.304,1.312,0.256,0.041,0.630,0.308,0.215,0.157,0.166,0.074,0.042,0.112,0.269,0.234,0.209,0.184,0.090,0.097,0.093,0.112,0.244,0.346,0.254,0.277,1.467,3.137,1.727,4.625,1.448,0.282,0.283,0.335,0.382,0.376,0.300,0.356,0.340,0.473,0.422,0.401,0.134,0.327,0.334,0.187,0.223,0.092,0.172,0.045,0.063,0.011,0.076,0.162,0.204,0.064,0.075,0.111,0.079,0.242,0.260,0.287,0.348,0.364
0.008,0.053,0.487,1.208,2.361,0.368,0.009,0.000,0.042,0.016,0.001,0.029,0.025,0.030,0.042,0.052,0.056,0.009,0.047,0.050,0.055,2.226,0.970,0.293,0.143,0.014,0.261,1.306,0.266,0.339,0.638,0.325,0.277,0.190,0.207,0.118,0.005,0.156,0.313,0.261,0.227,0.194,0.104,0.114,0.118,0.143,0.295,0.250,0.201,0.333,1.025,3.321,1.749,4.474,1.123,0.176,0.221,0.296,0.374,0.384,0.318,0.383,0.378,0.523,0.454,0.450,0.111,0.313,0.280,0.122,0.141,0.031,0.102,0.010,0.104,0.048,0.014,0.132,0.171,0.039,0.069,0.079,0.092,0.169,0.207,0.259,0.364,0.386
0.040,0.053,0.321,0.815,1.837,0.147,0.031,0.042,0.000,0.007,0.023,0.070,0.009,0.011,0.010,0.027,0.020,0.009,0.058,0.020,0.142,2.774,0.310,1.265,0.227,0.085,0.333,1.879,0.597,0.734,0.394,0.301,0.305,0.216,0.245,0.178,0.043,0.198,0.333,0.280,0.234,0.211,0.135,0.142,0.152,0.170,0.332,0.088,0.060,0.012,0.390,3.039,0.932,3.575,0.320,0.025,0.100,0.202,0.309,0.339,0.285,0.352,0.340,0.471,0.407,0.399,0.034,0.237,0.174,0.042,0.049,0.039,0.553,0.081,0.155,0.143,0.083,0.062,0.089,0.008,0.011,0.012,0.136,0.067,0.082,0.154,0.292,0.343
0.059,0.129,0.372,0.354,1.746,0.130,0.015,0.016,0.007,0.000,0.023,0.034,0.022,0.005,0.007,0.025,0.034,0.057,0.100,0.057,0.286,1.956,0.334,0.523,0.042,0.067,0.252,1.384,0.414,0.882,0.658,0.324,0.320,0.217,0.225,0.181,0.043,0.203,0.330,0.261,0.208,0.186,0.115,0.124,0.149,0.176,0.318,0.048,0.053,0.237,0.136,3.134,1.330,3.641,0.482,0.004,0.096,0.215,0.354,0.396,0.324,0.380,0.362,0.483,0.400,0.389,0.006,0.202,0.139,0.032,0.048,0.044,0.614,0.088,0.165,0.140,0.088,0.039,0.068,0.009,0.019,0.013,0.139,0.062,0.062,0.102,0.228,0.337
0.139,0.223,0.375,0.033,0.964,0.024,0.003,0.001,0.023,0.023,0.000,0.039,0.018,0.016,0.033,0.055,0.062,0.054,0.081,0.054,0.350,1.936,0.079,0.708,0.002,0.099,0.245,1.488,0.505,1.068,0.597,0.296,0.305,0.197,0.188,0.168,0.027,0.184,0.289,0.210,0.154,0.141,0.079,0.089,0.125,0.160,0.291,0.083,0.043,0.116,0.326,2.789,0.858,2.901,0.002,0.104,0.003,0.160,0.352,0.433,0.357,0.408,0.375,0.454,0.373,0.343,0.044,0.151,0.079,0.000,0.004,0.082,0.866,0.134,0.204,0.198,0.149,0.023,0.003,0.046,0.023,0.027,0.170,0.017,0.006,0.033,0.128,0.296
0.035,0.213,0.288,0.273,0.832,0.108,0.027,0.029,0.070,0.034,0.039,0.000,0.067,0.046,0.101,0.142,0.009,0.006,0.051,0.036,0.296,2.628,0.913,1.578,0.144,0.016,0.312,2.108,0.747,1.042,0.276,0.265,0.303,0.212,0.224,0.220,0.094,0.245,0.339,0.260,0.204,0.185,0.119,0.126,0.139,0.165,0.310,0.164,0.121,0.228,0.429,2.495,0.085,2.195,0.664,0.171,0.083,0.053,0.269,0.382,0.334,0.404,0.385,0.421,0.328,0.257,0.120,0.045,0.033,0.088,0.085,0.154,1.041,0.198,0.253,0.284,0.238,0.082,0.066,0.116,0.111,0.116,0.233,0.100,0.123,0.105,0.036,0.248
0.009,0.211,0.192,0.109,0.270,0.141,0.021,0.025,0.009,0.022,0.018,0.067,0.000,0.040,0.054,0.046,0.081,0.052,0.050,0.044,0.316,2.651,1.194,1.746,0.172,0.035,0.318,2.211,0.824,1.163,0.193,0.231,0.275,0.163,0.141,0.150,0.001,0.100,0.163,0.103,0.056,0.075,0.048,0.064,0.118,0.156,0.315,0.239,0.157,0.311,0.778,2.097,0.408,1.462,1.163,0.311,0.272,0.127,0.066,0.270,0.286,0.402,0.395,0.412,0.337,0.277,0.066,0.078,0.023,0.054,0.078,0.148,1.209,0.226,0.282,0.341,0.281,0.099,0.076,0.095,0.071,0.069,0.173,0.038,0.049,0.030,0.011,0.186
0.008,0.232,0.136,0.165,0.036,0.237,0.023,0.030,0.011,0.005,0.016,0.046,0.040,0.000,0.049,0.035,0.051,0.018,0.023,0.019,0.281,2.996,1.759,2.247,0.256,0.112,0.365,2.598,0.995,1.188,0.036,0.199,0.259,0.166,0.143,0.184,0.047,0.107,0.142,0.098,0.058,0.096,0.087,0.096,0.144,0.171,0.324,0.321,0.226,0.561,0.969,1.702,1.064,0.641,1.740,0.371,0.346,0.272,0.144,0.083,0.131,0.298,0.293,0.202,0.173,0.102,0.145,0.036,0.124,0.121,0.148,0.203,1.385,0.288,0.331,0.431,0.376,0.166,0.149,0.148,0.131,0.129,0.200,0.108,0.118,0.116,0.147,0.075
0.278,0.393,0.281,0.037,0.470,0.321,0.034,0.042,0.010,0.007,0.033,0.101,0.054,0.049,0.000,0.010,0.023,0.007,0.005,0.011,0.302,3.054,2.202,2.288,0.210,0.092,0.356,2.695,1.080,1.311,0.082,0.193,0.245,0.146,0.075,0.107,0.094,0.021,0.008,0.046,0.068,0.012,0.021,0.046,0.133,0.175,0.323,0.354,0.251,0.706,1.297,1.238,1.655,0.066,2.143,0.451,0.437,0.361,0.253,0.120,0.232,0.384,0.248,0.179,0.217,0.121,0.088,0.005,0.111,0.106,0.163,0.226,1.587,0.334,0.377,0.488,0.425,0.233,0.215,0.175,0.158,0.138,0.208,0.073,0.068,0.031,0.050,0.064
0.403,0.444,0.388,0.125,0.433,0.318,0.044,0.052,0.027,0.025,0.055,0.142,0.046,0.035,0.010,0.000,0.001,0.009,0.001,0.002,0.318,2.855,1.964,1.906,0.134,0.035,0.332,2.445,0.993,1.355,0.097,0.229,0.265,0.159,0.085,0.099,0.111,0.002,0.039,0.003,0.036,0.030,0.020,0.043,0.132,0.178,0.321,0.288,0.210,0.578,1.222,1.495,1.278,0.517,1.731,0.413,0.394,0.214,0.083,0.359,0.368,0.407,0.290,0.290,0.303,0.217,0.046,0.085,0.034,0.058,0.113,0.190,1.501,0.290,0.343,0.419,0.355,0.198,0.178,0.144,0.128,0.105,0.198,0.021,0.013,0.039,0.061,0.222
0.292,0.341,0.388,0.054,0.170,0.229,0.076,0.056,0.020,0.034,0.062,0.009,0.081,0.051,0.023,0.001,0.000,0.010,0.035,0.028,0.262,2.878,1.667,1.762,0.192,0.096,0.402,2.361,0.965,1.330,0.146,0.167,0.198,0.088,0.054,0.053,0.120,0.017,0.091,0.042,0.013,0.014,0.023,0.015,0.044,0.078,0.234,0.265,0.216,0.484,0.755,2.124,0.527,1.651,0.979,0.224,0.159,0.113,0.323,0.427,0.396,0.421,0.310,0.357,0.373,0.319,0.026,0.209,0.114,0.061,0.021,0.062,1.194,0.136,0.197,0.235,0.169,0.036,0.018,0.026,0.022,0.001,0.128,0.069,0.059,0.106,0.151,0.287
0.547,0.474,0.613,0.220,0.310,0.187,0.040,0.009,0.009,0.057,0.054,0.006,0.052,0.018,0.007,0.009,0.010,0.000,0.009,0.001,0.353,2.272,0.904,0.800,0.004,0.054,0.317,1.759,0.719,1.342,0.540,0.236,0.231,0.117,0.076,0.055,0.109,0.053,0.143,0.081,0.026,0.040,0.015,0.004,0.048,0.088,0.210,0.136,0.117,0.150,0.607,2.558,0.317,2.644,0.061,0.054,0.150,0.367,0.482,0.506,0.404,0.416,0.318,0.385,0.378,0.332,0.032,0.237,0.175,0.092,0.068,0.036,1.038,0.099,0.174,0.163,0.104,0.026,0.005,0.019,0.019,0.007,0.152,0.102,0.096,0.143,0.213,0.313
0.631,0.551,0.714,0.034,0.757,0.049,0.014,0.047,0.058,0.100,0.081,0.051,0.050,0.023,0.005,0.001,0.035,0.009,0.000,0.017,0.300,2.761,1.304,0.979,0.059,0.017,0.363,2.010,0.808,1.275,0.487,0.225,0.204,0.090,0.059,0.014,0.138,0.026,0.128,0.079,0.027,0.036,0.028,0.020,0.019,0.052,0.192,0.036,0.057,0.255,0.201,2.756,0.367,3.247,0.305,0.111,0.238,0.400,0.443,0.461,0.370,0.396,0.306,0.391,0.394,0.348,0.091,0.302,0.273,0.159,0.128,0.007,0.912,0.051,0.135,0.108,0.040,0.021,0.041,0.004,0.012,0.030,0.151,0.150,0.144,0.203,0.263,0.322
0.811,0.589,0.913,0.155,1.554,0.168,0.021,0.050,0.020,0.057,0.054,0.036,0.044,0.019,0.011,0.002,0.028,0.001,0.017,0.000,0.389,1.593,0.691,0.775,0.150,0.129,0.285,0.992,0.340,1.104,1.040,0.274,0.192,0.104,0.081,0.030,0.107,0.062,0.180,0.128,0.079,0.074,0.000,0.007,0.037,0.062,0.156,0.158,0.114,0.401,0.552,3.522,2.006,4.884,1.725,0.363,0.372,0.432,0.468,0.467,0.355,0.379,0.310,0.414,0.393,0.362,0.090,0.311,0.311,0.206,0.229,0.098,0.412,0.050,0.055,0.026,0.082,0.099,0.128,0.074,0.063,0.100,0.100,0.220,0.206,0.236,0.297,0.334
0.527,0.232,0.682,0.356,1.253,0.774,0.231,0.055,0.142,0.286,0.350,0.296,0.316,0.281,0.302,0.318,0.262,0.353,0.300,0.389,0.000,1.055,2.089,1.899,0.178,0.182,0.475,0.532,0.111,0.718,1.160,0.255,0.192,0.102,0.124,0.071,0.073,0.007,0.103,0.113,0.035,0.062,0.051,0.054,0.143,0.134,0.279,0.443,0.409,0.851,1.502,3.181,2.288,5.222,2.051,0.046,0.023,0.096,0.111,0.139,0.089,0.154,0.100,0.278,0.292,0.328,0.070,0.364,0.380,0.388,0.487,0.413,0.361,0.322,0.194,0.283,0.379,0.470,0.523,0.469,0.522,0.510,0.312,0.522,0.402,0.339,0.269,0.176
1.036,1.563,1.193,0.976,1.558,1.534,2.631,2.226,2.774,1.956,1.936,2.628,2.651,2.996,3.054,2.855,2.878,2.272,2.761,1.593,1.055,0.000,0.155,0.172,0.638,1.243,1.091,0.135,0.066,1.382,1.262,2.368,3.167,3.609,3.887,4.012,4.176,4.012,3.853,3.944,3.932,3.877,3.905,3.823,3.549,3.210,2.621,1.432,0.832,0.338,1.877,3.178,2.596,6.204,3.471,2.371,2.546,3.302,3.294,3.561,3.794,3.982,3.807,4.010,4.228,4.268,4.126,4.421,4.451,4.139,3.686,2.621,1.734,1.175,0.298,0.632,1.181,0.854,1.462,1.500,1.780,2.855,2.921,4.013,4.058,4.069,3.927,3.772
1.850,1.004,3.113,3.033,0.088,1.968,0.950,0.970,0.310,0.334,0.079,0.913,1.194,1.759,2.202,1.964,1.667,0.904,1.304,0.691,2.089,0.155,0.000,0.025,0.964,0.760,0.038,2.161,0.642,1.137,1.621,3.147,3.805,3.953,3.763,3.670,3.433,2.939,2.827,3.210,3.425,3.729,3.930,3.984,3.986,3.941,3.495,2.662,1.905,0.585,1.203,3.292,1.751,5.561,3.146,2.233,2.127,3.056,3.018,3.379,3.308,3.338,2.761,2.634,3.060,2.911,3.056,3.398,3.727,3.677,3.380,2.484,1.142,1.838,1.217,1.656,2.046,1.341,1.604,1.294,0.802,1.730,0.951,2.325,1.988,2.172,2.085,2.291
1.849,0.740,1.976,2.424,0.374,2.787,0.052,0.293,1.265,0.523,0.708,1.578,1.746,2.247,2.288,1.906,1.762,0.800,0.979,0.775,1.899,0.172,0.025,0.000,1.853,2.109,1.929,0.097,1.700,1.328,0.140,1.685,2.526,3.473,3.769,3.926,4.103,4.031,3.964,4.030,4.093,3.994,3.901,3.788,3.292,2.854,1.851,0.505,0.487,1.654,0.483,0.873,0.251,3.364,1.140,0.689,1.128,2.226,2.352,2.834,3.185,3.504,3.260,3.515,3.868,3.944,3.871,4.327,4.367,4.351,3.341,1.790,0.202,0.252,0.554,0.106,0.616,0.233,0.778,0.642,0.924,2.328,1.928,3.838,3.528,3.624,3.264,3.113
1.387,0.210,0.808,0.371,0.880,1.037,0.181,0.143,0.227,0.042,0.002,0.144,0.172,0.256,0.210,0.134,0.192,0.004,0.059,0.150,0.178,0.638,0.964,1.853,0.000,0.280,0.391,0.732,1.076,1.717,0.372,0.045,0.269,0.441,0.485,0.621,0.792,0.792,0.739,0.675,0.724,0.642,0.597,0.543,0.374,0.299,0.028,0.735,0.771,0.858,1.770,1.100,1.128,3.276,1.812,0.187,0.203,0.412,0.438,0.516,0.564,0.705,0.686,0.913,0.949,0.979,0.779,1.005,0.929,0.977,0.935,0.904,1.952,0.439,0.054,0.268,0.587,0.701,1.012,1.014,1.329,1.309,1.003,1.170,0.968,0.979,0.847,0.751
1.992,0.171,1.022,0.023,0.489,0.850,0.074,0.014,0.085,0.067,0.099,0.016,0.035,0.112,0.092,0.035,0.096,0.054,0.017,0.129,0.182,1.243,0.760,2.109,0.280,0.000,0.215,1.578,1.028,1.317,0.267,0.201,0.343,0.429,0.421,0.521,0.650,0.613,0.578,0.542,0.618,0.571,0.539,0.502,0.369,0.352,0.176,0.638,0.627,0.677,1.757,0.436,1.072,2.658,2.096,0.251,0.217,0.386,0.394,0.456,0.456,0.562,0.508,0.692,0.738,0.736,0.587,0.791,0.748,0.830,0.843,0.967,2.336,0.920,0.565,0.777,1.052,1.109,1.292,1.213,1.039,1.018,0.661,0.881,0.702,0.728,0.626,0.563
2.365,0.350,1.106,0.151,0.326,0.131,0.304,0.261,0.333,0.252,0.245,0.312,0.318,0.365,0.356,0.332,0.402,0.317,0.363,0.285,0.475,1.091,0.038,1.929,0.391,0.215,0.000,1.967,0.476,0.442,0.026,0.447,0.609,0.571,0.573,0.628,0.726,0.620,0.555,0.556,0.599,0.572,0.608,0.597,0.543,0.548,0.547,0.308,0.170,0.064,1.658,0.130,1.102,2.035,2.593,0.677,0.623,0.721,0.719,0.741,0.679,0.732,0.665,0.787,0.810,0.756,0.649,0.794,0.793,0.814,0.840,0.884,1.939,1.068,0.779,0.953,1.015,0.643,0.739,0.742,0.539,0.692,0.505,0.779,0.702,0.751,0.729,0.728
1.966,0.379,1.141,1.137,0.034,1.034,1.312,1.306,1.879,1.384,1.488,2.108,2.211,2.598,2.695,2.445,2.361,1.759,2.010,0.992,0.532,0.135,2.161,0.097,0.732,1.578,1.967,0.000,0.516,1.516,2.706,3.773,3.960,4.061,3.939,3.988,4.024,3.802,3.797,3.960,4.074,4.113,4.134,4.121,3.917,3.887,3.469,2.183,1.370,0.657,0.771,0.529,0.668,3.513,3.200,2.184,2.247,3.038,3.043,3.382,3.509,3.680,3.385,3.502,3.774,3.699,3.668,3.909,3.905,4.055,3.985,3.460,1.803,1.721,0.290,0.725,1.479,0.849,1.615,1.756,1.669,2.715,2.252,3.309,3.099,3.298,3.173,3.218
2.377,0.823,1.716,0.785,0.430,0.496,0.256,0.266,0.597,0.414,0.505,0.747,0.824,0.995,1.080,0.993,0.965,0.719,0.808,0.340,0.111,0.066,0.642,1.700,1.076,1.028,0.476,0.516,0.000,0.520,0.341,1.309,1.579,1.551,1.504,1.546,1.586,1.356,1.266,1.382,1.445,1.502,1.604,1.602,1.573,1.565,1.456,0.670,0.521,0.265,1.729,1.576,1.271,3.966,3.000,1.281,1.219,1.526,1.539,1.655,1.583,1.640,1.458,1.513,1.612,1.511,1.429,1.600,1.650,1.659,1.719,1.420,1.193,0.809,0.211,0.510,0.761,0.316,0.574,0.539,0.355,0.899,0.593,1.261,1.165,1.281,1.286,1.375
3.177,2.005,2.330,0.414,1.954,0.895,0.041,0.339,0.734,0.882,1.068,1.042,1.163,1.188,1.311,1.355,1.330,1.342,1.275,1.104,0.718,1.382,1.137,1.328,1.717,1.317,0.442,1.516,0.520,0.000,0.230,0.375,0.962,0.709,0.791,0.833,0.825,0.410,0.163,0.354,0.263,0.393,0.721,0.739,0.986,0.919,1.106,0.478,0.768,1.199,2.544,3.177,2.124,5.067,3.303,1.982,1.875,1.837,1.852,1.778,1.529,1.463,1.361,1.270,1.189,0.940,0.855,0.791,0.900,0.488,0.400,0.234,0.094,0.329,0.573,0.313,0.356,0.890,0.877,1.090,1.328,0.806,0.872,0.026,0.331,0.593,0.926,1.254
1.589,1.364,1.445,1.311,1.000,1.498,0.630,0.638,0.394,0.658,0.597,0.276,0.193,0.036,0.082,0.097,0.146,0.540,0.487,1.040,1.160,1.262,1.621,0.140,0.372,0.267,0.026,2.706,0.341,0.230,0.000,1.021,1.037,1.261,1.077,1.124,1.194,1.101,1.137,1.191,1.378,1.391,1.329,1.320,1.094,1.139,0.652,0.034,0.545,0.277,0.796,0.034,1.517,1.547,0.322,0.337,0.202,0.329,0.399,0.660,0.700,0.854,0.632,0.770,0.978,0.957,0.889,1.203,1.186,1.538,1.639,1.307,0.911,0.642,0.227,0.472,0.873,0.644,0.808,0.692,0.502,0.948,0.318,1.035,0.695,0.784,0.582,0.551
1.723,1.227,1.126,0.301,0.692,0.083,0.308,0.325,0.301,0.324,0.296,0.265,0.231,0.199,0.193,0.229,0.167,0.236,0.225,0.274,0.255,2.368,3.147,1.685,0.045,0.201,0.447,3.773,1.309,0.375,1.021,0.000,0.052,0.057,0.071,0.117,0.218,0.122,0.128,0.129,0.206,0.161,0.172,0.154,0.083,0.118,0.043,0.270,0.086,1.450,0.960,1.062,3.133,1.781,1.295,0.220,0.147,0.018,0.031,0.112,0.049,0.119,0.017,0.074,0.135,0.020,0.008,0.074,0.016,0.027,0.264,0.335,2.212,0.288,0.301,0.264,0.093,0.241,0.326,0.291,0.397,0.260,0.394,0.063,0.092,0.024,0.010,0.043
1.218,1.023,0.921,0.065,0.435,0.063,0.215,0.277,0.305,0.320,0.305,0.303,0.275,0.259,0.245,0.265,0.198,0.231,0.204,0.192,0.192,3.167,3.805,2.526,0.269,0.343,0.609,3.960,1.579,0.962,1.037,0.052,0.000,0.002,0.018,0.008,0.119,0.013,0.006,0.004,0.077,0.038,0.062,0.062,0.009,0.069,0.129,0.165,0.229,1.557,0.826,0.134,2.699,0.637,1.488,0.221,0.161,0.041,0.015,0.093,0.012,0.073,0.039,0.015,0.076,0.030,0.074,0.039,0.038,0.048,0.125,0.122,1.798,0.091,0.129,0.141,0.030,0.053,0.104,0.102,0.228,0.153,0.326,0.055,0.116,0.027,0.067,0.017
0.914,0.791,0.697,0.244,0.242,0.122,0.157,0.190,0.216,0.217,0.197,0.212,0.163,0.166,0.146,0.159,0.088,0.117,0.090,0.104,0.102,3.609,3.953,3.473,0.441,0.429,0.571,4.061,1.551,0.709,1.261,0.057,0.002,0.000,0.032,0.059,0.167,0.087,0.078,0.051,0.107,0.035,0.055,0.048,0.001,0.028,0.232,0.216,0.231,1.542,0.776,0.021,2.954,1.389,2.160,0.252,0.185,0.115,0.045,0.034,0.009,0.076,0.010,0.022,0.077,0.069,0.039,0.046,0.234,0.196,0.370,0.313,1.731,0.294,0.294,0.387,0.288,0.214,0.272,0.259,0.359,0.301,0.356,0.194,0.184,0.054,0.079,0.002
0.561,0.608,0.566,0.403,0.006,0.166,0.166,0.207,0.245,0.225,0.188,0.224,0.141,0.143,0.075,0.085,0.054,0.076,0.059,0.081,0.124,3.887,3.763,3.769,0.485,0.421,0.573,3.939,1.504,0.791,1.077,0.071,0.018,0.032,0.000,0.044,0.132,0.006,0.021,0.016,0.043,0.013,0.082,0.096,0.127,0.114,0.144,0.385,0.337,1.422,0.685,0.631,2.545,0.776,2.197,0.234,0.176,0.117,0.010,0.100,0.041,0.134,0.010,0.010,0.051,0.162,0.130,0.236,0.488,0.269,0.314,0.275,1.550,0.256,0.260,0.362,0.289,0.178,0.226,0.248,0.362,0.331,0.389,0.339,0.355,0.234,0.230,0.062
0.232,0.389,0.309,0.529,0.016,0.216,0.074,0.118,0.178,0.181,0.168,0.220,0.150,0.184,0.107,0.099,0.053,0.055,0.014,0.030,0.071,4.012,3.670,3.926,0.621,0.521,0.628,3.988,1.546,0.833,1.124,0.117,0.008,0.059,0.044,0.000,0.122,0.057,0.074,0.033,0.099,0.029,0.051,0.072,0.075,0.078,0.161,0.457,0.382,1.442,0.740,0.606,2.648,1.081,2.501,0.291,0.268,0.272,0.202,0.112,0.149,0.021,0.121,0.167,0.111,0.361,0.228,0.365,0.389,0.210,0.256,0.227,1.485,0.248,0.247,0.396,0.327,0.147,0.184,0.192,0.280,0.254,0.272,0.286,0.315,0.270,0.322,0.196
0.211,0.083,0.034,0.858,0.477,0.301,0.042,0.005,0.043,0.043,0.027,0.094,0.001,0.047,0.094,0.111,0.120,0.109,0.138,0.107,0.073,4.176,3.433,4.103,0.792,0.650,0.726,4.024,1.586,0.825,1.194,0.218,0.119,0.167,0.132,0.122,0.000,0.017,0.066,0.152,0.056,0.034,0.056,0.119,0.191,0.190,0.034,0.552,0.486,1.444,0.393,1.097,2.118,0.443,2.163,0.116,0.101,0.101,0.050,0.011,0.008,0.084,0.027,0.174,0.148,0.557,0.100,0.288,0.207,0.103,0.128,0.112,1.183,0.136,0.140,0.300,0.250,0.032,0.061,0.101,0.192,0.173,0.161,0.248,0.280,0.304,0.340,0.184
0.459,0.004,0.014,0.981,0.755,0.010,0.112,0.156,0.198,0.203,0.184,0.245,0.100,0.107,0.021,0.002,0.017,0.053,0.026,0.062,0.007,4.012,2.939,4.031,0.792,0.613,0.620,3.802,1.356,0.410,1.101,0.122,0.013,0.087,0.006,0.057,0.017,0.000,0.090,0.132,0.039,0.031,0.088,0.086,0.123,0.123,0.146,0.324,0.276,1.173,0.099,1.287,1.753,0.155,1.818,0.191,0.185,0.159,0.091,0.016,0.020,0.117,0.050,0.013,0.050,0.307,0.016,0.271,0.229,0.144,0.176,0.146,0.961,0.148,0.160,0.285,0.207,0.015,0.013,0.127,0.224,0.206,0.218,0.351,0.418,0.441,0.413,0.175
0.465,0.075,0.068,0.924,0.674,0.102,0.269,0.313,0.333,0.330,0.289,0.339,0.163,0.142,0.008,0.039,0.091,0.143,0.128,0.180,0.103,3.853,2.827,3.964,0.739,0.578,0.555,3.797,1.266,0.163,1.137,0.128,0.006,0.078,0.021,0.074,0.066,0.090,0.000,0.000,0.084,0.192,0.212,0.150,0.177,0.161,0.128,0.311,0.237,1.152,0.127,1.052,1.960,0.178,1.956,0.251,0.245,0.213,0.140,0.053,0.066,0.070,0.008,0.136,0.092,0.467,0.079,0.388,0.336,0.254,0.283,0.233,0.969,0.201,0.201,0.326,0.243,0.042,0.090,0.235,0.374,0.352,0.348,0.528,0.581,0.589,0.541,0.292
0.180,0.230,0.167,0.771,0.367,0.057,0.234,0.261,0.280,0.261,0.210,0.260,0.103,0.098,0.046,0.003,0.042,0.081,0.079,0.128,0.113,3.944,3.210,4.030,0.675,0.542,0.556,3.960,1.382,0.354,1.191,0.129,0.004,0.051,0.016,0.033,0.152,0.132,0.000,0.000,0.030,0.135,0.179,0.107,0.165,0.141,0.111,0.412,0.321,1.328,0.454,0.689,2.460,0.950,2.387,0.273,0.249,0.242,0.175,0.098,0.119,0.011,0.091,0.295,0.294,0.685,0.196,0.519,0.434,0.343,0.366,0.323,1.254,0.307,0.293,0.460,0.404,0.204,0.257,0.334,0.469,0.445,0.399,0.558,0.569,0.568,0.545,0.333
0.040,0.268,0.225,0.802,0.335,0.113,0.209,0.227,0.234,0.208,0.154,0.204,0.056,0.058,0.068,0.036,0.013,0.026,0.027,0.079,0.035,3.932,3.425,4.093,0.724,0.618,0.599,4.074,1.445,0.263,1.378,0.206,0.077,0.107,0.043,0.099,0.056,0.039,0.084,0.030,0.000,0.159,0.196,0.134,0.213,0.199,0.039,0.421,0.353,1.475,0.386,0.392,2.656,1.314,2.365,0.200,0.173,0.173,0.119,0.067,0.093,0.010,0.071,0.237,0.228,0.561,0.128,0.491,0.417,0.351,0.379,0.330,1.208,0.307,0.283,0.468,0.425,0.241,0.307,0.368,0.527,0.493,0.398,0.568,0.531,0.481,0.435,0.237
0.306,0.445,0.337,0.586,0.065,0.192,0.184,0.194,0.211,0.186,0.141,0.185,0.075,0.096,0.012,0.030,0.014,0.040,0.036,0.074,0.062,3.877,3.729,3.994,0.642,0.571,0.572,4.113,1.502,0.393,1.391,0.161,0.038,0.035,0.013,0.029,0.034,0.031,0.192,0.135,0.159,0.000,0.029,0.008,0.093,0.092,0.100,0.410,0.344,1.586,0.741,0.164,3.226,2.221,2.772,0.282,0.244,0.264,0.230,0.201,0.213,0.144,0.175,0.302,0.294,0.564,0.186,0.510,0.481,0.412,0.459,0.418,1.494,0.432,0.397,0.624,0.592,0.395,0.462,0.440,0.566,0.525,0.411,0.522,0.463,0.391,0.381,0.240
0.465,0.507,0.367,0.435,0.322,0.338,0.090,0.104,0.135,0.115,0.079,0.119,0.048,0.087,0.021,0.020,0.023,0.015,0.028,0.000,0.051,3.905,3.930,3.901,0.597,0.539,0.608,4.134,1.604,0.721,1.329,0.172,0.062,0.055,0.082,0.051,0.056,0.088,0.212,0.179,0.196,0.029,0.000,0.007,0.090,0.083,0.081,0.534,0.442,1.677,1.018,0.279,3.452,2.586,3.034,0.288,0.242,0.275,0.251,0.228,0.233,0.173,0.206,0.314,0.292,0.518,0.191,0.436,0.435,0.342,0.402,0.376,1.686,0.422,0.392,0.627,0.595,0.395,0.448,0.376,0.472,0.430,0.346,0.395,0.351,0.290,0.310,0.208
0.645,0.600,0.482,0.369,0.334,0.316,0.097,0.114,0.142,0.124,0.089,0.126,0.064,0.096,0.046,0.043,0.015,0.004,0.020,0.007,0.054,3.823,3.984,3.788,0.543,0.502,0.597,4.121,1.602,0.739,1.320,0.154,0.062,0.048,0.096,0.072,0.119,0.086,0.150,0.107,0.134,0.008,0.007,0.000,0.094,0.079,0.102,0.489,0.415,1.678,0.996,0.276,3.415,2.468,2.901,0.266,0.209,0.221,0.174,0.123,0.146,0.065,0.124,0.183,0.148,0.372,0.154,0.368,0.428,0.342,0.410,0.382,1.730,0.414,0.387,0.590,0.546,0.381,0.440,0.370,0.467,0.423,0.360,0.362,0.314,0.225,0.235,0.123
0.937,0.775,0.631,0.043,0.776,0.352,0.093,0.118,0.152,0.149,0.125,0.139,0.118,0.144,0.133,0.132,0.044,0.048,0.019,0.037,0.143,3.549,3.986,3.292,0.374,0.369,0.543,3.917,1.573,0.986,1.094,0.083,0.009,0.001,0.127,0.075,0.191,0.123,0.177,0.165,0.213,0.093,0.090,0.094,0.000,0.015,0.165,0.538,0.424,1.666,1.410,0.603,3.799,3.032,3.257,0.368,0.287,0.280,0.214,0.117,0.131,0.039,0.126,0.140,0.076,0.245,0.134,0.213,0.339,0.253,0.373,0.369,1.977,0.431,0.414,0.592,0.523,0.398,0.444,0.336,0.406,0.348,0.343,0.240,0.216,0.126,0.162,0.086
1.235,0.914,0.780,0.092,0.887,0.304,0.112,0.143,0.170,0.176,0.160,0.165,0.156,0.171,0.175,0.178,0.078,0.088,0.052,0.062,0.134,3.210,3.941,2.854,0.299,0.352,0.548,3.887,1.565,0.919,1.139,0.118,0.069,0.028,0.114,0.078,0.190,0.123,0.161,0.141,0.199,0.092,0.083,0.079,0.015,0.000,0.157,0.475,0.382,1.743,1.430,1.057,4.009,3.477,3.043,0.321,0.231,0.181,0.130,0.049,0.079,0.009,0.096,0.077,0.013,0.154,0.084,0.106,0.228,0.174,0.350,0.357,2.055,0.419,0.397,0.545,0.453,0.392,0.450,0.321,0.394,0.316,0.331,0.162,0.147,0.050,0.087,0.033
1.595,1.184,1.074,0.479,1.240,0.377,0.244,0.295,0.332,0.318,0.291,0.310,0.315,0.324,0.323,0.321,0.234,0.210,0.192,0.156,0.279,2.621,3.495,1.851,0.028,0.176,0.547,3.469,1.456,1.106,0.652,0.043,0.129,0.232,0.144,0.161,0.034,0.146,0.128,0.111,0.039,0.100,0.081,0.102,0.165,0.157,0.000,0.765,0.577,1.755,1.766,1.255,4.212,3.724,3.020,0.323,0.222,0.164,0.092,0.008,0.135,0.102,0.222,0.212,0.160,0.294,0.297,0.249,0.332,0.267,0.375,0.365,2.184,0.319,0.288,0.345,0.282,0.354,0.437,0.325,0.441,0.386,0.470,0.273,0.290,0.222,0.241,0.175
2.520,1.575,1.566,0.950,1.270,0.171,0.346,0.250,0.088,0.048,0.083,0.164,0.239,0.321,0.354,0.288,0.265,0.136,0.036,0.158,0.443,1.432,2.662,0.505,0.735,0.638,0.308,2.183,0.670,0.478,0.034,0.270,0.165,0.216,0.385,0.457,0.552,0.324,0.311,0.412,0.421,0.410,0.534,0.489,0.538,0.475,0.765,0.000,0.034,1.271,2.095,2.579,4.040,3.550,1.343,0.140,0.355,0.563,0.672,0.791,0.630,0.657,0.507,0.480,0.514,0.308,0.283,0.238,0.118,0.036,0.385,0.689,2.687,1.013,1.064,0.970,0.782,1.048,1.047,0.852,0.835,0.588,0.622,0.148,0.044,0.161,0.252,0.452
2.417,1.478,1.548,1.144,1.224,0.156,0.254,0.201,0.060,0.053,0.043,0.121,0.157,0.226,0.251,0.210,0.216,0.117,0.057,0.114,0.409,0.832,1.905,0.487,0.771,0.627,0.170,1.370,0.521,0.768,0.545,0.086,0.229,0.231,0.337,0.382,0.486,0.276,0.237,0.321,0.353,0.344,0.442,0.415,0.424,0.382,0.577,0.034,0.000,1.120,2.162,2.191,2.785,1.023,0.534,0.359,0.450,0.616,0.676,0.748,0.585,0.598,0.455,0.466,0.500,0.349,0.270,0.324,0.263,0.171,0.030,0.267,2.075,0.446,0.591,0.408,0.267,0.593,0.579,0.465,0.508,0.290,0.422,0.048,0.086,0.233,0.295,0.436
2.125,1.194,1.849,2.151,1.144,1.168,0.277,0.333,0.012,0.237,0.116,0.228,0.311,0.561,0.706,0.578,0.484,0.150,0.255,0.401,0.851,0.338,0.585,1.654,0.858,0.677,0.064,0.657,0.265,1.199,0.277,1.450,1.557,1.542,1.422,1.442,1.444,1.173,1.152,1.328,1.475,1.586,1.677,1.678,1.666,1.743,1.755,1.271,1.120,0.000,0.457,1.035,0.462,3.309,3.138,1.009,0.868,1.311,1.325,1.517,1.382,1.420,1.120,1.133,1.312,1.198,1.135,1.343,1.368,1.432,1.382,1.162,0.043,0.987,0.558,0.874,1.098,0.582,0.696,0.604,0.334,0.724,0.263,0.940,0.768,0.892,0.852,0.960
0.420,0.824,1.094,0.888,0.681,0.117,1.467,1.025,0.390,0.136,0.326,0.429,0.778,0.969,1.297,1.222,0.755,0.607,0.201,0.552,1.502,1.877,1.203,0.483,1.770,1.757,1.658,0.771,1.729,2.544,0.796,0.960,0.826,0.776,0.685,0.740,0.393,0.099,0.127,0.454,0.386,0.741,1.018,0.996,1.410,1.430,1.766,2.095,2.162,0.457,0.000,0.148,0.260,2.114,0.760,1.226,1.195,1.144,1.288,1.342,1.073,0.938,0.777,0.325,0.311,0.032,0.301,0.158,0.168,0.402,0.663,0.810,0.396,0.425,0.349,0.107,0.265,0.921,1.021,1.353,1.653,1.342,1.366,1.117,0.926,0.636,0.314,0.224
0.139,1.363,1.645,2.346,1.936,3.223,3.137,3.321,3.039,3.134,2.789,2.495,2.097,1.702,1.238,1.495,2.124,2.558,2.756,3.522,3.181,3.178,3.292,0.873,1.100,0.436,0.130,0.529,1.576,3.177,0.034,1.062,0.134,0.021,0.631,0.606,1.097,1.287,1.052,0.689,0.392,0.164,0.279,0.276,0.603,1.057,1.255,2.579,2.191,1.035,0.148,0.000,0.503,2.126,1.950,1.674,1.672,1.271,1.010,0.646,1.005,1.060,1.493,1.915,1.674,1.827,1.490,1.594,1.546,1.091,0.928,0.271,0.773,1.305,1.768,2.187,1.866,0.996,0.502,0.222,1.040,1.163,1.770,1.965,2.412,2.407,2.515,2.216
0.195,0.321,1.290,2.409,1.554,4.141,1.727,1.749,0.932,1.330,0.858,0.085,0.408,1.064,1.655,1.278,0.527,0.317,0.367,2.006,2.288,2.596,1.751,0.251,1.128,1.072,1.102,0.668,1.271,2.124,1.517,3.133,2.699,2.954,2.545,2.648,2.118,1.753,1.960,2.460,2.656,3.226,3.452,3.415,3.799,4.009,4.212,4.040,2.785,0.462,0.260,0.503,0.000,0.246,0.682,1.049,0.935,1.800,1.961,2.437,2.197,2.160,1.591,1.126,1.487,1.241,1.633,1.393,1.373,1.481,1.189,1.164,1.515,1.556,1.324,1.842,2.005,1.014,0.997,0.441,0.126,0.356,0.202,0.262,0.006,0.254,0.244,0.696
1.733,2.948,3.523,4.843,3.284,4.552,4.625,4.474,3.575,3.641,2.901,2.195,1.462,0.641,0.066,0.517,1.651,2.644,3.247,4.884,5.222,6.204,5.561,3.364,3.276,2.658,2.035,3.513,3.966,5.067,1.547,1.781,0.637,1.389,0.776,1.081,0.443,0.155,0.178,0.950,1.314,2.221,2.586,2.468,3.032,3.477,3.724,3.550,1.023,3.309,2.114,2.126,0.246,0.000,0.328,1.415,1.008,0.054,0.629,1.407,0.817,0.817,0.035,0.608,0.247,0.686,0.375,0.681,0.879,0.630,0.998,0.631,0.141,0.833,0.938,1.903,1.932,0.311,0.077,1.054,1.993,1.697,2.695,2.155,2.569,2.160,2.080,1.281
0.099,0.426,0.882,1.839,0.590,3.567,1.448,1.123,0.320,0.482,0.002,0.664,1.163,1.740,2.143,1.731,0.979,0.061,0.305,1.725,2.051,3.471,3.146,1.140,1.812,2.096,2.593,3.200,3.000,3.303,0.322,1.295,1.488,2.160,2.197,2.501,2.163,1.818,1.956,2.387,2.365,2.772,3.034,2.901,3.257,3.043,3.020,1.343,0.534,3.138,0.760,1.950,0.682,0.328,0.000,0.247,0.889,1.894,2.168,2.600,2.471,2.490,2.145,1.784,1.946,1.671,1.858,1.426,1.186,0.878,0.231,0.112,0.353,0.294,0.583,0.120,0.199,0.444,0.307,0.671,0.739,0.248,0.501,0.099,0.173,0.610,0.797,1.345
0.945,0.632,0.621,0.343,0.938,0.906,0.282,0.176,0.025,0.004,0.104,0.171,0.311,0.371,0.451,0.413,0.224,0.054,0.111,0.363,0.046,2.371,2.233,0.689,0.187,0.251,0.677,2.184,1.281,1.982,0.337,0.220,0.221,0.252,0.234,0.291,0.116,0.191,0.251,0.273,0.200,0.282,0.288,0.266,0.368,0.321,0.323,0.140,0.359,1.009,1.226,1.674,1.049,1.415,0.247,0.000,0.046,0.019,0.021,0.019,0.117,0.105,0.181,0.066,0.042,0.045,0.227,0.024,0.038,0.078,0.135,0.078,1.223,0.028,0.016,0.047,0.018,0.047,0.042,0.129,0.108,0.101,0.014,0.165,0.119,0.077,0.037,0.029
0.731,0.513,0.510,0.266,0.877,0.935,0.283,0.221,0.100,0.096,0.003,0.083,0.272,0.346,0.437,0.394,0.159,0.150,0.238,0.372,0.023,2.546,2.127,1.128,0.203,0.217,0.623,2.247,1.219,1.875,0.202,0.147,0.161,0.185,0.176,0.268,0.101,0.185,0.245,0.249,0.173,0.244,0.242,0.209,0.287,0.231,0.222,0.355,0.450,0.868,1.195,1.672,0.935,1.008,0.889,0.046,0.000,0.046,0.064,0.073,0.051,0.057,0.159,0.066,0.034,0.035,0.229,0.024,0.031,0.058,0.095,0.033,1.274,0.025,0.064,0.115,0.090,0.004,0.004,0.082,0.069,0.062,0.039,0.124,0.093,0.054,0.025,0.025
0.553,0.409,0.352,0.098,0.509,0.911,0.335,0.296,0.202,0.215,0.160,0.053,0.127,0.272,0.361,0.214,0.113,0.367,0.400,0.432,0.096,3.302,3.056,2.226,0.412,0.386,0.721,3.038,1.526,1.837,0.329,0.018,0.041,0.115,0.117,0.272,0.101,0.159,0.213,0.242,0.173,0.264,0.275,0.221,0.280,0.181,0.164,0.563,0.616,1.311,1.144,1.271,1.800,0.054,1.894,0.019,0.046,0.000,0.014,0.019,0.103,0.105,0.199,0.130,0.091,0.108,0.240,0.017,0.007,0.038,0.058,0.004,1.424,0.070,0.095,0.204,0.181,0.037,0.041,0.048,0.027,0.028,0.028,0.090,0.078,0.043,0.009,0.037
0.467,0.338,0.241,0.094,0.650,1.013,0.382,0.374,0.309,0.354,0.352,0.269,0.066,0.144,0.253,0.083,0.323,0.482,0.443,0.468,0.111,3.294,3.018,2.352,0.438,0.394,0.719,3.043,1.539,1.852,0.399,0.031,0.015,0.045,0.010,0.202,0.050,0.091,0.140,0.175,0.119,0.230,0.251,0.174,0.214,0.130,0.092,0.672,0.676,1.325,1.288,1.010,1.961,0.629,2.168,0.021,0.064,0.014,0.000,0.010,0.082,0.122,0.215,0.160,0.106,0.103,0.187,0.004,0.002,0.040,0.047,0.011,1.487,0.111,0.133,0.276,0.260,0.086,0.082,0.032,0.025,0.027,0.000,0.100,0.109,0.077,0.052,0.004
0.410,0.312,0.171,0.204,0.619,1.019,0.376,0.384,0.339,0.396,0.433,0.382,0.270,0.083,0.120,0.359,0.427,0.506,0.461,0.467,0.139,3.561,3.379,2.834,0.516,0.456,0.741,3.382,1.655,1.778,0.660,0.112,0.093,0.034,0.100,0.112,0.011,0.016,0.053,0.098,0.067,0.201,0.228,0.123,0.117,0.049,0.008,0.791,0.748,1.517,1.342,0.646,2.437,1.407,2.600,0.019,0.073,0.019,0.010,0.000,0.035,0.140,0.208,0.212,0.150,0.161,0.136,0.041,0.036,0.005,0.006,0.060,1.597,0.176,0.189,0.379,0.371,0.166,0.163,0.029,0.041,0.030,0.018,0.051,0.080,0.063,0.046,0.032
0.178,0.225,0.084,0.418,0.171,0.750,0.300,0.318,0.285,0.324,0.357,0.334,0.286,0.131,0.232,0.368,0.396,0.404,0.370,0.355,0.089,3.794,3.308,3.185,0.564,0.456,0.679,3.509,1.583,1.529,0.700,0.049,0.012,0.009,0.041,0.149,0.008,0.020,0.066,0.119,0.093,0.213,0.233,0.146,0.131,0.079,0.135,0.630,0.585,1.382,1.073,1.005,2.197,0.817,2.471,0.117,0.051,0.103,0.082,0.035,0.000,0.011,0.100,0.133,0.089,0.138,0.126,0.058,0.079,0.044,0.065,0.111,1.523,0.219,0.236,0.416,0.392,0.161,0.157,0.073,0.080,0.070,0.058,0.009,0.024,0.025,0.011,0.047
0.108,0.049,0.135,0.615,0.031,0.717,0.356,0.383,0.352,0.380,0.408,0.404,0.402,0.298,0.384,0.407,0.421,0.416,0.396,0.379,0.154,3.982,3.338,3.504,0.705,0.562,0.732,3.680,1.640,1.463,0.854,0.119,0.073,0.076,0.134,0.021,0.084,0.117,0.070,0.011,0.010,0.144,0.173,0.065,0.039,0.009,0.102,0.657,0.598,1.420,0.938,1.060,2.160,0.817,2.490,0.105,0.057,0.105,0.122,0.140,0.011,0.000,0.044,0.141,0.062,0.082,0.022,0.006,0.023,0.007,0.024,0.067,1.430,0.192,0.210,0.417,0.390,0.111,0.101,0.026,0.021,0.010,0.024,0.041,0.083,0.090,0.068,0.099
0.367,0.079,0.285,0.684,0.299,0.557,0.340,0.378,0.340,0.362,0.375,0.385,0.395,0.293,0.248,0.290,0.310,0.318,0.306,0.310,0.100,3.807,2.761,3.260,0.686,0.508,0.665,3.385,1.458,1.361,0.632,0.017,0.039,0.010,0.010,0.121,0.027,0.050,0.008,0.091,0.071,0.175,0.206,0.124,0.126,0.096,0.222,0.507,0.455,1.120,0.777,1.493,1.591,0.035,2.145,0.181,0.159,0.199,0.215,0.208,0.100,0.044,0.000,0.044,0.030,0.053,0.003,0.035,0.014,0.004,0.017,0.061,1.290,0.184,0.211,0.395,0.355,0.053,0.035,0.004,0.038,0.032,0.047,0.060,0.095,0.094,0.067,0.073
0.834,0.396,0.637,1.102,0.884,0.545,0.473,0.523,0.471,0.483,0.454,0.421,0.412,0.202,0.179,0.290,0.357,0.385,0.391,0.414,0.278,4.010,2.634,3.515,0.913,0.692,0.787,3.502,1.513,1.270,0.770,0.074,0.015,0.022,0.010,0.167,0.174,0.013,0.136,0.295,0.237,0.302,0.314,0.183,0.140,0.077,0.212,0.480,0.466,1.133,0.325,1.915,1.126,0.608,1.784,0.066,0.066,0.130,0.160,0.212,0.133,0.141,0.044,0.000,0.017,0.133,0.062,0.092,0.067,0.077,0.082,0.049,0.978,0.069,0.094,0.284,0.248,0.104,0.124,0.129,0.181,0.155,0.195,0.151,0.196,0.179,0.159,0.110
0.703,0.318,0.509,1.123,0.817,0.532,0.422,0.454,0.407,0.400,0.373,0.328,0.337,0.173,0.217,0.303,0.373,0.378,0.394,0.393,0.292,4.228,3.060,3.868,0.949,0.738,0.810,3.774,1.612,1.189,0.978,0.135,0.076,0.077,0.051,0.111,0.148,0.050,0.092,0.294,0.228,0.294,0.292,0.148,0.076,0.013,0.160,0.514,0.500,1.312,0.311,1.674,1.487,0.247,1.946,0.042,0.034,0.091,0.106,0.150,0.089,0.062,0.030,0.017,0.000,0.032,0.137,0.072,0.047,0.065,0.055,0.028,1.022,0.081,0.101,0.296,0.260,0.072,0.084,0.088,0.110,0.101,0.152,0.101,0.145,0.148,0.118,0.111
0.816,0.396,0.572,1.327,1.145,0.408,0.401,0.450,0.399,0.389,0.343,0.257,0.277,0.102,0.121,0.217,0.319,0.332,0.348,0.362,0.328,4.268,2.911,3.944,0.979,0.736,0.756,3.699,1.511,0.940,0.957,0.020,0.030,0.069,0.162,0.361,0.557,0.307,0.467,0.685,0.561,0.564,0.518,0.372,0.245,0.154,0.294,0.308,0.349,1.198,0.032,1.827,1.241,0.686,1.671,0.045,0.035,0.108,0.103,0.161,0.138,0.082,0.053,0.133,0.032,0.000,0.026,0.033,0.030,0.029,0.014,0.035,0.889,0.134,0.154,0.339,0.307,0.042,0.055,0.031,0.065,0.045,0.123,0.035,0.107,0.140,0.153,0.145
0.370,0.046,0.125,0.922,0.667,0.173,0.134,0.111,0.034,0.006,0.044,0.120,0.066,0.145,0.088,0.046,0.026,0.032,0.091,0.090,0.070,4.126,3.056,3.871,0.779,0.587,0.649,3.668,1.429,0.855,0.889,0.008,0.074,0.039,0.130,0.228,0.100,0.016,0.079,0.196,0.128,0.186,0.191,0.154,0.134,0.084,0.297,0.283,0.270,1.135,0.301,1.490,1.633,0.375,1.858,0.227,0.229,0.240,0.187,0.136,0.126,0.022,0.003,0.062,0.137,0.026,0.000,0.017,0.103,0.038,0.077,0.086,1.097,0.155,0.180,0.318,0.246,0.019,0.018,0.024,0.034,0.024,0.040,0.047,0.066,0.029,0.141,0.059
0.446,0.230,0.232,1.289,1.053,0.328,0.327,0.313,0.237,0.202,0.151,0.045,0.078,0.036,0.005,0.085,0.209,0.237,0.302,0.311,0.364,4.421,3.398,4.327,1.005,0.791,0.794,3.909,1.600,0.791,1.203,0.074,0.039,0.046,0.236,0.365,0.288,0.271,0.388,0.519,0.491,0.510,0.436,0.368,0.213,0.106,0.249,0.238,0.324,1.343,0.158,1.594,1.393,0.681,1.426,0.024,0.024,0.017,0.004,0.041,0.058,0.006,0.035,0.092,0.072,0.033,0.017,0.000,0.001,0.002,0.003,0.010,0.827,0.081,0.102,0.256,0.212,0.071,0.070,0.031,0.013,0.017,0.080,0.020,0.078,0.147,0.096,0.098
0.057,0.019,0.024,1.149,0.914,0.327,0.334,0.280,0.174,0.139,0.079,0.033,0.023,0.124,0.111,0.034,0.114,0.175,0.273,0.311,0.380,4.451,3.727,4.367,0.929,0.748,0.793,3.905,1.650,0.900,1.186,0.016,0.038,0.234,0.488,0.389,0.207,0.229,0.336,0.434,0.417,0.481,0.435,0.428,0.339,0.228,0.332,0.118,0.263,1.368,0.168,1.546,1.373,0.879,1.186,0.038,0.031,0.007,0.002,0.036,0.079,0.023,0.014,0.067,0.047,0.030,0.103,0.001,0.000,0.004,0.015,0.009,0.899,0.075,0.100,0.227,0.179,0.060,0.057,0.036,0.012,0.019,0.049,0.080,0.115,0.137,0.095,0.079
0.254,0.162,0.246,1.084,0.804,0.214,0.187,0.122,0.042,0.032,0.000,0.088,0.054,0.121,0.106,0.058,0.061,0.092,0.159,0.206,0.388,4.139,3.677,4.351,0.977,0.830,0.814,4.055,1.659,0.488,1.538,0.027,0.048,0.196,0.269,0.210,0.103,0.144,0.254,0.343,0.351,0.412,0.342,0.342,0.253,0.174,0.267,0.036,0.171,1.432,0.402,1.091,1.481,0.630,0.878,0.078,0.058,0.038,0.040,0.005,0.044,0.007,0.004,0.077,0.065,0.029,0.038,0.002,0.004,0.000,0.028,0.019,0.761,0.057,0.084,0.194,0.134,0.058,0.039,0.006,0.089,0.066,0.027,0.013,0.030,0.090,0.068,0.081
0.736,0.406,0.440,0.972,0.731,0.216,0.223,0.141,0.049,0.048,0.004,0.085,0.078,0.148,0.163,0.113,0.021,0.068,0.128,0.229,0.487,3.686,3.380,3.341,0.935,0.843,0.840,3.985,1.719,0.400,1.639,0.264,0.125,0.370,0.314,0.256,0.128,0.176,0.283,0.366,0.379,0.459,0.402,0.410,0.373,0.350,0.375,0.385,0.030,1.382,0.663,0.928,1.189,0.998,0.231,0.135,0.095,0.058,0.047,0.006,0.065,0.024,0.017,0.082,0.055,0.014,0.077,0.003,0.015,0.028,0.000,0.035,0.675,0.068,0.103,0.179,0.124,0.027,0.004,0.003,0.069,0.044,0.010,0.103,0.099,0.127,0.112,0.098
1.183,0.554,0.598,0.754,0.515,0.073,0.092,0.031,0.039,0.044,0.082,0.154,0.148,0.203,0.226,0.190,0.062,0.036,0.007,0.098,0.413,2.621,2.484,1.790,0.904,0.967,0.884,3.460,1.420,0.234,1.307,0.335,0.122,0.313,0.275,0.227,0.112,0.146,0.233,0.323,0.330,0.418,0.376,0.382,0.369,0.357,0.365,0.689,0.267,1.162,0.810,0.271,1.164,0.631,0.112,0.078,0.033,0.004,0.011,0.060,0.111,0.067,0.061,0.049,0.028,0.035,0.086,0.010,0.009,0.019,0.035,0.000,0.224,0.027,0.074,0.118,0.034,0.066,0.025,0.027,0.077,0.022,0.015,0.094,0.073,0.107,0.081,0.060
0.167,0.195,0.313,0.635,0.300,0.357,0.172,0.102,0.553,0.614,0.866,1.041,1.209,1.385,1.587,1.501,1.194,1.038,0.912,0.412,0.361,1.734,1.142,0.202,1.952,2.336,1.939,1.803,1.193,0.094,0.911,2.212,1.798,1.731,1.550,1.485,1.183,0.961,0.969,1.254,1.208,1.494,1.686,1.730,1.977,2.055,2.184,2.687,2.075,0.043,0.396,0.773,1.515,0.141,0.353,1.223,1.274,1.424,1.487,1.597,1.523,1.430,1.290,0.978,1.022,0.889,1.097,0.827,0.899,0.761,0.675,0.224,0.000,0.025,0.243,0.010,0.107,0.831,0.770,1.058,1.079,0.503,0.381,0.002,0.194,0.374,0.594,0.909
1.864,0.696,0.768,0.222,0.115,0.122,0.045,0.010,0.081,0.088,0.134,0.198,0.226,0.288,0.334,0.290,0.136,0.099,0.051,0.050,0.322,1.175,1.838,0.252,0.439,0.920,1.068,1.721,0.809,0.329,0.642,0.288,0.091,0.294,0.256,0.248,0.136,0.148,0.201,0.307,0.307,0.432,0.422,0.414,0.431,0.419,0.319,1.013,0.446,0.987,0.425,1.305,1.556,0.833,0.294,0.028,0.025,0.070,0.111,0.176,0.219,0.192,0.184,0.069,0.081,0.134,0.155,0.081,0.075,0.057,0.068,0.027,0.025,0.000,0.017,0.065,0.046,0.104,0.253,0.009,0.079,0.035,0.023,0.064,0.046,0.068,0.031,0.015
2.196,0.792,0.943,0.074,0.336,0.003,0.063,0.104,0.155,0.165,0.204,0.253,0.282,0.331,0.377,0.343,0.197,0.174,0.135,0.055,0.194,0.298,1.217,0.554,0.054,0.565,0.779,0.290,0.211,0.573,0.227,0.301,0.129,0.294,0.260,0.247,0.140,0.160,0.201,0.293,0.283,0.397,0.392,0.387,0.414,0.397,0.288,1.064,0.591,0.558,0.349,1.768,1.324,0.938,0.583,0.016,0.064,0.095,0.133,0.189,0.236,0.210,0.211,0.094,0.101,0.154,0.180,0.102,0.100,0.084,0.103,0.074,0.243,0.017,0.000,0.193,0.248,0.239,0.319,0.074,0.139,0.084,0.092,0.020,0.001,0.029,0.005,0.046
