i,j,partner_a,partner_b,kind
4,8,I4,H8,helix
9,13,N9,H13,helix
16,20,S16,V20,helix
20,24,V20,R24,helix
21,25,E21,K25,helix
27,31,L27,H31,helix
2,7,S2,M7,sheet
2,10,S2,L10,sheet
5,10,Q5,L10,sheet
5,12,Q5,K12,sheet
7,12,M7,K12,sheet
10,15,L10,N15,sheet
10,18,L10,E18,sheet
12,18,K12,E18,sheet
18,23,E18,L23,sheet
23,28,L23,Q28,sheet
28,34,Q28,V34,sheet
