0.000,0.155,0.025,0.286,0.199,0.319,0.229,0.043,0.218,0.135,0.098,0.115,0.021,0.114,0.211,0.227,0.257,0.270,0.219,0.772,0.477,0.761,0.372,0.447,0.358,0.121,0.112,0.179,0.398,0.439,0.253,0.476,0.372,0.509,0.106,0.272,0.246,0.485,0.154,0.284,0.264,0.293,0.382,0.289,0.353,0.214,0.121,0.142,0.035,0.100,0.103,0.334,0.093,0.346,0.055,0.129,0.431,0.226,0.174,0.015,0.138,0.010,0.091,0.221,0.198,0.002,0.206,0.258,0.091,0.235,0.171,0.177,0.056,0.016,0.670,0.507,0.029,0.120,0.054,0.048,0.070,0.107,0.263,0.182,0.222,0.013,0.027,0.191,0.297,0.067,0.010,0.094,0.069,0.078,0.063,0.132,0.038,0.033,0.490,0.503,0.896,0.599
0.155,0.000,0.070,0.105,0.049,0.106,0.299,0.249,0.024,0.166,0.238,0.172,0.207,0.096,0.024,0.059,0.176,0.280,0.230,0.880,0.678,0.928,0.422,0.433,0.375,0.038,0.017,0.075,0.313,0.433,0.161,0.563,0.370,0.413,0.103,0.284,0.320,0.506,0.136,0.272,0.307,0.335,0.522,0.366,0.378,0.218,0.105,0.085,0.089,0.073,0.029,0.283,0.086,0.294,0.039,0.095,0.306,0.203,0.046,0.179,0.228,0.159,0.258,0.427,0.340,0.172,0.408,0.460,0.245,0.410,0.351,0.304,0.033,0.099,0.581,0.418,0.149,0.011,0.032,0.220,0.242,0.148,0.400,0.408,0.107,0.264,0.261,0.090,0.586,0.217,0.189,0.303,0.204,0.014,0.043,0.069,0.315,0.240,0.326,0.415,0.820,0.395
0.025,0.070,0.000,0.022,0.031,0.003,0.181,0.269,0.032,0.298,0.310,0.244,0.308,0.196,0.069,0.073,0.099,0.166,0.103,0.758,0.615,0.908,0.350,0.339,0.288,0.076,0.137,0.046,0.173,0.282,0.007,0.429,0.098,0.194,0.274,0.124,0.186,0.379,0.018,0.147,0.169,0.200,0.428,0.243,0.270,0.125,0.000,0.005,0.159,0.038,0.016,0.201,0.022,0.237,0.018,0.024,0.178,0.145,0.131,0.127,0.195,0.166,0.241,0.348,0.249,0.176,0.407,0.402,0.215,0.429,0.368,0.313,0.046,0.142,0.487,0.281,0.240,0.104,0.084,0.298,0.290,0.211,0.351,0.364,0.119,0.200,0.168,0.046,0.505,0.162,0.086,0.155,0.132,0.020,0.122,0.084,0.407,0.192,0.434,0.596,0.906,0.489
0.286,0.105,0.022,0.000,0.036,0.023,0.346,0.295,0.075,0.280,0.334,0.288,0.319,0.226,0.119,0.088,0.088,0.067,0.073,0.695,0.558,0.935,0.412,0.366,0.237,0.110,0.216,0.082,0.221,0.244,0.058,0.475,0.114,0.344,0.150,0.246,0.235,0.412,0.008,0.119,0.160,0.160,0.371,0.161,0.209,0.105,0.059,0.034,0.099,0.099,0.072,0.280,0.092,0.303,0.073,0.161,0.397,0.317,0.239,0.252,0.082,0.090,0.049,0.080,0.018,0.075,0.340,0.266,0.140,0.375,0.308,0.304,0.006,0.173,0.389,0.077,0.312,0.186,0.174,0.435,0.379,0.271,0.344,0.312,0.124,0.148,0.045,0.004,0.388,0.143,0.090,0.094,0.045,0.230,0.354,0.091,0.266,0.227,0.400,0.623,0.893,0.508
0.199,0.049,0.031,0.036,0.000,0.237,0.376,0.216,0.048,0.033,0.171,0.167,0.181,0.034,0.029,0.077,0.183,0.163,0.179,0.757,0.547,0.963,0.547,0.521,0.307,0.034,0.120,0.005,0.333,0.331,0.180,0.557,0.152,0.410,0.127,0.172,0.160,0.314,0.121,0.057,0.139,0.162,0.336,0.185,0.235,0.136,0.077,0.042,0.093,0.057,0.072,0.276,0.046,0.222,0.004,0.105,0.380,0.273,0.298,0.283,0.054,0.054,0.099,0.106,0.013,0.158,0.405,0.305,0.201,0.418,0.366,0.412,0.115,0.292,0.218,0.116,0.394,0.218,0.235,0.494,0.412,0.321,0.400,0.359,0.212,0.172,0.095,0.112,0.404,0.248,0.031,0.143,0.114,0.175,0.270,0.233,0.045,0.071,0.439,0.599,0.867,0.558
0.319,0.106,0.003,0.023,0.237,0.000,0.277,0.126,0.061,0.271,0.281,0.248,0.346,0.243,0.142,0.142,0.035,0.069,0.031,0.497,0.373,0.826,0.384,0.326,0.134,0.171,0.296,0.172,0.147,0.109,0.018,0.381,0.115,0.205,0.221,0.081,0.070,0.226,0.191,0.052,0.003,0.002,0.201,0.005,0.077,0.013,0.189,0.027,0.139,0.082,0.069,0.222,0.034,0.236,0.014,0.106,0.299,0.293,0.250,0.375,0.184,0.128,0.032,0.088,0.222,0.042,0.259,0.106,0.035,0.341,0.283,0.286,0.010,0.232,0.202,0.191,0.426,0.278,0.226,0.481,0.371,0.277,0.173,0.130,0.044,0.096,0.200,0.165,0.046,0.076,0.306,0.392,0.232,0.311,0.429,0.071,0.156,0.120,0.439,0.714,0.879,0.612
0.229,0.299,0.181,0.346,0.376,0.277,0.000,0.195,0.515,0.689,0.007,0.036,0.190,0.504,0.502,0.525,0.688,0.589,0.555,0.990,0.885,1.489,1.163,1.151,0.803,0.563,0.242,0.331,0.665,0.648,0.466,0.816,0.142,0.391,0.132,0.031,0.142,0.275,0.141,0.138,0.290,0.395,0.623,0.533,0.590,0.510,0.161,0.298,0.153,0.221,0.290,0.445,0.156,0.216,0.011,0.066,0.251,0.212,0.123,0.081,0.150,0.103,0.216,0.258,0.000,0.270,0.454,0.289,0.200,0.357,0.366,0.501,0.188,0.334,0.059,0.296,0.384,0.109,0.105,0.526,0.352,0.449,0.320,0.423,0.605,0.433,0.428,0.644,0.672,0.515,0.318,0.266,0.217,0.005,0.040,0.297,0.001,0.003,0.405,0.463,0.565,0.401
0.043,0.249,0.269,0.295,0.216,0.126,0.195,0.000,0.001,0.367,0.093,0.023,0.010,0.156,0.180,0.218,0.222,0.011,0.068,0.432,0.317,0.837,0.576,0.602,0.268,0.131,0.073,0.034,0.391,0.223,0.188,0.412,0.068,0.293,0.188,0.001,0.002,0.143,0.287,0.070,0.027,0.052,0.189,0.066,0.177,0.174,0.122,0.138,0.051,0.180,0.250,0.364,0.107,0.232,0.025,0.132,0.364,0.280,0.395,0.465,0.204,0.203,0.078,0.205,0.433,0.039,0.221,0.059,0.036,0.230,0.199,0.336,0.056,0.312,0.013,0.486,0.462,0.243,0.254,0.569,0.377,0.324,0.128,0.065,0.213,0.115,0.157,0.138,0.003,0.118,0.141,0.190,0.004,0.122,0.150,0.341,0.323,0.120,0.550,0.693,0.768,0.678
0.218,0.024,0.032,0.075,0.048,0.061,0.515,0.001,0.000,0.048,0.274,0.240,0.275,0.082,0.033,0.001,0.168,0.007,0.090,0.439,0.377,0.891,0.604,0.551,0.234,0.002,0.244,0.114,0.264,0.167,0.105,0.446,0.135,0.195,0.151,0.010,0.018,0.121,0.306,0.125,0.013,0.006,0.205,0.034,0.119,0.092,0.198,0.028,0.063,0.127,0.148,0.263,0.058,0.189,0.000,0.100,0.262,0.289,0.284,0.407,0.215,0.130,0.051,0.142,0.347,0.077,0.240,0.024,0.001,0.325,0.295,0.337,0.061,0.319,0.028,0.497,0.533,0.348,0.277,0.591,0.412,0.386,0.070,0.066,0.170,0.124,0.207,0.061,0.066,0.092,0.276,0.352,0.258,0.257,0.360,0.084,0.019,0.047,0.350,0.559,0.606,0.521
0.135,0.166,0.298,0.280,0.033,0.271,0.689,0.367,0.048,0.000,0.185,0.146,0.091,0.050,0.048,0.066,0.058,0.393,0.284,0.076,0.025,0.545,0.281,0.302,0.009,0.147,0.268,0.165,0.108,0.146,0.112,0.066,0.477,0.017,0.379,0.164,0.162,0.009,0.360,0.209,0.199,0.204,0.043,0.240,0.052,0.013,0.248,0.074,0.012,0.239,0.275,0.291,0.085,0.264,0.036,0.098,0.214,0.255,0.258,0.494,0.281,0.254,0.216,0.384,0.642,0.154,0.038,0.374,0.333,0.031,0.000,0.083,0.137,0.152,0.056,0.473,0.410,0.224,0.121,0.388,0.145,0.097,0.316,0.333,0.143,0.528,0.515,0.198,0.284,0.270,0.406,0.396,0.288,0.240,0.263,0.227,0.090,0.114,0.636,0.882,0.810,0.819
0.098,0.238,0.310,0.334,0.171,0.281,0.007,0.093,0.274,0.185,0.000,0.086,0.131,0.051,0.007,0.021,0.016,0.268,0.156,0.137,0.095,0.620,0.385,0.401,0.041,0.068,0.274,0.144,0.217,0.023,0.008,0.211,0.261,0.151,0.259,0.068,0.094,0.040,0.386,0.204,0.124,0.133,0.003,0.158,0.021,0.033,0.268,0.070,0.024,0.188,0.256,0.316,0.086,0.220,0.029,0.132,0.337,0.278,0.420,0.560,0.312,0.296,0.189,0.387,0.647,0.059,0.088,0.286,0.189,0.140,0.106,0.251,0.007,0.309,0.113,0.674,0.536,0.349,0.326,0.646,0.400,0.320,0.072,0.165,0.086,0.367,0.385,0.010,0.225,0.052,0.281,0.289,0.093,0.155,0.184,0.331,0.339,0.153,0.600,0.788,0.784,0.763
0.115,0.172,0.244,0.288,0.167,0.248,0.036,0.023,0.240,0.146,0.086,0.000,0.100,0.056,0.080,0.208,0.071,0.183,0.041,0.154,0.124,0.600,0.453,0.491,0.114,0.086,0.137,0.006,0.386,0.092,0.170,0.303,0.125,0.259,0.074,0.017,0.008,0.104,0.310,0.111,0.004,0.009,0.092,0.044,0.092,0.183,0.147,0.237,0.213,0.357,0.444,0.479,0.251,0.327,0.172,0.273,0.437,0.397,0.536,0.634,0.444,0.403,0.312,0.482,0.812,0.163,0.074,0.444,0.343,0.013,0.017,0.133,0.119,0.215,0.128,0.731,0.462,0.267,0.236,0.581,0.296,0.267,0.321,0.323,0.073,0.392,0.427,0.058,0.321,0.207,0.328,0.308,0.183,0.206,0.244,0.210,0.329,0.082,0.419,0.558,0.473,0.585
0.021,0.207,0.308,0.319,0.181,0.346,0.190,0.010,0.275,0.091,0.131,0.100,0.000,0.038,0.148,0.204,0.026,0.284,0.175,0.036,0.051,0.407,0.289,0.384,0.066,0.049,0.052,0.004,0.312,0.004,0.041,0.141,0.311,0.039,0.209,0.166,0.133,0.017,0.380,0.167,0.092,0.082,0.016,0.095,0.082,0.167,0.133,0.206,0.149,0.341,0.387,0.409,0.190,0.288,0.097,0.151,0.215,0.271,0.264,0.407,0.294,0.213,0.192,0.294,0.617,0.124,0.065,0.325,0.359,0.003,0.010,0.041,0.162,0.113,0.006,0.517,0.355,0.118,0.027,0.238,0.000,0.040,0.452,0.322,0.075,0.402,0.412,0.142,0.248,0.343,0.308,0.259,0.218,0.120,0.175,0.223,0.350,0.182,0.472,0.617,0.490,0.666
0.114,0.096,0.196,0.226,0.034,0.243,0.504,0.156,0.082,0.050,0.051,0.056,0.038,0.000,0.090,0.007,0.074,0.321,0.167,0.082,0.014,0.542,0.409,0.447,0.070,0.020,0.244,0.139,0.159,0.106,0.047,0.133,0.426,0.039,0.249,0.172,0.148,0.048,0.407,0.241,0.166,0.163,0.007,0.167,0.001,0.095,0.228,0.115,0.070,0.280,0.316,0.309,0.121,0.224,0.043,0.100,0.154,0.254,0.221,0.423,0.279,0.192,0.177,0.308,0.611,0.088,0.027,0.328,0.316,0.047,0.049,0.106,0.103,0.187,0.097,0.656,0.469,0.268,0.114,0.404,0.125,0.182,0.404,0.300,0.011,0.409,0.420,0.141,0.253,0.297,0.346,0.339,0.289,0.205,0.274,0.126,0.101,0.080,0.422,0.607,0.436,0.603
0.211,0.024,0.069,0.119,0.029,0.142,0.502,0.180,0.033,0.048,0.007,0.080,0.148,0.090,0.000,0.050,0.027,0.233,0.051,0.078,0.019,0.443,0.412,0.435,0.021,0.060,0.314,0.130,0.192,0.086,0.058,0.187,0.323,0.026,0.069,0.090,0.079,0.049,0.392,0.254,0.127,0.144,0.005,0.167,0.027,0.121,0.245,0.161,0.155,0.358,0.405,0.353,0.197,0.240,0.118,0.185,0.208,0.337,0.331,0.515,0.410,0.281,0.278,0.409,0.736,0.148,0.149,0.439,0.411,0.046,0.009,0.042,0.150,0.174,0.241,0.876,0.514,0.342,0.114,0.412,0.063,0.187,0.581,0.405,0.028,0.456,0.492,0.219,0.379,0.414,0.426,0.421,0.373,0.280,0.369,0.014,0.054,0.016,0.213,0.343,0.079,0.391
0.227,0.059,0.073,0.088,0.077,0.142,0.525,0.218,0.001,0.066,0.021,0.208,0.204,0.007,0.050,0.000,0.182,0.377,0.169,0.289,0.231,0.064,0.055,0.072,0.223,0.174,0.130,0.066,0.146,0.214,0.009,0.027,0.392,0.050,0.046,0.122,0.098,0.045,0.312,0.197,0.148,0.188,0.097,0.280,0.067,0.126,0.157,0.255,0.231,0.501,0.516,0.430,0.293,0.373,0.222,0.248,0.183,0.377,0.286,0.504,0.474,0.326,0.379,0.463,0.786,0.325,0.355,0.552,0.623,0.254,0.216,0.245,0.384,0.108,0.043,0.524,0.228,0.024,0.274,0.110,0.386,0.204,0.838,0.585,0.312,0.618,0.647,0.422,0.482,0.663,0.545,0.481,0.487,0.325,0.400,0.108,0.002,0.023,0.158,0.274,0.071,0.389
0.257,0.176,0.099,0.088,0.183,0.035,0.688,0.222,0.168,0.058,0.016,0.071,0.026,0.074,0.027,0.182,0.000,0.050,0.035,0.048,0.061,0.472,0.407,0.395,0.047,0.105,0.306,0.342,0.050,0.109,0.116,0.195,0.429,0.174,0.171,0.221,0.211,0.189,0.524,0.399,0.284,0.267,0.050,0.201,0.099,0.090,0.390,0.150,0.227,0.044,0.017,0.045,0.090,0.028,0.134,0.069,0.071,0.144,0.024,0.253,0.185,0.019,0.034,0.117,0.324,0.073,0.074,0.068,0.124,0.278,0.286,0.217,0.040,0.293,0.172,0.639,0.586,0.378,0.148,0.308,0.103,0.184,0.318,0.196,0.063,0.367,0.395,0.305,0.292,0.442,0.406,0.448,0.447,0.255,0.397,0.142,0.088,0.022,0.130,0.280,0.099,0.388
0.270,0.280,0.166,0.067,0.163,0.069,0.589,0.011,0.007,0.393,0.268,0.183,0.284,0.321,0.233,0.377,0.050,0.000,0.098,0.015,0.301,0.788,0.482,0.193,0.209,0.290,0.274,0.206,0.057,0.004,0.167,0.303,0.361,0.137,0.070,0.052,0.043,0.116,0.163,0.061,0.007,0.016,0.324,0.065,0.154,0.093,0.094,0.016,0.083,0.230,0.130,0.207,0.126,0.263,0.089,0.109,0.031,0.289,0.013,0.214,0.211,0.029,0.074,0.071,0.259,0.031,0.055,0.013,0.156,0.201,0.188,0.052,0.158,0.023,0.236,0.117,0.294,0.154,0.083,0.143,0.039,0.113,0.244,0.100,0.066,0.238,0.321,0.318,0.132,0.428,0.393,0.388,0.434,0.329,0.489,0.325,0.534,0.281,0.106,0.061,0.149,0.089
0.219,0.230,0.103,0.073,0.179,0.031,0.555,0.068,0.090,0.284,0.156,0.041,0.175,0.167,0.051,0.169,0.035,0.098,0.000,0.010,0.132,0.545,0.144,0.134,0.191,0.161,0.102,0.084,0.003,0.100,0.183,0.247,0.441,0.202,0.182,0.140,0.035,0.095,0.154,0.033,0.036,0.011,0.254,0.052,0.180,0.097,0.044,0.036,0.091,0.219,0.123,0.208,0.099,0.276,0.059,0.063,0.021,0.235,0.100,0.145,0.152,0.014,0.055,0.039,0.211,0.060,0.020,0.021,0.189,0.158,0.136,0.005,0.194,0.041,0.363,0.070,0.185,0.018,0.181,0.018,0.085,0.037,0.275,0.146,0.183,0.303,0.355,0.373,0.148,0.481,0.400,0.376,0.447,0.298,0.435,0.309,0.529,0.194,0.021,0.236,0.093,0.312
0.772,0.880,0.758,0.695,0.757,0.497,0.990,0.432,0.439,0.076,0.137,0.154,0.036,0.082,0.078,0.289,0.048,0.015,0.010,0.000,0.016,0.181,0.455,0.351,0.122,0.423,0.255,0.208,0.189,0.146,0.145,0.093,0.469,0.071,0.039,0.114,0.106,0.245,0.030,0.010,0.141,0.173,0.039,0.289,0.106,0.190,0.180,0.105,0.237,0.174,0.063,0.112,0.055,0.377,0.136,0.173,0.125,0.433,0.101,0.459,0.435,0.243,0.338,0.357,0.425,0.316,0.224,0.251,0.373,0.029,0.010,0.192,0.370,0.183,0.582,0.295,0.104,0.018,0.220,0.121,0.178,0.245,0.441,0.415,0.572,0.658,0.748,0.868,0.524,0.839,0.845,0.859,0.873,0.754,0.943,0.883,1.239,0.692,0.406,0.000,0.083,0.144
0.477,0.678,0.615,0.558,0.547,0.373,0.885,0.317,0.377,0.025,0.095,0.124,0.051,0.014,0.019,0.231,0.061,0.301,0.132,0.016,0.000,0.092,0.393,0.266,0.004,0.262,0.160,0.230,0.405,0.164,0.281,0.264,0.878,0.571,0.320,0.338,0.296,0.185,0.254,0.280,0.437,0.353,0.095,0.271,0.142,0.303,0.290,0.351,0.532,0.145,0.266,0.265,0.311,0.015,0.270,0.286,0.464,0.037,0.477,0.048,0.027,0.257,0.069,0.069,0.025,0.040,0.046,0.070,0.081,0.289,0.286,0.071,0.049,0.053,0.329,0.183,0.266,0.116,0.144,0.084,0.114,0.087,0.261,0.181,0.336,0.431,0.449,0.603,0.264,0.590,0.516,0.558,0.591,0.377,0.575,0.638,0.921,0.383,0.447,0.330,0.227,0.084
0.761,0.928,0.908,0.935,0.963,0.826,1.489,0.837,0.891,0.545,0.620,0.600,0.407,0.542,0.443,0.064,0.472,0.788,0.545,0.181,0.092,0.000,0.029,0.052,0.153,0.002,0.026,0.115,0.363,0.143,0.049,0.038,0.968,0.508,0.267,0.393,0.453,0.393,0.414,0.502,0.722,0.641,0.486,0.660,0.337,0.457,0.461,0.425,0.616,0.185,0.234,0.375,0.448,0.094,0.378,0.351,0.513,0.008,0.336,0.204,0.135,0.126,0.134,0.220,0.267,0.115,0.215,0.258,0.320,0.107,0.148,0.022,0.083,0.076,0.138,0.097,0.329,0.113,0.250,0.225,0.356,0.293,0.631,0.561,0.623,0.852,0.812,0.891,0.676,0.901,0.838,0.939,0.962,0.646,0.827,0.842,1.068,0.439,0.447,0.334,0.434,0.003
0.372,0.422,0.350,0.412,0.547,0.384,1.163,0.576,0.604,0.281,0.385,0.453,0.289,0.409,0.412,0.055,0.407,0.482,0.144,0.455,0.393,0.029,0.000,0.103,0.204,0.051,0.068,0.077,0.294,0.343,0.196,0.268,0.999,0.555,0.417,0.481,0.457,0.351,0.443,0.420,0.565,0.506,0.305,0.495,0.164,0.178,0.300,0.179,0.322,0.040,0.010,0.121,0.221,0.023,0.238,0.249,0.415,0.002,0.321,0.131,0.074,0.120,0.078,0.152,0.313,0.092,0.153,0.262,0.351,0.042,0.073,0.047,0.136,0.027,0.129,0.179,0.275,0.036,0.285,0.188,0.344,0.221,0.616,0.473,0.425,0.679,0.629,0.582,0.449,0.689,0.591,0.625,0.682,0.388,0.507,0.418,0.629,0.115,0.030,0.186,0.108,0.379
0.447,0.433,0.339,0.366,0.521,0.326,1.151,0.602,0.551,0.302,0.401,0.491,0.384,0.447,0.435,0.072,0.395,0.193,0.134,0.351,0.266,0.052,0.103,0.000,0.047,0.105,0.065,0.074,0.239,0.342,0.062,0.080,0.749,0.358,0.182,0.308,0.303,0.271,0.394,0.399,0.471,0.474,0.290,0.586,0.259,0.166,0.319,0.094,0.186,0.186,0.146,0.006,0.072,0.119,0.082,0.070,0.226,0.177,0.072,0.336,0.288,0.075,0.248,0.341,0.546,0.217,0.300,0.441,0.504,0.102,0.052,0.159,0.245,0.034,0.038,0.376,0.276,0.054,0.333,0.218,0.430,0.256,0.797,0.612,0.461,0.771,0.744,0.635,0.582,0.790,0.689,0.706,0.744,0.477,0.595,0.445,0.549,0.198,0.088,0.020,0.372,0.184
0.358,0.375,0.288,0.237,0.307,0.134,0.803,0.268,0.234,0.009,0.041,0.114,0.066,0.070,0.021,0.223,0.047,0.209,0.191,0.122,0.004,0.153,0.204,0.047,0.000,0.165,0.166,0.282,0.355,0.223,0.089,0.101,0.478,0.296,0.021,0.207,0.173,0.215,0.398,0.380,0.317,0.322,0.045,0.282,0.169,0.155,0.348,0.193,0.272,0.088,0.010,0.048,0.074,0.044,0.090,0.062,0.205,0.162,0.090,0.204,0.219,0.043,0.087,0.125,0.298,0.013,0.067,0.117,0.223,0.163,0.203,0.038,0.087,0.108,0.060,0.439,0.418,0.235,0.134,0.012,0.159,0.009,0.481,0.293,0.192,0.437,0.474,0.456,0.360,0.607,0.502,0.526,0.560,0.349,0.514,0.400,0.416,0.213,0.237,0.204,0.603,0.038
0.121,0.038,0.076,0.110,0.034,0.171,0.563,0.131,0.002,0.147,0.068,0.086,0.049,0.020,0.060,0.174,0.105,0.290,0.161,0.423,0.262,0.002,0.051,0.105,0.165,0.000,0.019,0.126,0.113,0.334,0.154,0.094,0.577,0.298,0.169,0.294,0.233,0.207,0.410,0.307,0.258,0.262,0.097,0.269,0.042,0.146,0.168,0.137,0.098,0.365,0.324,0.235,0.144,0.193,0.051,0.043,0.099,0.178,0.014,0.242,0.240,0.060,0.148,0.207,0.498,0.115,0.150,0.308,0.415,0.067,0.026,0.104,0.226,0.013,0.050,0.532,0.293,0.068,0.257,0.075,0.290,0.054,0.639,0.376,0.142,0.437,0.453,0.286,0.291,0.508,0.386,0.352,0.381,0.197,0.304,0.089,0.073,0.027,0.127,0.199,0.221,0.303
0.112,0.017,0.137,0.216,0.120,0.296,0.242,0.073,0.244,0.268,0.274,0.137,0.052,0.244,0.314,0.130,0.306,0.274,0.102,0.255,0.160,0.026,0.068,0.065,0.166,0.019,0.000,0.073,0.218,0.085,0.050,0.078,0.207,0.006,0.101,0.062,0.008,0.003,0.239,0.087,0.046,0.019,0.071,0.038,0.136,0.417,0.047,0.466,0.472,0.659,0.649,0.580,0.471,0.405,0.337,0.333,0.210,0.385,0.279,0.394,0.447,0.275,0.294,0.319,0.661,0.229,0.247,0.371,0.513,0.220,0.168,0.238,0.382,0.143,0.039,0.612,0.187,0.011,0.330,0.121,0.338,0.047,0.680,0.357,0.075,0.331,0.421,0.245,0.295,0.506,0.365,0.299,0.303,0.193,0.299,0.061,0.109,0.017,0.031,0.057,0.362,0.172
0.179,0.075,0.046,0.082,0.005,0.172,0.331,0.034,0.114,0.165,0.144,0.006,0.004,0.139,0.130,0.066,0.342,0.206,0.084,0.208,0.230,0.115,0.077,0.074,0.282,0.126,0.073,0.000,0.162,0.087,0.041,0.044,0.206,0.052,0.111,0.099,0.052,0.066,0.293,0.168,0.051,0.080,0.055,0.141,0.015,0.187,0.083,0.266,0.219,0.502,0.459,0.438,0.331,0.341,0.239,0.250,0.118,0.338,0.200,0.339,0.418,0.202,0.266,0.272,0.545,0.216,0.260,0.290,0.464,0.129,0.090,0.234,0.357,0.143,0.067,0.411,0.169,0.057,0.405,0.307,0.427,0.197,0.664,0.382,0.235,0.418,0.491,0.391,0.368,0.635,0.440,0.376,0.391,0.224,0.336,0.150,0.081,0.021,0.025,0.009,0.412,0.188
0.398,0.313,0.173,0.221,0.333,0.147,0.665,0.391,0.264,0.108,0.217,0.386,0.312,0.159,0.192,0.146,0.050,0.057,0.003,0.189,0.405,0.363,0.294,0.239,0.355,0.113,0.218,0.162,0.000,0.129,0.166,0.033,0.340,0.106,0.109,0.136,0.152,0.125,0.269,0.241,0.305,0.386,0.369,0.460,0.229,0.144,0.201,0.060,0.042,0.374,0.308,0.260,0.165,0.364,0.167,0.191,0.041,0.375,0.174,0.435,0.503,0.261,0.422,0.430,0.624,0.413,0.502,0.471,0.640,0.259,0.224,0.408,0.486,0.295,0.345,0.013,0.015,0.246,0.613,0.626,0.691,0.566,0.881,0.668,0.645,0.766,0.801,0.757,0.653,0.987,0.735,0.658,0.717,0.459,0.541,0.418,0.204,0.133,0.120,0.084,0.506,0.258
0.439,0.433,0.282,0.244,0.331,0.109,0.648,0.223,0.167,0.146,0.023,0.092,0.004,0.106,0.086,0.214,0.109,0.004,0.100,0.146,0.164,0.143,0.343,0.342,0.223,0.334,0.085,0.087,0.129,0.000,0.037,0.155,0.251,0.057,0.200,0.039,0.108,0.161,0.013,0.026,0.000,0.023,0.134,0.143,0.051,0.007,0.041,0.055,0.051,0.352,0.215,0.271,0.234,0.419,0.245,0.263,0.111,0.455,0.127,0.375,0.451,0.211,0.321,0.292,0.446,0.295,0.274,0.241,0.422,0.047,0.051,0.268,0.421,0.256,0.472,0.176,0.030,0.098,0.396,0.309,0.346,0.280,0.568,0.406,0.442,0.538,0.625,0.667,0.454,0.822,0.663,0.609,0.680,0.509,0.642,0.565,0.584,0.388,0.356,0.320,0.789,0.054
0.253,0.161,0.007,0.058,0.180,0.018,0.466,0.188,0.105,0.112,0.008,0.170,0.041,0.047,0.058,0.009,0.116,0.167,0.183,0.145,0.281,0.049,0.196,0.062,0.089,0.154,0.050,0.041,0.166,0.037,0.000,0.006,0.355,0.090,0.065,0.135,0.084,0.063,0.168,0.030,0.087,0.079,0.026,0.140,0.078,0.057,0.036,0.124,0.005,0.342,0.267,0.336,0.198,0.408,0.173,0.191,0.107,0.359,0.102,0.326,0.364,0.178,0.278,0.262,0.450,0.286,0.263,0.256,0.440,0.071,0.088,0.241,0.391,0.214,0.472,0.153,0.019,0.171,0.380,0.334,0.381,0.358,0.562,0.420,0.468,0.549,0.600,0.587,0.414,0.781,0.580,0.495,0.581,0.364,0.438,0.282,0.167,0.061,0.104,0.259,0.077,0.500
0.476,0.563,0.429,0.475,0.557,0.381,0.816,0.412,0.446,0.066,0.211,0.303,0.141,0.133,0.187,0.027,0.195,0.303,0.247,0.093,0.264,0.038,0.268,0.080,0.101,0.094,0.078,0.044,0.033,0.155,0.006,0.000,0.678,0.284,0.176,0.184,0.124,0.069,0.046,0.008,0.173,0.100,0.022,0.112,0.085,0.042,0.040,0.029,0.200,0.168,0.066,0.109,0.008,0.308,0.027,0.020,0.116,0.247,0.163,0.205,0.233,0.037,0.202,0.182,0.266,0.248,0.224,0.189,0.363,0.002,0.020,0.212,0.340,0.221,0.610,0.422,0.019,0.180,0.396,0.364,0.378,0.388,0.497,0.416,0.581,0.626,0.653,0.765,0.454,0.828,0.691,0.667,0.762,0.541,0.667,0.721,0.972,0.387,0.246,0.078,0.101,0.422
0.372,0.370,0.098,0.114,0.152,0.115,0.142,0.068,0.135,0.477,0.261,0.125,0.311,0.426,0.323,0.392,0.429,0.361,0.441,0.469,0.878,0.968,0.999,0.749,0.478,0.577,0.207,0.206,0.340,0.251,0.355,0.678,0.000,0.206,0.480,0.365,0.594,0.723,0.579,0.416,0.150,0.029,0.121,0.284,0.118,0.214,0.053,0.029,0.146,0.313,0.041,0.248,0.330,0.685,0.504,0.497,0.302,0.589,0.020,0.205,0.511,0.270,0.331,0.177,0.193,0.432,0.251,0.060,0.365,0.042,0.144,0.512,0.681,0.609,1.214,1.164,0.362,0.310,0.429,0.522,0.335,0.477,0.312,0.251,0.639,0.434,0.590,0.843,0.300,0.847,0.630,0.437,0.462,0.388,0.514,0.593,0.547,0.549,0.579,0.427,0.177,0.242
0.509,0.413,0.194,0.344,0.410,0.205,0.391,0.293,0.195,0.017,0.151,0.259,0.039,0.039,0.026,0.050,0.174,0.137,0.202,0.071,0.571,0.508,0.555,0.358,0.296,0.298,0.006,0.052,0.106,0.057,0.090,0.284,0.206,0.000,0.070,0.052,0.179,0.181,0.076,0.034,0.261,0.256,0.395,0.357,0.167,0.265,0.140,0.113,0.269,0.124,0.015,0.119,0.027,0.474,0.164,0.219,0.188,0.537,0.155,0.406,0.572,0.304,0.459,0.369,0.350,0.498,0.429,0.245,0.468,0.100,0.170,0.441,0.552,0.410,0.925,0.776,0.206,0.284,0.398,0.589,0.473,0.669,0.497,0.514,0.905,0.746,0.855,1.077,0.644,1.132,0.880,0.712,0.746,0.589,0.628,0.643,0.277,0.178,0.006,0.219,0.686,0.883
0.106,0.103,0.274,0.150,0.127,0.221,0.132,0.188,0.151,0.379,0.259,0.074,0.209,0.249,0.069,0.046,0.171,0.070,0.182,0.039,0.320,0.267,0.417,0.182,0.021,0.169,0.101,0.111,0.109,0.200,0.065,0.176,0.480,0.070,0.000,0.023,0.427,0.733,0.549,0.558,0.398,0.337,0.265,0.191,0.296,0.171,0.309,0.207,0.051,0.347,0.150,0.421,0.358,0.647,0.392,0.356,0.222,0.362,0.355,0.236,0.088,0.036,0.030,0.183,0.120,0.243,0.064,0.144,0.206,0.017,0.075,0.358,0.532,0.527,1.211,1.205,0.420,0.456,0.469,0.533,0.337,0.453,0.132,0.050,0.454,0.198,0.264,0.496,0.018,0.539,0.240,0.038,0.117,0.048,0.019,0.133,0.036,0.191,0.191,0.176,0.549,0.775
0.272,0.284,0.124,0.246,0.172,0.081,0.031,0.001,0.010,0.164,0.068,0.017,0.166,0.172,0.090,0.122,0.221,0.052,0.140,0.114,0.338,0.393,0.481,0.308,0.207,0.294,0.062,0.099,0.136,0.039,0.135,0.184,0.365,0.052,0.023,0.000,0.085,0.274,0.204,0.126,0.076,0.067,0.188,0.134,0.075,0.262,0.098,0.253,0.453,0.187,0.335,0.112,0.196,0.209,0.078,0.107,0.153,0.114,0.611,0.310,0.012,0.237,0.090,0.229,0.381,0.085,0.018,0.285,0.012,0.251,0.163,0.149,0.243,0.239,1.003,1.072,0.160,0.188,0.181,0.402,0.190,0.410,0.018,0.034,0.606,0.308,0.386,0.792,0.190,0.624,0.405,0.283,0.237,0.059,0.150,0.334,0.029,0.065,0.114,0.015,0.508,0.586
0.246,0.320,0.186,0.235,0.160,0.070,0.142,0.002,0.018,0.162,0.094,0.008,0.133,0.148,0.079,0.098,0.211,0.043,0.035,0.106,0.296,0.453,0.457,0.303,0.173,0.233,0.008,0.052,0.152,0.108,0.084,0.124,0.594,0.179,0.427,0.085,0.000,0.234,0.278,0.178,0.010,0.030,0.126,0.023,0.011,0.227,0.028,0.269,0.481,0.184,0.385,0.172,0.194,0.158,0.084,0.150,0.443,0.102,0.557,0.301,0.019,0.327,0.121,0.262,0.384,0.018,0.013,0.309,0.022,0.269,0.214,0.153,0.228,0.264,0.947,1.102,0.187,0.225,0.269,0.488,0.257,0.382,0.059,0.037,0.496,0.270,0.337,0.682,0.192,0.642,0.371,0.289,0.293,0.085,0.223,0.422,0.085,0.100,0.475,0.495,0.183,0.043
0.485,0.506,0.379,0.412,0.314,0.226,0.275,0.143,0.121,0.009,0.040,0.104,0.017,0.048,0.049,0.045,0.189,0.116,0.095,0.245,0.185,0.393,0.351,0.271,0.215,0.207,0.003,0.066,0.125,0.161,0.063,0.069,0.723,0.181,0.733,0.274,0.234,0.000,0.261,0.009,0.074,0.051,0.274,0.103,0.148,0.410,0.220,0.498,0.745,0.460,0.634,0.446,0.475,0.029,0.236,0.147,0.259,0.132,0.096,0.022,0.328,0.169,0.041,0.081,0.303,0.053,0.101,0.269,0.036,0.314,0.286,0.131,0.160,0.159,0.793,0.976,0.077,0.116,0.180,0.521,0.273,0.430,0.116,0.142,0.612,0.398,0.501,0.868,0.435,0.832,0.566,0.507,0.466,0.276,0.438,0.571,0.082,0.262,0.629,0.654,0.478,0.174
0.154,0.136,0.018,0.008,0.121,0.191,0.141,0.287,0.306,0.360,0.386,0.310,0.380,0.407,0.392,0.312,0.524,0.163,0.154,0.030,0.254,0.414,0.443,0.394,0.398,0.410,0.239,0.293,0.269,0.013,0.168,0.046,0.579,0.076,0.549,0.204,0.278,0.261,0.000,0.045,0.169,0.010,0.152,0.082,0.181,0.373,0.249,0.499,0.630,0.360,0.733,0.256,0.095,0.094,0.133,0.277,0.122,0.155,0.020,0.162,0.249,0.225,0.196,0.324,0.466,0.218,0.238,0.591,0.310,0.592,0.512,0.052,0.066,0.035,0.658,0.754,0.094,0.080,0.092,0.230,0.052,0.069,0.225,0.233,0.177,0.012,0.134,0.443,0.073,0.459,0.202,0.141,0.077,0.065,0.137,0.181,0.365,0.006,0.338,0.380,0.325,0.030
0.284,0.272,0.147,0.119,0.057,0.052,0.138,0.070,0.125,0.209,0.204,0.111,0.167,0.241,0.254,0.197,0.399,0.061,0.033,0.010,0.280,0.502,0.420,0.399,0.380,0.307,0.087,0.168,0.241,0.026,0.030,0.008,0.416,0.034,0.558,0.126,0.178,0.009,0.045,0.000,0.174,0.011,0.233,0.101,0.203,0.411,0.223,0.510,0.620,0.120,0.571,0.254,0.090,0.208,0.251,0.284,0.018,0.266,0.059,0.058,0.389,0.020,0.082,0.037,0.079,0.049,0.086,0.234,0.031,0.270,0.246,0.220,0.296,0.266,0.586,0.694,0.078,0.095,0.224,0.524,0.258,0.283,0.174,0.082,0.354,0.244,0.374,0.592,0.306,0.693,0.412,0.345,0.324,0.152,0.323,0.356,0.094,0.135,0.467,0.556,0.762,0.213
0.264,0.307,0.169,0.160,0.139,0.003,0.290,0.027,0.013,0.199,0.124,0.004,0.092,0.166,0.127,0.148,0.284,0.007,0.036,0.141,0.437,0.722,0.565,0.471,0.317,0.258,0.046,0.051,0.305,0.000,0.087,0.173,0.150,0.261,0.398,0.076,0.010,0.074,0.169,0.174,0.000,0.009,0.352,0.098,0.083,0.269,0.047,0.231,0.384,0.084,0.242,0.101,0.076,0.267,0.166,0.103,0.261,0.156,0.218,0.034,0.255,0.100,0.080,0.037,0.033,0.142,0.164,0.090,0.197,0.088,0.070,0.342,0.404,0.423,0.779,0.915,0.270,0.311,0.483,0.659,0.436,0.415,0.344,0.203,0.456,0.357,0.443,0.642,0.309,0.751,0.454,0.372,0.405,0.191,0.340,0.435,0.153,0.166,0.511,0.647,0.959,0.279
0.293,0.335,0.200,0.160,0.162,0.002,0.395,0.052,0.006,0.204,0.133,0.009,0.082,0.163,0.144,0.188,0.267,0.016,0.011,0.173,0.353,0.641,0.506,0.474,0.322,0.262,0.019,0.080,0.386,0.023,0.079,0.100,0.029,0.256,0.337,0.067,0.030,0.051,0.010,0.011,0.009,0.000,0.168,0.083,0.055,0.213,0.025,0.163,0.276,0.192,0.100,0.007,0.140,0.261,0.168,0.127,0.184,0.227,0.138,0.063,0.288,0.042,0.117,0.029,0.100,0.135,0.164,0.019,0.238,0.076,0.077,0.281,0.365,0.325,0.540,0.510,0.119,0.213,0.473,0.542,0.404,0.312,0.413,0.233,0.376,0.366,0.452,0.592,0.320,0.734,0.478,0.414,0.459,0.257,0.416,0.459,0.268,0.233,0.510,0.644,1.127,0.337
0.382,0.522,0.428,0.371,0.336,0.201,0.623,0.189,0.205,0.043,0.003,0.092,0.016,0.007,0.005,0.097,0.050,0.324,0.254,0.039,0.095,0.486,0.305,0.290,0.045,0.097,0.071,0.055,0.369,0.134,0.026,0.022,0.121,0.395,0.265,0.188,0.126,0.274,0.152,0.233,0.352,0.168,0.000,0.156,0.003,0.304,0.137,0.401,0.583,0.141,0.362,0.370,0.259,0.055,0.187,0.209,0.512,0.014,0.392,0.084,0.085,0.277,0.046,0.109,0.099,0.045,0.041,0.136,0.074,0.250,0.283,0.055,0.108,0.084,0.323,0.352,0.090,0.053,0.342,0.405,0.313,0.202,0.335,0.179,0.330,0.362,0.407,0.600,0.309,0.690,0.473,0.477,0.530,0.291,0.485,0.603,0.520,0.336,0.728,0.929,1.306,0.672
0.289,0.366,0.243,0.161,0.185,0.005,0.533,0.066,0.034,0.240,0.158,0.044,0.095,0.167,0.167,0.280,0.201,0.065,0.052,0.289,0.271,0.660,0.495,0.586,0.282,0.269,0.038,0.141,0.460,0.143,0.140,0.112,0.284,0.357,0.191,0.134,0.023,0.103,0.082,0.101,0.098,0.083,0.156,0.000,0.002,0.119,0.002,0.136,0.226,0.199,0.046,0.035,0.094,0.174,0.091,0.042,0.269,0.174,0.215,0.048,0.215,0.091,0.071,0.013,0.129,0.071,0.105,0.002,0.223,0.100,0.122,0.190,0.281,0.218,0.334,0.215,0.025,0.086,0.412,0.378,0.327,0.163,0.433,0.215,0.256,0.335,0.409,0.504,0.268,0.652,0.448,0.411,0.469,0.271,0.445,0.466,0.431,0.282,0.524,0.638,1.126,0.470
0.353,0.378,0.270,0.209,0.235,0.077,0.590,0.177,0.119,0.052,0.021,0.092,0.082,0.001,0.027,0.067,0.099,0.154,0.180,0.106,0.142,0.337,0.164,0.259,0.169,0.042,0.136,0.015,0.229,0.051,0.078,0.085,0.118,0.167,0.296,0.075,0.011,0.148,0.181,0.203,0.083,0.055,0.003,0.002,0.000,0.108,0.095,0.104,0.171,0.245,0.043,0.029,0.124,0.157,0.105,0.102,0.152,0.252,0.023,0.193,0.336,0.017,0.173,0.140,0.277,0.123,0.214,0.119,0.307,0.019,0.074,0.208,0.277,0.167,0.121,0.114,0.100,0.070,0.460,0.445,0.432,0.220,0.567,0.333,0.307,0.434,0.503,0.552,0.410,0.736,0.524,0.501,0.543,0.332,0.496,0.467,0.311,0.258,0.475,0.577,1.088,0.346
0.214,0.218,0.125,0.105,0.136,0.013,0.510,0.174,0.092,0.013,0.033,0.183,0.167,0.095,0.121,0.126,0.090,0.093,0.097,0.190,0.303,0.457,0.178,0.166,0.155,0.146,0.417,0.187,0.144,0.007,0.057,0.042,0.214,0.265,0.171,0.262,0.227,0.410,0.373,0.411,0.269,0.213,0.304,0.119,0.108,0.000,0.104,0.071,0.115,0.235,0.051,0.067,0.038,0.003,0.021,0.042,0.313,0.082,0.121,0.089,0.237,0.080,0.105,0.090,0.247,0.079,0.240,0.150,0.344,0.072,0.015,0.251,0.238,0.163,0.085,0.316,0.037,0.255,0.605,0.674,0.622,0.326,0.649,0.373,0.306,0.447,0.473,0.473,0.399,0.691,0.430,0.406,0.441,0.188,0.328,0.300,0.052,0.036,0.286,0.406,0.893,0.137
0.121,0.105,0.000,0.059,0.077,0.189,0.161,0.122,0.198,0.248,0.268,0.147,0.133,0.228,0.245,0.157,0.390,0.094,0.044,0.180,0.290,0.461,0.300,0.319,0.348,0.168,0.047,0.083,0.201,0.041,0.036,0.040,0.053,0.140,0.309,0.098,0.028,0.220,0.249,0.223,0.047,0.025,0.137,0.002,0.095,0.104,0.000,0.177,0.069,0.316,0.076,0.124,0.305,0.111,0.193,0.153,0.113,0.152,0.014,0.041,0.277,0.057,0.040,0.029,0.092,0.012,0.081,0.106,0.134,0.123,0.163,0.200,0.242,0.189,0.019,0.158,0.025,0.137,0.385,0.533,0.351,0.148,0.338,0.108,0.131,0.180,0.279,0.348,0.224,0.541,0.281,0.237,0.243,0.061,0.222,0.190,0.158,0.005,0.289,0.405,0.814,0.160
0.142,0.085,0.005,0.034,0.042,0.027,0.298,0.138,0.028,0.074,0.070,0.237,0.206,0.115,0.161,0.255,0.150,0.016,0.036,0.105,0.351,0.425,0.179,0.094,0.193,0.137,0.466,0.266,0.060,0.055,0.124,0.029,0.029,0.113,0.207,0.253,0.269,0.498,0.499,0.510,0.231,0.163,0.401,0.136,0.104,0.071,0.177,0.000,0.044,0.290,0.082,0.020,0.050,0.061,0.028,0.015,0.213,0.044,0.012,0.101,0.286,0.030,0.133,0.116,0.255,0.119,0.331,0.168,0.397,0.200,0.098,0.380,0.283,0.230,0.220,0.513,0.171,0.678,0.799,1.070,0.825,0.561,0.662,0.409,0.400,0.465,0.485,0.473,0.444,0.699,0.382,0.341,0.339,0.082,0.195,0.154,0.287,0.140,0.124,0.243,0.598,0.103
0.035,0.089,0.159,0.099,0.093,0.139,0.153,0.051,0.063,0.012,0.024,0.213,0.149,0.070,0.155,0.231,0.227,0.083,0.091,0.237,0.532,0.616,0.322,0.186,0.272,0.098,0.472,0.219,0.042,0.051,0.005,0.200,0.146,0.269,0.051,0.453,0.481,0.745,0.630,0.620,0.384,0.276,0.583,0.226,0.171,0.115,0.069,0.044,0.000,0.169,0.126,0.313,0.147,0.287,0.209,0.220,0.433,0.188,0.176,0.095,0.115,0.197,0.006,0.021,0.097,0.040,0.278,0.101,0.361,0.250,0.172,0.478,0.265,0.352,0.288,0.367,0.580,0.944,0.766,1.258,0.888,0.659,0.601,0.354,0.386,0.406,0.393,0.370,0.347,0.592,0.233,0.185,0.182,0.105,0.011,0.018,0.498,0.357,0.047,0.101,0.423,0.275
0.100,0.073,0.038,0.099,0.057,0.082,0.221,0.180,0.127,0.239,0.188,0.357,0.341,0.280,0.358,0.501,0.044,0.230,0.219,0.174,0.145,0.185,0.040,0.186,0.088,0.365,0.659,0.502,0.374,0.352,0.342,0.168,0.313,0.124,0.347,0.187,0.184,0.460,0.360,0.120,0.084,0.192,0.141,0.199,0.245,0.235,0.316,0.290,0.169,0.000,0.059,0.249,0.036,0.377,0.205,0.096,0.212,0.045,0.019,0.030,0.178,0.175,0.029,0.033,0.027,0.007,0.315,0.007,0.228,0.178,0.029,0.357,0.124,0.304,0.349,0.018,0.896,0.936,0.758,1.296,0.878,0.733,0.510,0.331,0.431,0.395,0.376,0.438,0.423,0.642,0.284,0.278,0.279,0.010,0.106,0.142,0.395,0.187,0.165,0.341,0.560,0.056
0.103,0.029,0.016,0.072,0.072,0.069,0.290,0.250,0.148,0.275,0.256,0.444,0.387,0.316,0.405,0.516,0.017,0.130,0.123,0.063,0.266,0.234,0.010,0.146,0.010,0.324,0.649,0.459,0.308,0.215,0.267,0.066,0.041,0.015,0.150,0.335,0.385,0.634,0.733,0.571,0.242,0.100,0.362,0.046,0.043,0.051,0.076,0.082,0.126,0.059,0.000,0.000,0.249,0.341,0.319,0.205,0.267,0.084,0.011,0.059,0.199,0.119,0.082,0.089,0.204,0.068,0.396,0.189,0.423,0.273,0.103,0.309,0.115,0.013,0.483,0.810,0.176,0.886,0.951,1.377,1.037,0.814,0.722,0.488,0.508,0.546,0.508,0.473,0.505,0.711,0.354,0.333,0.321,0.023,0.110,0.074,0.459,0.277,0.015,0.116,0.356,0.293
0.334,0.283,0.201,0.280,0.276,0.222,0.445,0.364,0.263,0.291,0.316,0.479,0.409,0.309,0.353,0.430,0.045,0.207,0.208,0.112,0.265,0.375,0.121,0.006,0.048,0.235,0.580,0.438,0.260,0.271,0.336,0.109,0.248,0.119,0.421,0.112,0.172,0.446,0.256,0.254,0.101,0.007,0.370,0.035,0.029,0.067,0.124,0.020,0.313,0.249,0.000,0.000,0.053,0.085,0.014,0.074,0.131,0.159,0.142,0.218,0.446,0.103,0.336,0.274,0.312,0.385,0.602,0.309,0.574,0.410,0.317,0.688,0.559,0.653,0.396,0.640,0.787,0.889,0.957,1.388,1.036,0.953,0.800,0.621,0.768,0.707,0.723,0.782,0.681,0.984,0.605,0.543,0.545,0.260,0.345,0.367,0.144,0.010,0.297,0.433,0.690,0.010
0.093,0.086,0.022,0.092,0.046,0.034,0.156,0.107,0.058,0.085,0.086,0.251,0.190,0.121,0.197,0.293,0.090,0.126,0.099,0.055,0.311,0.448,0.221,0.072,0.074,0.144,0.471,0.331,0.165,0.234,0.198,0.008,0.330,0.027,0.358,0.196,0.194,0.475,0.095,0.090,0.076,0.140,0.259,0.094,0.124,0.038,0.305,0.050,0.147,0.036,0.249,0.053,0.000,0.079,0.057,0.079,0.326,0.094,0.120,0.132,0.167,0.204,0.031,0.082,0.146,0.120,0.308,0.062,0.232,0.145,0.108,0.568,0.431,0.721,0.915,1.814,0.884,0.804,0.695,1.199,0.780,0.766,0.425,0.291,0.546,0.393,0.403,0.546,0.382,0.700,0.308,0.255,0.263,0.010,0.079,0.178,0.348,0.186,0.213,0.388,0.554,0.034
0.346,0.294,0.237,0.303,0.222,0.236,0.216,0.232,0.189,0.264,0.220,0.327,0.288,0.224,0.240,0.373,0.028,0.263,0.276,0.377,0.015,0.094,0.023,0.119,0.044,0.193,0.405,0.341,0.364,0.419,0.408,0.308,0.685,0.474,0.647,0.209,0.158,0.029,0.094,0.208,0.267,0.261,0.055,0.174,0.157,0.003,0.111,0.061,0.287,0.377,0.341,0.085,0.079,0.000,0.090,0.350,0.286,0.256,0.385,0.176,0.490,0.094,0.239,0.097,0.091,0.198,0.384,0.100,0.115,0.014,0.086,0.368,0.294,0.358,0.796,1.034,0.454,0.478,0.395,0.965,0.603,0.747,0.314,0.311,0.656,0.456,0.517,0.726,0.563,0.830,0.485,0.449,0.406,0.197,0.294,0.347,0.266,0.037,0.369,0.484,0.503,0.062
0.055,0.039,0.018,0.073,0.004,0.014,0.011,0.025,0.000,0.036,0.029,0.172,0.097,0.043,0.118,0.222,0.134,0.089,0.059,0.136,0.270,0.378,0.238,0.082,0.090,0.051,0.337,0.239,0.167,0.245,0.173,0.027,0.504,0.164,0.392,0.078,0.084,0.236,0.133,0.251,0.166,0.168,0.187,0.091,0.105,0.021,0.193,0.028,0.209,0.205,0.319,0.014,0.057,0.090,0.000,0.005,0.159,0.139,0.079,0.230,0.133,0.268,0.048,0.202,0.402,0.078,0.202,0.245,0.051,0.014,0.001,0.478,0.401,0.626,1.383,1.779,0.697,0.613,0.455,0.989,0.577,0.720,0.179,0.146,0.564,0.290,0.316,0.546,0.301,0.620,0.231,0.170,0.155,0.091,0.017,0.114,0.464,0.240,0.154,0.303,0.286,0.134
0.129,0.095,0.024,0.161,0.105,0.106,0.066,0.132,0.100,0.098,0.132,0.273,0.151,0.100,0.185,0.248,0.069,0.109,0.063,0.173,0.286,0.351,0.249,0.070,0.062,0.043,0.333,0.250,0.191,0.263,0.191,0.020,0.497,0.219,0.356,0.107,0.150,0.147,0.277,0.284,0.103,0.127,0.209,0.042,0.102,0.042,0.153,0.015,0.220,0.096,0.205,0.074,0.079,0.350,0.005,0.000,0.160,0.123,0.097,0.177,0.206,0.187,0.077,0.095,0.290,0.273,0.313,0.111,0.199,0.064,0.109,0.518,0.506,0.593,1.330,1.529,0.611,0.599,0.499,0.966,0.619,0.831,0.271,0.274,0.770,0.451,0.482,0.733,0.404,0.785,0.377,0.274,0.259,0.006,0.037,0.176,0.406,0.249,0.096,0.217,0.102,0.291
0.431,0.306,0.178,0.397,0.380,0.299,0.251,0.364,0.262,0.214,0.337,0.437,0.215,0.154,0.208,0.183,0.071,0.031,0.021,0.125,0.464,0.513,0.415,0.226,0.205,0.099,0.210,0.118,0.041,0.111,0.107,0.116,0.302,0.188,0.222,0.153,0.443,0.259,0.122,0.018,0.261,0.184,0.512,0.269,0.152,0.313,0.113,0.213,0.433,0.212,0.267,0.131,0.326,0.286,0.159,0.160,0.000,0.013,0.138,0.178,0.641,0.268,0.458,0.314,0.053,0.606,0.554,0.188,0.433,0.181,0.267,0.642,0.616,0.557,1.264,1.330,0.482,0.488,0.443,0.940,0.661,1.010,0.446,0.564,1.208,0.830,0.923,1.233,0.747,1.160,0.796,0.603,0.525,0.266,0.258,0.355,0.255,0.203,0.013,0.035,0.240,0.592
0.226,0.203,0.145,0.317,0.273,0.293,0.212,0.280,0.289,0.255,0.278,0.397,0.271,0.254,0.337,0.377,0.144,0.289,0.235,0.433,0.037,0.008,0.002,0.177,0.162,0.178,0.385,0.338,0.375,0.455,0.359,0.247,0.589,0.537,0.362,0.114,0.102,0.132,0.155,0.266,0.156,0.227,0.014,0.174,0.252,0.082,0.152,0.044,0.188,0.045,0.084,0.159,0.094,0.256,0.139,0.123,0.013,0.000,0.204,0.163,0.099,0.276,0.044,0.118,0.271,0.200,0.251,0.105,0.160,0.037,0.013,0.219,0.260,0.270,0.919,0.969,0.315,0.462,0.431,0.723,0.522,0.719,0.252,0.291,0.782,0.510,0.520,0.818,0.449,0.867,0.494,0.399,0.415,0.143,0.165,0.308,0.281,0.211,0.049,0.145,0.130,0.425
0.174,0.046,0.131,0.239,0.298,0.250,0.123,0.395,0.284,0.258,0.420,0.536,0.264,0.221,0.331,0.286,0.024,0.013,0.100,0.101,0.477,0.336,0.321,0.072,0.090,0.014,0.279,0.200,0.174,0.127,0.102,0.163,0.020,0.155,0.355,0.611,0.557,0.096,0.020,0.059,0.218,0.138,0.392,0.215,0.023,0.121,0.014,0.012,0.176,0.019,0.011,0.142,0.120,0.385,0.079,0.097,0.138,0.204,0.000,0.194,0.584,0.348,0.524,0.411,0.200,0.682,0.583,0.332,0.545,0.284,0.389,0.585,0.586,0.488,1.142,1.076,0.448,0.542,0.459,0.858,0.669,1.067,0.471,0.646,1.355,0.933,1.014,1.312,0.749,1.189,0.826,0.509,0.424,0.099,0.089,0.017,0.610,0.793,0.668,0.561,0.890,1.163
0.015,0.179,0.127,0.252,0.283,0.375,0.081,0.465,0.407,0.494,0.560,0.634,0.407,0.423,0.515,0.504,0.253,0.214,0.145,0.459,0.048,0.204,0.131,0.336,0.204,0.242,0.394,0.339,0.435,0.375,0.326,0.205,0.205,0.406,0.236,0.310,0.301,0.022,0.162,0.058,0.034,0.063,0.084,0.048,0.193,0.089,0.041,0.101,0.095,0.030,0.059,0.218,0.132,0.176,0.230,0.177,0.178,0.163,0.194,0.000,0.295,0.071,0.102,0.117,0.065,0.280,0.303,0.124,0.251,0.071,0.118,0.100,0.133,0.070,0.647,0.541,0.162,0.391,0.269,0.539,0.461,0.811,0.225,0.466,1.158,0.795,0.806,1.143,0.687,0.952,0.665,0.394,0.276,0.097,0.289,0.236,0.748,0.687,0.670,0.543,0.872,0.973
0.138,0.228,0.195,0.082,0.054,0.184,0.150,0.204,0.215,0.281,0.312,0.444,0.294,0.279,0.410,0.474,0.185,0.211,0.152,0.435,0.027,0.135,0.074,0.288,0.219,0.240,0.447,0.418,0.503,0.451,0.364,0.233,0.511,0.572,0.088,0.012,0.019,0.328,0.249,0.389,0.255,0.288,0.085,0.215,0.336,0.237,0.277,0.286,0.115,0.178,0.199,0.446,0.167,0.490,0.133,0.206,0.641,0.099,0.584,0.295,0.000,0.227,0.205,0.087,0.243,0.445,0.332,0.005,0.266,0.185,0.267,0.363,0.420,0.406,1.100,1.069,0.496,0.608,0.430,0.740,0.537,0.888,0.151,0.291,0.986,0.492,0.477,0.762,0.347,0.663,0.252,0.087,0.075,0.167,0.323,0.158,0.656,0.516,0.420,0.275,0.578,0.710
0.010,0.159,0.166,0.090,0.054,0.128,0.103,0.203,0.130,0.254,0.296,0.403,0.213,0.192,0.281,0.326,0.019,0.029,0.014,0.243,0.257,0.126,0.120,0.075,0.043,0.060,0.275,0.202,0.261,0.211,0.178,0.037,0.270,0.304,0.036,0.237,0.327,0.169,0.225,0.020,0.100,0.042,0.277,0.091,0.017,0.080,0.057,0.030,0.197,0.175,0.119,0.103,0.204,0.094,0.268,0.187,0.268,0.276,0.348,0.071,0.227,0.000,0.130,0.041,0.296,0.365,0.328,0.023,0.187,0.046,0.130,0.257,0.202,0.138,0.733,0.683,0.245,0.388,0.200,0.679,0.463,0.893,0.137,0.346,1.069,0.605,0.644,0.825,0.519,0.767,0.353,0.214,0.095,0.190,0.231,0.190,0.837,0.607,0.442,0.347,0.614,0.814
0.091,0.258,0.241,0.049,0.099,0.032,0.216,0.078,0.051,0.216,0.189,0.312,0.192,0.177,0.278,0.379,0.034,0.074,0.055,0.338,0.069,0.134,0.078,0.248,0.087,0.148,0.294,0.266,0.422,0.321,0.278,0.202,0.331,0.459,0.030,0.090,0.121,0.041,0.196,0.082,0.080,0.117,0.046,0.071,0.173,0.105,0.040,0.133,0.006,0.029,0.082,0.336,0.031,0.239,0.048,0.077,0.458,0.044,0.524,0.102,0.205,0.130,0.000,0.132,0.219,0.169,0.154,0.180,0.076,0.062,0.001,0.012,0.096,0.006,0.509,0.349,0.097,0.312,0.128,0.450,0.314,0.670,0.007,0.168,0.763,0.386,0.405,0.493,0.345,0.627,0.168,0.082,0.032,0.261,0.239,0.298,0.930,0.531,0.445,0.364,0.591,0.728
0.221,0.427,0.348,0.080,0.106,0.088,0.258,0.205,0.142,0.384,0.387,0.482,0.294,0.308,0.409,0.463,0.117,0.071,0.039,0.357,0.069,0.220,0.152,0.341,0.125,0.207,0.319,0.272,0.430,0.292,0.262,0.182,0.177,0.369,0.183,0.229,0.262,0.081,0.324,0.037,0.037,0.029,0.109,0.013,0.140,0.090,0.029,0.116,0.021,0.033,0.089,0.274,0.082,0.097,0.202,0.095,0.314,0.118,0.411,0.117,0.087,0.041,0.132,0.000,0.047,0.069,0.110,0.009,0.089,0.019,0.035,0.126,0.065,0.163,0.293,0.108,0.015,0.254,0.041,0.320,0.273,0.680,0.030,0.286,1.078,0.593,0.598,0.445,0.457,0.431,0.020,0.000,0.164,0.378,0.426,0.505,1.027,0.678,0.691,0.599,0.837,0.930
0.198,0.340,0.249,0.018,0.013,0.222,0.000,0.433,0.347,0.642,0.647,0.812,0.617,0.611,0.736,0.786,0.324,0.259,0.211,0.425,0.025,0.267,0.313,0.546,0.298,0.498,0.661,0.545,0.624,0.446,0.450,0.266,0.193,0.350,0.120,0.381,0.384,0.303,0.466,0.079,0.033,0.100,0.099,0.129,0.277,0.247,0.092,0.255,0.097,0.027,0.204,0.312,0.146,0.091,0.402,0.290,0.053,0.271,0.200,0.065,0.243,0.296,0.219,0.047,0.000,0.009,0.587,0.362,0.381,0.267,0.212,0.121,0.235,0.239,0.030,0.072,0.096,0.507,0.275,0.761,0.717,1.214,0.427,0.701,1.213,0.798,0.581,0.317,0.580,0.535,0.059,0.099,0.026,0.291,0.339,0.372,0.954,0.678,0.574,0.425,0.556,0.830
