0.000,1.059,1.148,0.571,0.911,0.047,1.800,0.436,0.844,0.782,0.261,0.159,2.081,1.144,2.502,1.704,1.373,0.561,1.674,2.302,1.410,2.691,2.416,2.077,2.760,0.183,0.937,1.026,1.220,1.418,1.669,1.995,1.187,1.407,0.785,0.556,0.161,0.132,2.185,2.962,0.067,0.934,0.349,0.310,0.906,0.577,0.676,1.383,2.205,0.192,2.772,1.247,2.853,3.249,0.767,1.247,0.681,1.112,1.646,0.649,0.580,0.151,1.959,2.571,0.846,0.291,1.449,0.354,0.948,0.789,1.281,0.803,0.691,0.584,0.261,0.017,0.169,0.196,0.024,0.148,0.390,0.246,0.900,0.018,0.127,0.472,1.519
1.059,0.000,0.749,1.193,0.145,0.056,3.114,1.353,1.854,1.845,1.414,1.461,3.528,2.506,4.042,3.190,2.789,2.169,3.380,4.169,2.381,3.832,1.693,0.619,0.574,1.471,1.363,0.698,0.953,1.525,1.588,2.989,2.376,3.119,2.283,0.807,1.644,1.140,3.420,4.656,1.650,2.286,1.851,1.205,0.478,2.064,2.347,2.939,3.466,1.312,3.735,1.488,3.265,3.842,1.992,2.958,2.261,3.116,3.337,2.191,2.171,1.863,0.119,1.024,0.978,1.346,0.339,1.016,0.666,1.089,0.520,2.205,1.702,1.210,0.049,0.571,0.217,0.570,1.585,1.398,1.390,1.294,0.242,1.019,1.241,1.768,0.261
1.148,0.749,0.000,1.375,0.558,1.097,1.003,0.239,0.079,0.098,0.521,0.706,1.460,0.647,2.282,1.377,0.907,0.236,1.219,2.189,1.171,3.110,2.265,1.701,2.632,0.093,0.205,1.012,1.884,1.547,1.560,2.229,0.887,1.186,0.406,1.406,0.627,0.727,1.571,2.910,0.165,0.735,0.346,0.522,1.651,0.030,0.477,1.309,2.290,0.308,2.937,1.547,3.090,3.475,0.724,1.282,0.471,1.161,1.183,0.103,0.116,0.299,2.388,3.537,1.407,1.250,2.112,1.640,1.943,1.439,1.747,0.200,0.020,0.492,0.027,0.297,0.179,0.811,0.298,0.924,0.838,0.938,2.019,1.134,1.028,0.409,2.287
0.571,1.193,1.375,0.000,1.700,1.687,1.958,0.998,0.383,2.058,1.025,1.185,3.436,2.956,5.099,3.827,3.392,2.569,2.696,4.443,4.306,4.266,2.001,0.833,1.287,0.049,1.212,2.243,3.403,4.260,3.384,5.191,4.288,4.036,3.370,0.729,2.429,2.902,4.336,6.562,3.625,4.517,4.461,3.421,1.780,3.273,3.017,3.736,4.353,1.811,3.120,1.461,2.093,2.968,1.537,2.100,2.293,2.815,3.627,2.002,2.254,1.974,0.208,2.070,0.037,0.507,0.739,1.044,1.087,0.270,1.341,0.255,0.279,0.256,0.647,1.513,1.378,1.760,0.314,0.867,0.775,0.614,1.398,0.030,0.503,0.976,0.681
0.911,0.145,0.558,1.700,0.000,0.289,1.494,0.553,0.201,0.258,0.782,0.947,1.319,0.388,1.904,1.205,0.535,0.240,0.939,2.016,0.725,2.116,1.026,0.165,0.898,1.118,0.792,0.141,1.250,1.104,0.980,1.730,0.636,1.153,0.641,0.940,0.077,0.522,1.692,2.999,0.054,0.812,0.507,0.438,1.442,0.010,0.089,0.674,1.351,0.463,1.900,0.498,1.906,2.238,0.211,0.205,0.527,0.421,0.810,0.728,0.391,0.607,2.637,3.667,1.388,0.931,1.887,1.159,1.384,0.751,1.401,0.327,0.957,0.818,0.410,0.475,0.861,0.739,1.235,0.327,0.046,0.431,1.826,0.793,0.869,0.496,2.506
0.047,0.056,1.097,1.687,0.289,0.000,1.380,0.187,0.820,0.115,0.152,0.641,1.905,1.043,2.470,1.936,1.003,0.304,1.471,2.142,0.599,1.649,0.177,0.527,0.442,1.707,1.690,0.959,0.263,0.101,0.299,0.913,0.027,0.613,0.725,0.853,0.399,1.401,0.332,2.599,0.628,0.058,0.120,0.902,2.185,0.583,0.310,0.251,0.867,1.063,1.354,0.151,1.497,1.664,0.653,0.253,0.404,0.688,0.570,0.606,0.429,0.236,2.300,3.570,0.875,1.154,1.527,1.396,1.581,0.846,1.333,0.961,0.315,0.402,0.998,0.801,0.202,0.454,0.713,0.058,0.038,0.188,1.492,0.482,0.478,0.073,1.808
1.800,3.114,1.003,1.958,1.494,1.380,0.000,0.759,1.446,1.038,0.680,1.521,0.612,0.213,1.302,0.512,0.031,0.277,0.846,1.520,0.009,1.629,0.017,0.317,0.908,0.519,0.877,0.870,0.597,0.442,0.362,0.560,0.801,0.033,0.717,2.458,1.325,2.347,0.561,1.399,1.574,0.946,1.042,2.162,3.514,1.842,0.859,0.127,0.724,0.595,1.501,0.545,1.846,2.005,0.096,0.970,0.016,0.804,0.448,1.040,1.642,1.218,3.243,4.787,2.321,2.585,3.168,2.806,3.135,1.155,0.578,0.838,0.007,0.401,0.144,0.195,1.080,0.732,1.365,0.488,0.624,1.063,1.772,1.184,1.871,0.957,2.687
0.436,1.353,0.239,0.998,0.553,0.187,0.759,0.000,0.051,0.291,0.291,0.606,1.932,1.115,2.789,2.197,1.171,0.451,0.995,2.141,0.201,0.089,1.015,1.357,1.143,1.789,1.040,1.049,0.566,0.445,0.090,1.079,0.631,1.488,2.551,1.072,2.113,0.648,1.396,3.884,1.433,1.616,1.926,0.899,0.305,0.695,0.047,0.395,0.562,0.847,0.332,0.672,0.008,0.356,0.908,0.590,0.895,0.365,0.737,1.244,0.209,0.026,1.928,3.722,1.072,0.273,1.391,1.266,0.930,0.413,0.761,0.270,0.303,0.122,0.451,0.418,0.242,0.342,1.236,0.453,0.170,0.172,1.337,0.245,0.290,0.136,2.030
0.844,1.854,0.079,0.383,0.201,0.820,1.446,0.051,0.000,0.056,0.498,0.581,2.281,1.155,2.788,2.564,1.146,0.884,1.981,2.512,0.202,0.328,0.564,0.982,1.090,1.597,0.814,0.666,0.825,0.663,0.269,1.319,0.849,2.017,2.806,2.773,3.226,1.083,1.837,4.023,2.025,1.971,2.330,1.363,0.292,1.217,0.607,0.965,0.941,0.094,1.116,0.014,0.837,1.003,0.097,0.200,0.389,1.279,1.339,1.032,0.305,0.767,0.560,2.410,0.750,1.275,0.855,0.542,1.435,2.568,1.271,1.013,1.741,1.211,0.569,0.615,1.263,1.604,2.675,2.341,1.965,1.827,0.633,1.119,0.738,0.120,2.023
0.782,1.845,0.098,2.058,0.258,0.115,1.038,0.291,0.056,0.000,0.305,0.936,1.460,1.125,3.488,2.250,1.791,1.715,0.061,1.009,0.016,0.024,0.940,0.853,0.734,1.038,0.385,0.743,0.888,0.540,0.055,0.996,0.590,1.246,1.893,1.121,2.865,1.272,0.896,3.583,2.205,1.996,2.731,1.695,0.280,1.028,0.582,0.830,1.001,0.116,0.444,0.190,0.116,0.471,0.260,0.166,0.315,1.077,0.690,0.711,0.363,0.377,1.305,4.621,2.041,1.031,2.359,2.983,1.627,0.087,0.614,0.726,0.372,0.002,0.610,0.677,0.044,0.203,0.508,0.768,1.194,1.797,1.492,0.726,1.776,1.001,2.355
0.261,1.414,0.521,1.025,0.782,0.152,0.680,0.291,0.498,0.305,0.000,0.396,2.625,1.769,3.411,3.330,1.473,1.160,0.184,0.508,0.778,0.889,1.562,1.727,1.848,1.980,1.177,1.498,0.124,0.121,0.648,0.287,0.015,0.917,1.611,2.756,3.293,1.106,0.755,2.959,2.382,1.724,2.615,1.973,0.932,1.055,0.182,0.229,0.077,0.687,0.243,0.905,0.593,0.317,0.860,0.628,0.678,0.540,0.517,1.459,0.099,0.983,0.069,2.573,0.104,0.877,0.023,0.838,0.065,1.117,0.005,0.350,0.178,0.024,0.586,0.598,0.109,0.250,1.018,0.312,0.116,0.227,0.306,1.525,0.579,0.032,1.749
0.159,1.461,0.706,1.185,0.947,0.641,1.521,0.606,0.581,0.936,0.396,0.000,1.736,0.863,3.184,1.669,0.854,1.317,0.961,0.419,1.288,1.222,1.869,1.731,2.008,1.916,1.225,1.591,0.135,0.500,0.975,0.173,0.420,0.440,0.383,1.361,3.014,1.048,0.334,1.915,2.625,1.535,2.576,2.192,1.494,1.055,0.607,0.394,0.224,0.344,0.212,0.751,0.577,0.406,0.618,0.207,0.001,1.019,0.539,0.464,0.569,1.786,1.242,1.621,0.490,0.956,0.296,1.205,0.217,0.755,0.080,0.561,0.181,0.147,0.753,0.881,0.181,0.095,0.436,0.431,0.875,1.040,0.029,0.283,0.828,0.684,1.872
2.081,3.528,1.460,3.436,1.319,1.905,0.612,1.932,2.281,1.460,2.625,1.736,0.000,0.479,0.528,0.473,0.121,1.377,0.289,0.348,0.284,0.049,0.325,0.396,0.556,0.531,0.161,1.064,0.680,0.005,0.019,0.510,0.535,1.103,1.714,3.523,3.624,1.693,0.688,1.379,1.956,1.275,1.968,1.042,1.132,0.738,0.193,0.102,0.335,0.028,0.200,0.141,0.177,0.227,0.230,0.302,0.368,0.643,0.621,1.823,1.511,0.792,1.045,0.031,0.027,1.851,1.073,0.849,1.606,2.416,1.576,0.882,1.305,1.169,0.652,0.885,1.748,1.968,2.368,1.736,1.766,1.880,3.062,3.620,2.003,0.816,0.745
1.144,2.506,0.647,2.956,0.388,1.043,0.213,1.115,1.155,1.125,1.769,0.863,0.479,0.000,0.734,0.369,0.523,0.199,1.151,0.689,0.415,0.997,1.224,1.453,1.569,1.383,0.791,1.878,0.006,0.483,0.715,0.198,0.045,0.350,1.163,2.761,3.037,1.472,0.227,1.107,2.051,1.166,2.171,1.554,1.379,0.473,1.195,1.090,1.399,1.132,1.639,1.400,1.759,1.140,0.999,1.203,0.944,0.967,1.557,3.384,2.088,0.556,0.470,1.519,1.884,0.693,0.698,0.456,0.161,1.080,0.081,0.198,0.170,0.064,0.408,0.194,0.662,0.875,1.260,0.599,0.735,0.801,1.751,2.794,0.737,0.023,0.297
2.502,4.042,2.282,5.099,1.904,2.470,1.302,2.789,2.788,3.488,3.411,3.184,0.528,0.734,0.000,0.379,1.607,1.637,0.036,0.194,1.038,0.025,0.001,0.324,0.587,0.074,0.425,0.979,0.891,0.511,0.433,0.772,1.418,1.590,2.459,4.062,4.568,3.465,1.733,1.928,3.565,2.562,3.486,2.795,3.634,2.178,0.573,0.475,1.033,0.227,1.471,0.717,1.608,0.666,0.069,0.368,0.352,0.664,0.853,2.520,0.900,0.385,0.070,0.124,1.946,2.056,0.443,0.867,1.143,2.029,0.938,1.155,1.257,1.128,0.736,0.957,1.840,2.178,2.276,1.687,2.109,2.183,3.075,4.067,1.724,1.222,1.184
1.704,3.190,1.377,3.827,1.205,1.936,0.512,2.197,2.564,2.250,3.330,1.669,0.473,0.369,0.379,0.000,0.374,0.281,0.685,0.575,0.042,0.641,0.830,1.114,1.111,1.063,0.742,2.039,0.062,0.711,0.676,0.258,0.044,0.324,1.504,3.511,3.052,1.364,0.073,0.661,1.174,0.588,1.301,0.274,0.620,0.062,1.985,1.688,1.942,1.397,1.911,1.456,1.823,1.108,0.936,1.184,0.950,1.381,2.385,4.071,3.272,1.319,1.447,1.730,2.469,0.740,0.908,0.070,0.476,1.387,0.373,0.097,0.435,0.250,0.180,0.214,1.161,1.453,1.730,1.192,1.652,1.859,2.799,4.093,1.455,1.039,0.820
1.373,2.789,0.907,3.392,0.535,1.003,0.031,1.171,1.146,1.791,1.473,0.854,0.121,0.523,1.607,0.374,0.000,0.588,1.200,0.424,0.221,0.771,0.999,1.128,1.358,1.039,0.421,1.377,0.378,0.010,0.300,0.231,0.432,0.920,1.459,2.736,3.850,2.287,1.100,2.133,2.866,2.023,2.917,2.036,2.090,1.380,0.601,0.423,0.670,0.599,1.096,0.934,1.336,0.746,0.572,0.773,0.427,0.539,0.798,3.037,1.425,0.902,1.374,2.489,3.072,0.828,1.691,0.572,0.027,1.066,0.036,0.197,0.463,0.409,0.043,0.029,0.819,1.052,1.308,0.548,0.647,0.571,1.332,2.182,0.145,0.474,1.500
0.561,2.169,0.236,2.569,0.240,0.304,0.277,0.451,0.884,1.715,1.160,1.317,1.377,0.199,1.637,0.281,0.588,0.000,1.544,0.928,1.267,1.789,1.924,2.057,2.480,2.062,1.456,2.177,0.594,0.806,1.103,0.580,0.246,0.660,0.999,2.526,4.397,2.094,1.250,2.397,2.784,1.847,2.507,1.668,2.183,1.666,0.727,0.695,1.073,1.185,1.537,1.619,1.908,1.456,1.230,1.392,1.126,0.830,0.013,2.283,0.171,0.213,1.751,2.034,2.303,1.715,1.519,0.246,0.117,0.948,0.373,0.144,0.400,0.013,0.428,0.438,0.294,0.836,0.939,0.475,0.583,0.683,1.205,2.215,0.495,0.548,1.130
1.674,3.380,1.219,2.696,0.939,1.471,0.846,0.995,1.981,0.061,0.184,0.961,0.289,1.151,0.036,0.685,1.200,1.544,0.000,0.188,1.085,0.622,0.979,0.931,1.204,1.320,1.144,1.628,0.082,0.755,0.653,0.197,0.492,0.792,0.686,1.876,2.909,0.442,1.006,1.670,0.445,0.401,0.376,0.989,0.880,0.377,1.253,0.681,0.585,0.717,0.016,0.420,0.001,0.178,0.302,0.131,0.882,0.053,0.699,2.396,1.547,1.698,3.188,3.596,2.218,0.804,1.643,0.705,1.174,2.460,1.228,1.266,1.771,1.213,0.744,0.921,1.705,2.303,2.500,2.060,2.006,1.765,1.704,1.563,0.538,0.473,2.579
2.302,4.169,2.189,4.443,2.016,2.142,1.520,2.141,2.512,1.009,0.508,0.419,0.348,0.689,0.194,0.575,0.424,0.928,0.188,0.000,0.050,0.244,0.366,0.280,0.251,0.590,0.860,1.705,0.011,0.922,0.570,0.254,0.429,0.471,0.117,0.486,1.058,0.005,0.829,1.125,0.855,0.422,0.775,2.211,1.902,1.369,2.400,1.590,0.925,1.266,0.473,0.547,0.273,0.201,0.362,0.131,0.513,0.921,1.464,1.819,1.819,1.994,4.469,3.943,3.508,0.827,3.649,0.579,0.858,0.550,0.114,0.849,1.011,0.826,0.450,0.767,1.664,2.045,1.928,1.126,1.603,1.181,0.852,1.195,0.910,0.329,2.107
1.410,2.381,1.171,4.306,0.725,0.599,0.009,0.201,0.202,0.016,0.778,1.288,0.284,0.415,1.038,0.042,0.221,1.267,1.085,0.050,0.000,0.061,0.855,0.866,0.374,0.874,0.504,1.148,0.761,0.401,0.053,0.812,0.165,0.291,0.010,1.054,0.016,0.001,1.145,2.577,0.064,0.774,0.655,0.700,1.460,0.621,1.674,0.919,0.264,1.689,0.661,1.021,0.838,0.245,1.697,1.736,1.908,1.560,0.852,2.123,1.646,1.992,4.391,5.146,3.808,2.054,4.300,2.534,3.137,2.055,3.004,0.998,0.528,0.310,0.558,0.433,0.240,0.188,0.159,0.984,0.680,1.019,1.779,0.475,1.818,1.167,2.894
2.691,3.832,3.110,4.266,2.116,1.649,1.629,0.089,0.328,0.024,0.889,1.222,0.049,0.997,0.025,0.641,0.771,1.789,0.622,0.244,0.061,0.000,0.331,0.513,0.488,0.675,0.483,0.988,0.793,0.565,0.764,0.877,0.332,0.652,0.029,0.580,0.166,0.198,2.338,2.016,0.181,0.638,0.035,1.248,1.211,0.435,1.979,1.210,0.775,1.947,0.664,0.970,0.839,0.216,1.948,2.572,2.497,2.190,0.694,2.288,1.517,2.162,4.342,4.276,3.285,1.054,3.379,0.961,1.529,0.796,1.928,1.155,1.544,1.309,1.200,1.377,1.963,2.266,1.768,0.821,0.805,0.171,0.976,0.013,1.353,1.048,3.071
2.416,1.693,2.265,2.001,1.026,0.177,0.017,1.015,0.564,0.940,1.562,1.869,0.325,1.224,0.001,0.830,0.999,1.924,0.979,0.366,0.855,0.331,0.000,0.163,1.018,0.417,0.736,0.683,0.854,0.200,0.182,0.058,0.963,0.766,1.359,2.207,1.750,1.597,0.779,0.960,1.484,0.606,1.147,2.161,2.561,1.485,1.998,1.199,0.253,2.117,0.132,0.524,0.242,0.726,2.164,1.643,1.955,1.779,1.002,2.029,1.931,2.449,4.689,5.012,3.738,2.368,4.206,2.326,3.143,2.842,4.070,0.769,0.154,0.014,0.243,0.372,0.648,0.518,0.455,1.173,0.929,1.283,2.383,1.335,2.248,1.639,3.566
2.077,0.619,1.701,0.833,0.165,0.527,0.317,1.357,0.982,0.853,1.727,1.731,0.396,1.453,0.324,1.114,1.128,2.057,0.931,0.280,0.866,0.513,0.163,0.000,0.558,0.765,0.468,0.385,1.104,0.994,1.158,0.204,0.401,0.174,1.087,1.838,1.109,0.680,1.979,1.220,0.708,0.193,0.583,1.586,1.585,0.687,1.528,0.702,0.025,1.482,0.442,0.265,0.140,0.461,1.548,1.713,1.897,1.815,0.443,1.783,1.442,2.301,4.327,4.362,3.386,1.572,3.636,1.466,2.198,1.970,2.878,0.634,1.201,1.319,1.934,1.522,1.122,1.322,0.005,0.428,0.539,0.977,2.185,1.196,2.002,1.615,3.698
2.760,0.574,2.632,1.287,0.898,0.442,0.908,1.143,1.090,0.734,1.848,2.008,0.556,1.569,0.587,1.111,1.358,2.480,1.204,0.251,0.374,0.488,1.018,0.558,0.000,0.171,0.386,0.120,1.632,1.517,1.480,0.505,0.057,0.057,0.525,1.380,0.775,0.371,1.929,1.491,0.566,0.393,0.262,1.399,1.508,0.719,2.286,1.479,1.135,2.369,1.208,1.681,1.766,1.143,2.328,3.120,3.014,2.976,1.025,2.950,1.956,2.743,4.837,4.846,3.676,1.673,3.721,1.525,2.115,1.723,2.756,0.529,1.273,1.057,1.775,1.940,1.641,1.734,0.696,0.166,0.014,0.629,2.095,0.934,1.949,1.826,3.925
0.183,1.471,0.093,0.049,1.118,1.707,0.519,1.789,1.597,1.038,1.980,1.916,0.531,1.383,0.074,1.063,1.039,2.062,1.320,0.590,0.874,0.675,0.417,0.765,0.171,0.000,0.680,1.264,2.126,1.815,1.143,0.261,0.425,0.524,1.365,2.412,1.646,0.797,1.573,1.185,0.628,0.351,0.305,1.244,1.580,0.696,1.423,0.599,0.319,1.568,0.067,0.838,0.756,0.433,1.927,1.979,1.867,2.000,0.508,1.701,1.501,2.406,4.537,4.851,3.918,2.248,4.327,2.491,3.294,3.135,4.166,0.852,0.732,0.704,0.009,0.640,1.176,0.802,1.859,1.926,1.696,1.935,3.013,1.847,2.476,1.954,3.891
0.937,1.363,0.205,1.212,0.792,1.690,0.877,1.040,0.814,0.385,1.177,1.225,0.161,0.791,0.425,0.742,0.421,1.456,1.144,0.860,0.504,0.483,0.736,0.468,0.386,0.680,0.000,0.391,0.457,1.015,0.093,0.435,0.525,1.073,1.578,2.475,2.243,0.995,0.695,0.505,1.169,0.205,0.862,1.494,1.661,0.855,1.385,0.788,0.275,2.210,1.240,2.238,2.104,1.437,2.050,1.630,1.056,1.899,0.547,0.894,1.236,2.095,4.393,4.613,4.196,2.569,4.798,2.935,4.014,4.030,5.005,2.140,2.955,3.291,2.748,2.953,2.907,2.404,3.485,3.075,2.068,2.032,2.724,1.537,2.331,1.439,3.115
1.026,0.698,1.012,2.243,0.141,0.959,0.870,1.049,0.666,0.743,1.498,1.591,1.064,1.878,0.979,2.039,1.377,2.177,1.628,1.705,1.148,0.988,0.683,0.385,0.120,1.264,0.391,0.000,0.506,0.713,0.547,1.665,1.166,1.596,2.286,2.594,2.441,1.209,0.720,0.823,1.949,1.061,2.070,2.754,2.054,1.477,2.134,1.577,0.474,2.426,1.558,1.204,1.818,1.478,1.485,1.460,1.131,2.403,1.240,1.255,1.851,2.808,4.905,4.547,4.731,2.522,5.091,2.503,3.555,3.496,4.070,0.981,1.349,1.146,0.289,0.688,0.767,0.524,2.181,2.280,1.559,1.735,2.347,1.482,2.691,1.877,3.608
1.220,0.953,1.884,3.403,1.250,0.263,0.597,0.566,0.825,0.888,0.124,0.135,0.680,0.006,0.891,0.062,0.378,0.594,0.082,0.011,0.761,0.793,0.854,1.104,1.632,2.126,0.457,0.506,0.000,0.800,0.893,0.188,0.435,0.259,0.544,1.168,1.323,0.163,1.336,0.812,1.084,0.082,0.960,1.554,1.166,0.361,1.199,0.723,0.064,2.215,1.617,2.388,2.277,1.027,1.074,0.814,0.191,1.448,0.150,0.315,0.676,1.390,3.732,3.585,3.405,1.549,3.874,1.643,2.741,2.702,3.552,0.777,1.663,1.934,1.475,1.291,0.966,0.599,1.787,1.519,0.414,0.459,1.127,0.051,1.192,0.324,1.995
1.418,1.525,1.547,4.260,1.104,0.101,0.442,0.445,0.663,0.540,0.121,0.500,0.005,0.483,0.511,0.711,0.010,0.806,0.755,0.922,0.401,0.565,0.200,0.994,1.517,1.815,1.015,0.713,0.800,0.000,0.036,0.518,0.133,1.252,1.446,1.911,2.289,0.749,0.182,0.326,1.980,0.977,1.799,2.361,1.934,1.194,1.666,1.215,0.168,2.312,1.674,1.213,1.715,0.730,1.002,0.586,0.145,1.609,0.910,0.369,1.336,1.915,4.333,4.243,4.483,2.591,5.081,2.813,3.941,3.778,4.321,2.004,2.984,2.512,2.093,1.856,1.299,1.394,2.631,2.753,1.338,1.312,1.603,0.649,2.018,0.915,2.322
1.669,1.588,1.560,3.384,0.980,0.299,0.362,0.090,0.269,0.055,0.648,0.975,0.019,0.715,0.433,0.676,0.300,1.103,0.653,0.570,0.053,0.764,0.182,1.158,1.480,1.143,0.093,0.547,0.893,0.036,0.000,0.260,0.550,1.070,1.539,2.145,2.208,1.331,0.581,0.332,1.789,0.852,1.565,2.308,2.293,1.302,1.512,0.841,0.510,1.992,0.116,0.409,0.226,0.529,1.123,0.451,0.313,1.235,0.675,0.722,1.395,1.962,4.318,4.416,3.999,2.437,4.636,2.546,3.653,3.582,4.411,1.625,2.020,1.708,1.238,1.184,0.788,0.832,2.156,2.327,1.266,1.330,1.893,0.967,2.071,1.117,2.772
1.995,2.989,2.229,5.191,1.730,0.913,0.560,1.079,1.319,0.996,0.287,0.173,0.510,0.198,0.772,0.258,0.231,0.580,0.197,0.254,0.812,0.877,0.058,0.204,0.505,0.261,0.435,1.665,0.188,0.518,0.260,0.000,0.469,0.329,0.624,0.900,0.905,0.013,1.532,0.985,1.044,0.147,0.885,1.839,1.447,0.704,1.742,1.307,0.294,2.583,1.345,1.242,1.360,0.515,1.255,0.673,0.026,1.445,0.592,0.645,1.060,1.576,4.041,3.823,3.727,1.605,4.201,1.705,2.761,2.404,3.276,0.654,1.013,0.788,0.741,0.551,0.138,0.262,0.672,1.156,0.132,0.258,0.697,0.229,1.270,0.394,2.003
1.187,2.376,0.887,4.288,0.636,0.027,0.801,0.631,0.849,0.590,0.015,0.420,0.535,0.045,1.418,0.044,0.432,0.246,0.492,0.429,0.165,0.332,0.963,0.401,0.057,0.425,0.525,1.166,0.435,0.133,0.550,0.469,0.000,0.478,1.198,1.504,0.894,0.130,0.940,2.069,0.307,0.521,0.186,1.074,1.555,0.666,0.933,0.245,0.749,1.107,0.261,0.611,0.504,0.101,0.805,0.069,0.497,0.377,0.307,0.389,1.009,1.363,3.902,4.390,3.911,2.213,4.761,2.709,3.824,3.142,3.559,1.709,1.622,0.990,1.221,1.206,0.497,0.651,1.141,2.177,1.245,1.241,1.394,0.411,1.743,0.680,2.173
1.407,3.119,1.186,4.036,1.153,0.613,0.033,1.488,2.017,1.246,0.917,0.440,1.103,0.350,1.590,0.324,0.920,0.660,0.792,0.471,0.291,0.652,0.766,0.174,0.057,0.524,1.073,1.596,0.259,1.252,1.070,0.329,0.478,0.000,0.944,0.737,0.522,0.547,0.536,1.342,0.976,0.520,0.883,1.853,1.797,0.827,0.392,0.124,0.932,0.630,0.286,0.251,0.147,0.630,0.246,1.573,2.228,1.117,0.309,0.718,0.397,0.551,2.972,3.151,2.958,1.266,3.801,1.497,2.538,1.780,1.877,0.735,0.953,0.514,0.890,0.780,0.064,0.128,0.371,1.214,0.185,0.132,0.071,0.487,0.917,0.174,1.356
0.785,2.283,0.406,3.370,0.641,0.725,0.717,2.551,2.806,1.893,1.611,0.383,1.714,1.163,2.459,1.504,1.459,0.999,0.686,0.117,0.010,0.029,1.359,1.087,0.525,1.365,1.578,2.286,0.544,1.446,1.539,0.624,1.198,0.944,0.000,0.142,0.264,1.513,1.317,1.364,1.111,0.926,0.594,1.594,2.620,1.797,1.481,1.153,0.518,1.830,0.835,1.289,0.759,0.308,1.260,0.356,0.002,0.104,0.950,0.710,1.165,0.662,3.317,4.332,3.098,2.272,4.313,2.577,3.468,1.883,2.075,2.034,1.714,1.298,1.753,1.413,0.447,0.573,0.412,1.470,0.371,0.149,0.119,1.008,0.740,0.440,0.938
0.556,0.807,1.406,0.729,0.940,0.853,2.458,1.072,2.773,1.121,2.756,1.361,3.523,2.761,4.062,3.511,2.736,2.526,1.876,0.486,1.054,0.580,2.207,1.838,1.380,2.412,2.475,2.594,1.168,1.911,2.145,0.900,1.504,0.737,0.142,0.000,0.206,1.947,1.879,1.327,0.638,0.911,0.254,0.761,2.391,1.191,0.208,0.301,0.030,1.509,0.225,1.284,0.275,0.162,1.210,0.147,0.395,1.355,0.292,0.524,0.213,1.397,0.695,2.936,0.330,1.572,1.647,3.020,2.890,1.125,1.374,2.592,2.203,1.781,2.485,2.312,1.405,1.677,0.998,2.143,1.724,1.002,0.385,1.307,0.554,1.806,0.417
0.161,1.644,0.627,2.429,0.077,0.399,1.325,2.113,3.226,2.865,3.293,3.014,3.624,3.037,4.568,3.052,3.850,4.397,2.909,1.058,0.016,0.166,1.750,1.109,0.775,1.646,2.243,2.441,1.323,2.289,2.208,0.905,0.894,0.522,0.264,0.206,0.000,1.944,2.562,1.215,0.875,1.248,0.715,0.972,1.962,0.336,1.443,0.891,1.184,0.702,0.215,0.806,0.021,0.254,0.133,1.895,3.284,3.321,2.216,3.493,1.945,2.776,0.363,0.966,0.545,0.454,2.094,1.580,2.830,1.783,1.546,2.634,2.983,2.122,2.807,2.637,1.604,1.854,1.798,2.690,0.964,0.076,1.122,1.599,0.843,2.411,1.237
0.132,1.140,0.727,2.902,0.522,1.401,2.347,0.648,1.083,1.272,1.106,1.048,1.693,1.472,3.465,1.364,2.287,2.094,0.442,0.005,0.001,0.198,1.597,0.680,0.371,0.797,0.995,1.209,0.163,0.749,1.331,0.013,0.130,0.547,1.513,1.947,1.944,0.000,1.076,2.659,0.722,1.300,1.338,0.278,0.850,0.755,1.947,2.044,2.629,0.080,0.486,0.313,0.060,0.358,0.037,1.668,3.481,2.330,1.819,2.725,0.872,0.721,1.674,3.071,3.018,2.371,4.519,3.565,5.000,4.214,3.576,3.488,3.814,2.405,2.875,3.012,2.210,2.771,3.104,4.342,2.718,2.160,1.420,0.588,1.371,0.290,0.750
2.185,3.420,1.571,4.336,1.692,0.332,0.561,1.396,1.837,0.896,0.755,0.334,0.688,0.227,1.733,0.073,1.100,1.250,1.006,0.829,1.145,2.338,0.779,1.979,1.929,1.573,0.695,0.720,1.336,0.182,0.581,1.532,0.940,0.536,1.317,1.879,2.562,1.076,0.000,0.234,2.126,1.034,1.741,2.527,2.820,0.905,1.698,3.009,4.455,2.600,3.066,2.323,2.625,3.096,3.184,4.545,4.669,3.212,1.199,2.437,0.163,0.159,2.236,2.938,3.104,2.297,4.179,2.642,3.377,2.519,1.444,1.003,1.941,0.149,0.626,0.746,0.031,0.636,1.362,2.634,1.226,1.128,0.710,0.592,1.711,0.285,1.493
2.962,4.656,2.910,6.562,2.999,2.599,1.399,3.884,4.023,3.583,2.959,1.915,1.379,1.107,1.928,0.661,2.133,2.397,1.670,1.125,2.577,2.016,0.960,1.220,1.491,1.185,0.505,0.823,0.812,0.326,0.332,0.985,2.069,1.342,1.364,1.327,1.215,2.659,0.234,0.000,1.834,0.596,1.443,3.411,1.601,0.708,0.664,0.203,0.530,0.046,0.248,0.211,0.029,0.890,1.229,2.013,3.506,1.182,0.716,1.233,0.787,0.045,2.543,2.286,3.484,0.969,3.723,1.124,1.382,0.170,0.272,0.109,0.581,0.151,0.271,0.129,1.201,1.051,0.751,0.142,1.235,1.272,1.860,2.178,0.124,0.970,0.042
0.067,1.650,0.165,3.625,0.054,0.628,1.574,1.433,2.025,2.205,2.382,2.625,1.956,2.051,3.565,1.174,2.866,2.784,0.445,0.855,0.064,0.181,1.484,0.708,0.566,0.628,1.169,1.949,1.084,1.980,1.789,1.044,0.307,0.976,1.111,0.638,0.875,0.722,2.126,1.834,0.000,0.974,0.436,0.287,1.178,0.866,2.309,1.178,1.581,0.114,0.792,0.878,1.114,0.562,0.074,1.554,3.646,2.169,1.596,4.809,1.959,1.591,0.211,0.987,2.858,1.358,3.843,2.463,3.238,2.603,2.500,2.546,3.754,2.578,3.080,3.008,2.015,2.318,2.703,3.369,1.661,1.087,0.092,0.694,0.494,1.385,0.918
0.934,2.286,0.735,4.517,0.812,0.058,0.946,1.616,1.971,1.996,1.724,1.535,1.275,1.166,2.562,0.588,2.023,1.847,0.401,0.422,0.774,0.638,0.606,0.193,0.393,0.351,0.205,1.061,0.082,0.977,0.852,0.147,0.521,0.520,0.926,0.911,1.248,1.300,1.034,0.596,0.974,0.000,0.659,1.280,0.532,0.323,1.412,1.482,2.336,0.276,0.268,0.237,0.571,0.127,0.595,1.822,3.698,1.619,0.916,2.960,0.546,0.318,1.907,2.338,3.558,1.857,4.464,2.613,3.492,2.818,2.664,2.104,3.226,1.984,2.332,2.249,1.334,1.684,2.278,3.016,1.346,0.995,0.268,0.350,1.054,0.528,0.298
0.349,1.851,0.346,4.461,0.507,0.120,1.042,1.926,2.330,2.731,2.615,2.576,1.968,2.171,3.486,1.301,2.917,2.507,0.376,0.775,0.655,0.035,1.147,0.583,0.262,0.305,0.862,2.070,0.960,1.799,1.565,0.885,0.186,0.883,0.594,0.254,0.715,1.338,1.741,1.443,0.436,0.659,0.000,0.282,0.907,0.698,0.932,0.225,0.804,0.803,1.741,1.416,1.936,1.055,0.314,0.876,3.049,0.945,0.625,3.442,1.208,0.985,1.184,1.598,3.356,1.502,4.172,2.475,3.372,2.780,2.911,2.580,3.884,2.808,3.218,2.989,1.941,2.198,2.638,3.159,1.282,0.745,0.231,1.085,0.376,1.385,0.912
0.310,1.205,0.522,3.421,0.438,0.902,2.162,0.899,1.363,1.695,1.973,2.192,1.042,1.554,2.795,0.274,2.036,1.668,0.989,2.211,0.700,1.248,2.161,1.586,1.399,1.244,1.494,2.754,1.554,2.361,2.308,1.839,1.074,1.853,1.594,0.761,0.972,0.278,2.527,3.411,0.287,1.280,0.282,0.000,1.287,0.667,0.309,1.097,0.649,1.444,2.579,2.087,2.730,1.978,1.209,0.276,1.626,0.125,1.118,2.789,0.586,0.383,1.205,1.693,4.255,2.116,4.756,3.179,3.714,2.958,3.109,3.043,4.008,3.021,3.454,3.326,2.328,2.569,2.874,3.597,2.051,1.554,0.287,0.518,1.060,0.855,0.870
0.906,0.478,1.651,1.780,1.442,2.185,3.514,0.305,0.292,0.280,0.932,1.494,1.132,1.379,3.634,0.620,2.090,2.183,0.880,1.902,1.460,1.211,2.561,1.585,1.508,1.580,1.661,2.054,1.166,1.934,2.293,1.447,1.555,1.797,2.620,2.391,1.962,0.850,2.820,1.601,1.178,0.532,0.907,1.287,0.000,0.479,2.177,1.057,1.491,0.220,0.422,0.919,0.873,0.691,0.553,0.939,2.584,2.166,1.248,4.785,1.893,1.429,0.034,1.972,3.531,3.226,4.996,4.487,4.603,3.429,3.014,3.539,4.201,2.826,3.410,3.608,2.767,3.330,3.417,4.703,3.529,3.067,1.561,1.192,2.048,0.218,0.022
0.577,2.064,0.030,3.273,0.010,0.583,1.842,0.695,1.217,1.028,1.055,1.055,0.738,0.473,2.178,0.062,1.380,1.666,0.377,1.369,0.621,0.435,1.485,0.687,0.719,0.696,0.855,1.477,0.361,1.194,1.302,0.704,0.666,0.827,1.797,1.191,0.336,0.755,0.905,0.708,0.866,0.323,0.698,0.667,0.479,0.000,1.576,1.035,1.411,0.110,0.107,0.340,0.415,0.081,0.139,1.343,3.083,2.017,0.981,2.944,0.369,0.238,1.824,2.599,3.953,1.993,4.967,2.785,3.225,2.072,1.925,1.731,2.151,1.251,1.697,1.794,0.987,1.205,1.537,2.644,1.679,1.464,0.509,0.105,1.584,0.015,0.841
0.676,2.347,0.477,3.017,0.089,0.310,0.859,0.047,0.607,0.582,0.182,0.607,0.193,1.195,0.573,1.985,0.601,0.727,1.253,2.400,1.674,1.979,1.998,1.528,2.286,1.423,1.385,2.134,1.199,1.666,1.512,1.742,0.933,0.392,1.481,0.208,1.443,1.947,1.698,0.664,2.309,1.412,0.932,0.309,2.177,1.576,0.000,0.502,0.582,0.232,1.437,1.073,1.789,1.509,0.325,0.021,1.464,0.207,0.693,1.624,0.424,1.059,2.432,1.352,3.479,0.597,3.208,0.146,0.887,0.419,1.028,0.398,0.141,0.003,0.227,0.530,0.026,0.636,0.171,0.638,0.287,0.262,0.123,0.629,0.947,0.172,1.613
1.383,2.939,1.309,3.736,0.674,0.251,0.127,0.395,0.965,0.830,0.229,0.394,0.102,1.090,0.475,1.688,0.423,0.695,0.681,1.590,0.919,1.210,1.199,0.702,1.479,0.599,0.788,1.577,0.723,1.215,0.841,1.307,0.245,0.124,1.153,0.301,0.891,2.044,3.009,0.203,1.178,1.482,0.225,1.097,1.057,1.035,0.502,0.000,0.209,0.321,1.054,0.524,1.372,0.969,0.430,0.742,1.989,0.380,0.452,0.955,0.031,1.233,2.899,1.885,3.435,0.190,3.338,0.172,0.961,0.499,1.003,1.036,0.611,0.555,0.412,0.086,0.586,1.174,0.148,0.320,0.112,0.021,0.106,0.618,0.992,0.263,1.830
2.205,3.466,2.290,4.353,1.351,0.867,0.724,0.562,0.941,1.001,0.077,0.224,0.335,1.399,1.033,1.942,0.670,1.073,0.585,0.925,0.264,0.775,0.253,0.025,1.135,0.319,0.275,0.474,0.064,0.168,0.510,0.294,0.749,0.932,0.518,0.030,1.184,2.629,4.455,0.530,1.581,2.336,0.804,0.649,1.491,1.411,0.582,0.209,0.000,1.432,1.529,0.089,1.848,1.061,1.107,0.373,1.100,1.485,0.393,0.183,0.174,1.498,3.024,1.895,3.352,0.463,3.025,0.283,0.452,0.035,0.604,2.160,1.771,1.692,1.731,1.222,1.514,2.189,0.918,0.480,0.729,0.453,0.227,0.802,0.888,0.446,2.142
0.192,1.312,0.308,1.811,0.463,1.063,0.595,0.847,0.094,0.116,0.687,0.344,0.028,1.132,0.227,1.397,0.599,1.185,0.717,1.266,1.689,1.947,2.117,1.482,2.369,1.568,2.210,2.426,2.215,2.312,1.992,2.583,1.107,0.630,1.830,1.509,0.702,0.080,2.600,0.046,0.114,0.276,0.803,1.444,0.220,0.110,0.232,0.321,1.432,0.000,0.079,0.783,1.109,1.452,0.232,0.330,0.461,0.399,0.638,0.652,0.040,1.338,3.035,2.465,3.005,0.450,3.315,0.548,1.672,1.726,2.384,0.734,0.349,0.081,0.247,0.475,0.368,0.473,1.060,1.080,0.707,0.750,1.123,0.414,1.407,0.622,2.490
2.772,3.735,2.937,3.120,1.900,1.354,1.501,0.332,1.116,0.444,0.243,0.212,0.200,1.639,1.471,1.911,1.096,1.537,0.016,0.473,0.661,0.664,0.132,0.442,1.208,0.067,1.240,1.558,1.617,1.674,0.116,1.345,0.261,0.286,0.835,0.225,0.215,0.486,3.066,0.248,0.792,0.268,1.741,2.579,0.422,0.107,1.437,1.054,1.529,0.079,0.000,0.742,0.250,0.230,1.519,0.564,0.112,1.235,0.007,0.436,0.550,1.683,3.134,1.737,2.345,0.691,2.060,1.472,0.653,0.731,0.654,3.985,4.314,3.955,4.244,3.367,3.180,4.242,2.221,1.982,1.745,1.278,0.507,0.874,0.595,0.276,2.403
1.247,1.488,1.547,1.461,0.498,0.151,0.545,0.672,0.014,0.190,0.905,0.751,0.141,1.400,0.717,1.456,0.934,1.619,0.420,0.547,1.021,0.970,0.524,0.265,1.681,0.838,2.238,1.204,2.388,1.213,0.409,1.242,0.611,0.251,1.289,1.284,0.806,0.313,2.323,0.211,0.878,0.237,1.416,2.087,0.919,0.340,1.073,0.524,0.089,0.783,0.742,0.000,0.178,0.596,0.046,0.356,0.631,1.180,0.111,0.464,0.609,1.751,3.466,2.743,2.734,0.407,2.844,0.031,0.945,1.021,1.449,1.997,2.277,2.167,3.012,1.854,1.339,2.208,0.263,0.275,0.274,0.042,0.932,0.258,1.263,0.763,2.874
2.853,3.265,3.090,2.093,1.906,1.497,1.846,0.008,0.837,0.116,0.593,0.577,0.177,1.759,1.608,1.823,1.336,1.908,0.001,0.273,0.838,0.839,0.242,0.140,1.766,0.756,2.104,1.818,2.277,1.715,0.226,1.360,0.504,0.147,0.759,0.275,0.021,0.060,2.625,0.029,1.114,0.571,1.936,2.730,0.873,0.415,1.789,1.372,1.848,1.109,0.250,0.178,0.000,0.630,0.411,0.500,1.142,1.669,0.199,1.153,0.789,1.881,3.332,1.955,1.999,0.695,1.677,1.826,0.998,0.946,0.922,4.295,5.607,5.173,6.330,5.007,4.211,5.371,2.929,2.744,2.160,1.558,0.408,0.820,0.507,0.357,2.697
3.249,3.842,3.475,2.968,2.238,1.664,2.005,0.356,1.003,0.471,0.317,0.406,0.227,1.140,0.666,1.108,0.746,1.456,0.178,0.201,0.245,0.216,0.726,0.461,1.143,0.433,1.437,1.478,1.027,0.730,0.529,0.515,0.101,0.630,0.308,0.162,0.254,0.358,3.096,0.890,0.562,0.127,1.055,1.978,0.691,0.081,1.509,0.969,1.061,1.452,0.230,0.596,0.630,0.000,0.351,0.618,0.950,1.513,0.024,1.045,0.677,1.630,3.412,2.472,2.268,0.323,2.130,1.017,0.268,0.487,0.083,3.773,4.248,4.335,4.252,3.703,3.637,4.398,2.609,2.150,1.862,1.281,0.195,0.787,0.543,0.285,2.485
0.767,1.992,0.724,1.537,0.211,0.653,0.096,0.908,0.097,0.260,0.860,0.618,0.230,0.999,0.069,0.936,0.572,1.230,0.302,0.362,1.697,1.948,2.164,1.548,2.328,1.927,2.050,1.485,1.074,1.002,1.123,1.255,0.805,0.246,1.260,1.210,0.133,0.037,3.184,1.229,0.074,0.595,0.314,1.209,0.553,0.139,0.325,0.430,1.107,0.232,1.519,0.046,0.411,0.351,0.000,0.500,0.189,0.127,0.745,0.063,0.211,1.282,3.077,2.769,2.465,0.202,2.740,0.159,1.041,0.873,1.719,2.006,1.853,1.526,1.291,0.608,0.739,1.614,0.315,0.004,0.086,0.322,1.040,0.318,1.193,0.625,2.697
1.247,2.958,1.282,2.100,0.205,0.253,0.970,0.590,0.200,0.166,0.628,0.207,0.302,1.203,0.368,1.184,0.773,1.392,0.131,0.131,1.736,2.572,1.643,1.713,3.120,1.979,1.630,1.460,0.814,0.586,0.451,0.673,0.069,1.573,0.356,0.147,1.895,1.668,4.545,2.013,1.554,1.822,0.876,0.276,0.939,1.343,0.021,0.742,0.373,0.330,0.564,0.356,0.500,0.618,0.500,0.000,0.673,0.153,1.364,0.273,0.309,1.014,2.444,1.707,1.743,1.456,1.520,1.480,0.951,1.409,0.598,3.740,3.524,2.566,2.208,1.625,1.870,3.089,2.114,1.788,1.237,0.834,0.128,0.678,0.424,0.262,2.499
0.681,2.261,0.471,2.293,0.527,0.404,0.016,0.895,0.389,0.315,0.678,0.001,0.368,0.944,0.352,0.950,0.427,1.126,0.882,0.513,1.908,2.497,1.955,1.897,3.014,1.867,1.056,1.131,0.191,0.145,0.313,0.026,0.497,2.228,0.002,0.395,3.284,3.481,4.669,3.506,3.646,3.698,3.049,1.626,2.584,3.083,1.464,1.989,1.100,0.461,0.112,0.631,1.142,0.950,0.189,0.673,0.000,0.461,2.410,0.109,0.887,0.616,2.070,1.885,2.186,1.518,1.972,0.580,0.129,0.798,0.425,1.845,1.783,1.246,0.898,0.359,0.725,1.568,1.064,0.588,0.247,0.008,0.299,0.482,0.618,0.425,2.459
1.112,3.116,1.161,2.815,0.421,0.688,0.804,0.365,1.279,1.077,0.540,1.019,0.643,0.967,0.664,1.381,0.539,0.830,0.053,0.921,1.560,2.190,1.779,1.815,2.976,2.000,1.899,2.403,1.448,1.609,1.235,1.445,0.377,1.117,0.104,1.355,3.321,2.330,3.212,1.182,2.169,1.619,0.945,0.125,2.166,2.017,0.207,0.380,1.485,0.399,1.235,1.180,1.669,1.513,0.127,0.153,0.461,0.000,1.838,0.496,1.059,0.378,1.418,0.017,1.242,3.006,0.636,2.576,1.931,2.178,1.076,2.678,2.592,1.529,1.220,0.947,1.455,2.684,1.914,1.886,1.735,1.655,1.601,1.970,0.549,0.703,1.345
1.646,3.337,1.183,3.627,0.810,0.570,0.448,0.737,1.339,0.690,0.517,0.539,0.621,1.557,0.853,2.385,0.798,0.013,0.699,1.464,0.852,0.694,1.002,0.443,1.025,0.508,0.547,1.240,0.150,0.910,0.675,0.592,0.307,0.309,0.950,0.292,2.216,1.819,1.199,0.716,1.596,0.916,0.625,1.118,1.248,0.981,0.693,0.452,0.393,0.638,0.007,0.111,0.199,0.024,0.745,1.364,2.410,1.838,0.000,1.821,0.516,1.129,2.293,1.333,3.887,0.680,3.069,0.096,0.187,0.662,0.318,0.882,0.749,0.818,0.450,0.286,0.957,1.326,0.818,0.046,0.255,0.153,0.825,0.836,1.120,0.398,1.648
0.649,2.191,0.103,2.002,0.728,0.606,1.040,1.244,1.032,0.711,1.459,0.464,1.823,3.384,2.520,4.071,3.037,2.283,2.396,1.819,2.123,2.288,2.029,1.783,2.950,1.701,0.894,1.255,0.315,0.369,0.722,0.645,0.389,0.718,0.710,0.524,3.493,2.725,2.437,1.233,4.809,2.960,3.442,2.789,4.785,2.944,1.624,0.955,0.183,0.652,0.436,0.464,1.153,1.045,0.063,0.273,0.109,0.496,1.821,0.000,1.467,1.232,0.061,0.166,2.573,2.378,1.341,0.735,0.636,1.162,0.283,1.235,1.481,1.083,0.765,0.252,0.659,1.352,0.942,0.333,0.219,0.467,0.014,0.217,1.202,1.456,3.068
0.580,2.171,0.116,2.254,0.391,0.429,1.642,0.209,0.305,0.363,0.099,0.569,1.511,2.088,0.900,3.272,1.425,0.171,1.547,1.819,1.646,1.517,1.931,1.442,1.956,1.501,1.236,1.851,0.676,1.336,1.395,1.060,1.009,0.397,1.165,0.213,1.945,0.872,0.163,0.787,1.959,0.546,1.208,0.586,1.893,0.369,0.424,0.031,0.174,0.040,0.550,0.609,0.789,0.677,0.211,0.309,0.887,1.059,0.516,1.467,0.000,0.077,1.486,0.074,3.149,0.794,1.892,0.677,0.369,0.366,0.066,0.284,0.187,0.076,0.537,0.703,0.003,0.235,0.107,0.710,0.726,0.735,0.457,0.369,1.408,0.666,1.199
0.151,1.863,0.299,1.974,0.607,0.236,1.218,0.026,0.767,0.377,0.983,1.786,0.792,0.556,0.385,1.319,0.902,0.213,1.698,1.994,1.992,2.162,2.449,2.301,2.743,2.406,2.095,2.808,1.390,1.915,1.962,1.576,1.363,0.551,0.662,1.397,2.776,0.721,0.159,0.045,1.591,0.318,0.985,0.383,1.429,0.238,1.059,1.233,1.498,1.338,1.683,1.751,1.881,1.630,1.282,1.014,0.616,0.378,1.129,1.232,0.077,0.000,0.395,0.535,2.590,1.885,1.310,0.335,0.070,0.630,0.333,0.381,0.133,0.459,0.912,0.908,0.146,0.382,0.345,0.102,0.025,0.260,1.250,1.875,0.345,0.890,0.439
1.959,0.119,2.388,0.208,2.637,2.300,3.243,1.928,0.560,1.305,0.069,1.242,1.045,0.470,0.070,1.447,1.374,1.751,3.188,4.469,4.391,4.342,4.689,4.327,4.837,4.537,4.393,4.905,3.732,4.333,4.318,4.041,3.902,2.972,3.317,0.695,0.363,1.674,2.236,2.543,0.211,1.907,1.184,1.205,0.034,1.824,2.432,2.899,3.024,3.035,3.134,3.466,3.332,3.412,3.077,2.444,2.070,1.418,2.293,0.061,1.486,0.395,0.000,0.770,2.031,1.440,1.899,0.100,1.130,1.089,1.968,2.098,1.782,2.328,2.746,2.807,2.092,1.342,1.618,1.785,1.579,1.032,0.002,0.822,0.057,1.472,0.006
2.571,1.024,3.537,2.070,3.667,3.570,4.787,3.722,2.410,4.621,2.573,1.621,0.031,1.519,0.124,1.730,2.489,2.034,3.596,3.943,5.146,4.276,5.012,4.362,4.846,4.851,4.613,4.547,3.585,4.243,4.416,3.823,4.390,3.151,4.332,2.936,0.966,3.071,2.938,2.286,0.987,2.338,1.598,1.693,1.972,2.599,1.352,1.885,1.895,2.465,1.737,2.743,1.955,2.472,2.769,1.707,1.885,0.017,1.333,0.166,0.074,0.535,0.770,0.000,0.014,0.023,1.101,1.095,1.573,1.353,1.747,2.651,1.983,2.349,2.880,3.090,2.502,2.018,2.019,2.565,3.166,2.989,1.872,1.777,2.133,0.061,1.622
0.846,0.978,1.407,0.037,1.388,0.875,2.321,1.072,0.750,2.041,0.104,0.490,0.027,1.884,1.946,2.469,3.072,2.303,2.218,3.508,3.808,3.285,3.738,3.386,3.676,3.918,4.196,4.731,3.405,4.483,3.999,3.727,3.911,2.958,3.098,0.330,0.545,3.018,3.104,3.484,2.858,3.558,3.356,4.255,3.531,3.953,3.479,3.435,3.352,3.005,2.345,2.734,1.999,2.268,2.465,1.743,2.186,1.242,3.887,2.573,3.149,2.590,2.031,0.014,0.000,1.050,0.823,2.036,0.701,0.480,0.136,1.291,0.559,1.337,1.766,1.458,0.638,0.172,0.004,0.012,0.063,0.668,1.750,1.754,0.518,1.513,0.435
0.291,1.346,1.250,0.507,0.931,1.154,2.585,0.273,1.275,1.031,0.877,0.956,1.851,0.693,2.056,0.740,0.828,1.715,0.804,0.827,2.054,1.054,2.368,1.572,1.673,2.248,2.569,2.522,1.549,2.591,2.437,1.605,2.213,1.266,2.272,1.572,0.454,2.371,2.297,0.969,1.358,1.857,1.502,2.116,3.226,1.993,0.597,0.190,0.463,0.450,0.691,0.407,0.695,0.323,0.202,1.456,1.518,3.006,0.680,2.378,0.794,1.885,1.440,0.023,1.050,0.000,0.263,1.088,0.603,0.160,0.217,1.384,1.127,0.897,1.579,1.588,0.787,0.757,0.588,1.485,1.393,0.995,0.596,0.074,0.477,1.253,0.131
1.449,0.339,2.112,0.739,1.887,1.527,3.168,1.391,0.855,2.359,0.023,0.296,1.073,0.698,0.443,0.908,1.691,1.519,1.643,3.649,4.300,3.379,4.206,3.636,3.721,4.327,4.798,5.091,3.874,5.081,4.636,4.201,4.761,3.801,4.313,1.647,2.094,4.519,4.179,3.723,3.843,4.464,4.172,4.756,4.996,4.967,3.208,3.338,3.025,3.315,2.060,2.844,1.677,2.130,2.740,1.520,1.972,0.636,3.069,1.341,1.892,1.310,1.899,1.101,0.823,0.263,0.000,1.734,0.143,0.357,0.691,2.205,1.397,2.049,2.515,2.181,1.342,0.635,0.787,0.820,0.620,0.198,1.302,1.197,0.323,1.727,0.278
0.354,1.016,1.640,1.044,1.159,1.396,2.806,1.266,0.542,2.983,0.838,1.205,0.849,0.456,0.867,0.070,0.572,0.246,0.705,0.579,2.534,0.961,2.326,1.466,1.525,2.491,2.935,2.503,1.643,2.813,2.546,1.705,2.709,1.497,2.577,3.020,1.580,3.565,2.642,1.124,2.463,2.613,2.475,3.179,4.487,2.785,0.146,0.172,0.283,0.548,1.472,0.031,1.826,1.017,0.159,1.480,0.580,2.576,0.096,0.735,0.677,0.335,0.100,1.095,2.036,1.088,1.734,0.000,1.004,1.040,1.406,1.020,0.199,0.332,1.023,0.950,0.258,0.153,0.182,0.563,1.429,1.362,0.109,1.891,1.321,0.156,1.502
0.948,0.666,1.943,1.087,1.384,1.581,3.135,0.930,1.435,1.627,0.065,0.217,1.606,0.161,1.143,0.476,0.027,0.117,1.174,0.858,3.137,1.529,3.143,2.198,2.115,3.294,4.014,3.555,2.741,3.941,3.653,2.761,3.824,2.538,3.468,2.890,2.830,5.000,3.377,1.382,3.238,3.492,3.372,3.714,4.603,3.225,0.887,0.961,0.452,1.672,0.653,0.945,0.998,0.268,1.041,0.951,0.129,1.931,0.187,0.636,0.369,0.070,1.130,1.573,0.701,0.603,0.143,1.004,0.000,0.001,0.467,1.893,0.880,1.270,1.868,1.670,0.909,0.454,0.546,0.971,0.814,0.028,0.367,0.099,0.237,0.996,0.985
0.789,1.089,1.439,0.270,0.751,0.846,1.155,0.413,2.568,0.087,1.117,0.755,2.416,1.080,2.029,1.387,1.066,0.948,2.460,0.550,2.055,0.796,2.842,1.970,1.723,3.135,4.030,3.496,2.702,3.778,3.582,2.404,3.142,1.780,1.883,1.125,1.783,4.214,2.519,0.170,2.603,2.818,2.780,2.958,3.429,2.072,0.419,0.499,0.035,1.726,0.731,1.021,0.946,0.487,0.873,1.409,0.798,2.178,0.662,1.162,0.366,0.630,1.089,1.353,0.480,0.160,0.357,1.040,0.001,0.000,0.078,1.990,1.062,1.525,2.117,1.842,0.970,0.351,0.568,0.416,0.591,1.218,1.051,0.963,0.555,1.606,0.379
1.281,0.520,1.747,1.341,1.401,1.333,0.578,0.761,1.271,0.614,0.005,0.080,1.576,0.081,0.938,0.373,0.036,0.373,1.228,0.114,3.004,1.928,4.070,2.878,2.756,4.166,5.005,4.070,3.552,4.321,4.411,3.276,3.559,1.877,2.075,1.374,1.546,3.576,1.444,0.272,2.500,2.664,2.911,3.109,3.014,1.925,1.028,1.003,0.604,2.384,0.654,1.449,0.922,0.083,1.719,0.598,0.425,1.076,0.318,0.283,0.066,0.333,1.968,1.747,0.136,0.217,0.691,1.406,0.467,0.078,0.000,0.097,0.893,1.031,1.396,1.198,0.580,1.076,0.217,1.115,0.836,0.956,0.168,0.416,0.027,0.850,1.372
0.803,2.205,0.200,0.255,0.327,0.961,0.838,0.270,1.013,0.726,0.350,0.561,0.882,0.198,1.155,0.097,0.197,0.144,1.266,0.849,0.998,1.155,0.769,0.634,0.529,0.852,2.140,0.981,0.777,2.004,1.625,0.654,1.709,0.735,2.034,2.592,2.634,3.488,1.003,0.109,2.546,2.104,2.580,3.043,3.539,1.731,0.398,1.036,2.160,0.734,3.985,1.997,4.295,3.773,2.006,3.740,1.845,2.678,0.882,1.235,0.284,0.381,2.098,2.651,1.291,1.384,2.205,1.020,1.893,1.990,0.097,0.000,0.169,0.610,0.161,0.330,0.265,0.277,1.000,1.803,0.972,0.810,1.133,1.086,1.324,0.216,2.071
0.691,1.702,0.020,0.279,0.957,0.315,0.007,0.303,1.741,0.372,0.178,0.181,1.305,0.170,1.257,0.435,0.463,0.400,1.771,1.011,0.528,1.544,0.154,1.201,1.273,0.732,2.955,1.349,1.663,2.984,2.020,1.013,1.622,0.953,1.714,2.203,2.983,3.814,1.941,0.581,3.754,3.226,3.884,4.008,4.201,2.151,0.141,0.611,1.771,0.349,4.314,2.277,5.607,4.248,1.853,3.524,1.783,2.592,0.749,1.481,0.187,0.133,1.782,1.983,0.559,1.127,1.397,0.199,0.880,1.062,0.893,0.169,0.000,0.229,0.609,0.230,0.486,0.732,1.130,0.751,0.044,0.065,0.395,0.598,0.757,0.392,1.489
0.584,1.210,0.492,0.256,0.818,0.402,0.401,0.122,1.211,0.002,0.024,0.147,1.169,0.064,1.128,0.250,0.409,0.013,1.213,0.826,0.310,1.309,0.014,1.319,1.057,0.704,3.291,1.146,1.934,2.512,1.708,0.788,0.990,0.514,1.298,1.781,2.122,2.405,0.149,0.151,2.578,1.984,2.808,3.021,2.826,1.251,0.003,0.555,1.692,0.081,3.955,2.167,5.173,4.335,1.526,2.566,1.246,1.529,0.818,1.083,0.076,0.459,2.328,2.349,1.337,0.897,2.049,0.332,1.270,1.525,1.031,0.610,0.229,0.000,0.386,0.382,0.048,0.548,1.347,0.700,0.065,0.046,0.717,0.398,0.798,0.191,1.762
0.261,0.049,0.027,0.647,0.410,0.998,0.144,0.451,0.569,0.610,0.586,0.753,0.652,0.408,0.736,0.180,0.043,0.428,0.744,0.450,0.558,1.200,0.243,1.934,1.775,0.009,2.748,0.289,1.475,2.093,1.238,0.741,1.221,0.890,1.753,2.485,2.807,2.875,0.626,0.271,3.080,2.332,3.218,3.454,3.410,1.697,0.227,0.412,1.731,0.247,4.244,3.012,6.330,4.252,1.291,2.208,0.898,1.220,0.450,0.765,0.537,0.912,2.746,2.880,1.766,1.579,2.515,1.023,1.868,2.117,1.396,0.161,0.609,0.386,0.000,0.528,0.720,0.452,2.114,1.414,0.787,0.759,1.457,1.194,1.430,0.416,2.351
0.017,0.571,0.297,1.513,0.475,0.801,0.195,0.418,0.615,0.677,0.598,0.881,0.885,0.194,0.957,0.214,0.029,0.438,0.921,0.767,0.433,1.377,0.372,1.522,1.940,0.640,2.953,0.688,1.291,1.856,1.184,0.551,1.206,0.780,1.413,2.312,2.637,3.012,0.746,0.129,3.008,2.249,2.989,3.326,3.608,1.794,0.530,0.086,1.222,0.475,3.367,1.854,5.007,3.703,0.608,1.625,0.359,0.947,0.286,0.252,0.703,0.908,2.807,3.090,1.458,1.588,2.181,0.950,1.670,1.842,1.198,0.330,0.230,0.382,0.528,0.000,0.557,0.241,1.540,0.892,0.472,0.507,1.433,1.118,1.233,0.324,2.314
