0.000,0.020,0.124,0.364,0.350,0.078,0.310,1.115,1.291,1.049,0.830,0.634,0.208,0.056,0.421,0.181,0.087,0.077,0.016,0.740,1.216,1.006,1.386,0.795,0.361,0.318,0.393,0.865,0.483,0.320,0.532,0.690,0.477,0.456,0.573,0.548,0.249,0.432,0.270,0.104,0.146,0.049,0.188,0.201,0.484,0.606,0.782,0.068,0.033,0.054,0.155,0.215,0.388,0.147,0.125,0.082,0.192,0.086,0.339,0.121,0.044,0.169,0.154,0.296,0.098,0.549,0.203,0.213,0.022,0.108,0.101,0.251,0.098,0.154,0.149,0.063,0.142,0.205,0.399,0.336,0.068,0.341,0.398,0.474,0.577,0.866,0.502,0.491,0.541,0.113,0.288,0.078,0.151,0.080
0.020,0.000,0.009,0.318,0.315,0.049,0.179,0.355,0.104,0.036,0.247,0.185,0.155,0.125,0.067,0.044,0.022,0.001,0.023,0.443,0.815,0.793,1.300,1.032,0.490,0.424,0.542,1.044,0.590,0.401,0.617,0.711,0.432,0.439,0.609,0.502,0.279,0.538,0.406,0.229,0.239,0.156,0.286,0.031,0.292,0.346,0.700,0.188,0.098,0.095,0.203,0.210,0.369,0.194,0.198,0.072,0.180,0.026,0.297,0.182,0.053,0.112,0.083,0.211,0.046,0.310,0.156,0.172,0.096,0.007,0.002,0.199,0.024,0.146,0.348,0.035,0.108,0.257,0.366,0.658,0.039,0.412,0.420,0.597,0.685,0.981,0.496,0.535,0.539,0.058,0.229,0.043,0.221,0.025
0.124,0.009,0.000,0.548,0.516,0.227,0.228,1.424,1.046,0.442,0.341,0.283,0.031,0.006,0.226,0.107,0.093,0.073,0.006,0.470,0.874,0.808,1.423,1.111,0.825,0.824,0.777,1.144,0.642,0.545,0.682,0.709,0.482,0.503,0.620,0.504,0.252,0.508,0.386,0.187,0.247,0.154,0.288,0.038,0.331,0.240,0.647,0.224,0.170,0.142,0.262,0.089,0.187,0.077,0.088,0.057,0.040,0.128,0.141,0.356,0.141,0.035,0.090,0.088,0.036,0.218,0.023,0.006,0.271,0.151,0.133,0.094,0.080,0.050,0.403,0.112,0.028,0.004,0.007,0.413,0.294,0.171,0.178,0.400,0.563,0.944,0.466,0.490,0.486,0.011,0.228,0.034,0.223,0.046
0.364,0.318,0.548,0.000,0.114,0.512,0.004,0.201,0.369,0.067,0.294,0.069,0.392,0.419,0.180,0.225,0.338,0.315,0.239,0.557,1.102,1.068,1.844,1.060,0.614,0.328,0.397,1.053,0.352,0.175,0.494,0.619,0.200,0.234,0.502,0.356,0.134,0.439,0.214,0.001,0.014,0.142,0.061,0.420,0.764,0.849,1.230,0.153,0.203,0.175,0.027,0.461,0.647,0.425,0.389,0.272,0.406,0.214,0.545,0.015,0.199,0.390,0.367,0.547,0.457,0.724,0.431,0.467,0.150,0.281,0.335,0.549,0.443,0.567,0.025,0.346,0.483,0.588,0.613,1.029,0.354,0.754,0.768,1.010,1.155,1.512,1.033,1.038,1.018,0.529,0.669,0.413,0.146,0.382
0.350,0.315,0.516,0.114,0.000,0.033,0.083,0.551,0.476,0.341,0.296,0.072,0.501,0.566,0.281,0.215,0.415,0.301,0.128,0.665,1.266,1.242,1.917,0.830,0.246,0.079,0.250,0.961,0.269,0.145,0.513,0.690,0.264,0.308,0.593,0.468,0.278,0.584,0.355,0.146,0.113,0.023,0.064,0.366,0.641,0.828,1.149,0.021,0.082,0.025,0.112,0.359,0.596,0.316,0.279,0.187,0.326,0.162,0.493,0.041,0.099,0.327,0.330,0.475,0.347,0.674,0.400,0.411,0.105,0.223,0.260,0.445,0.353,0.455,0.014,0.270,0.402,0.560,0.663,0.919,0.353,0.733,0.745,0.933,1.061,1.392,0.924,0.905,0.888,0.417,0.525,0.258,0.005,0.213
0.078,0.049,0.227,0.512,0.033,0.000,0.367,1.239,1.118,0.630,0.214,0.226,0.534,0.300,0.186,0.172,0.115,0.174,0.097,0.166,0.427,0.449,1.015,0.627,0.280,0.165,0.267,0.772,0.169,0.151,0.344,0.408,0.183,0.166,0.361,0.268,0.145,0.444,0.333,0.151,0.150,0.091,0.262,0.034,0.240,0.194,0.555,0.216,0.046,0.030,0.138,0.321,0.518,0.399,0.448,0.211,0.285,0.062,0.305,0.147,0.068,0.107,0.021,0.143,0.001,0.111,0.114,0.161,0.088,0.019,0.037,0.226,0.009,0.106,0.636,0.079,0.087,0.264,0.299,0.782,0.044,0.378,0.331,0.539,0.588,0.886,0.370,0.434,0.454,0.017,0.193,0.053,0.205,0.042
0.310,0.179,0.228,0.004,0.083,0.367,0.000,0.196,0.936,0.569,0.564,0.434,0.185,0.329,0.375,0.319,0.369,0.217,0.198,0.798,1.089,0.875,1.313,0.482,0.042,0.107,0.062,0.617,0.172,0.069,0.305,0.545,0.382,0.286,0.471,0.522,0.333,0.528,0.366,0.246,0.205,0.147,0.281,0.094,0.342,0.394,0.593,0.004,0.036,0.039,0.028,0.482,0.582,0.413,0.546,0.418,0.553,0.436,0.707,0.256,0.268,0.454,0.439,0.526,0.254,0.532,0.556,0.529,0.247,0.264,0.214,0.299,0.026,0.193,0.143,0.263,0.245,0.454,0.590,0.811,0.237,0.725,0.655,0.742,0.806,1.078,0.554,0.527,0.506,0.037,0.174,0.015,0.252,0.060
1.115,0.355,1.424,0.201,0.551,1.239,0.196,0.000,0.076,0.038,0.177,0.088,0.217,0.870,0.629,0.596,1.041,0.660,0.470,0.023,0.226,0.442,0.314,0.575,0.772,0.336,0.235,0.187,0.170,0.028,0.149,0.048,0.373,0.127,0.008,0.259,0.188,0.255,0.394,0.378,0.454,0.573,0.983,0.724,0.796,1.080,1.277,0.823,0.547,0.422,0.303,0.099,0.180,0.271,0.606,0.262,0.215,0.092,0.068,0.051,0.299,0.277,0.480,0.516,0.994,0.883,0.347,0.341,0.362,0.362,0.717,0.548,1.192,1.100,1.291,0.467,0.816,0.576,0.370,0.389,0.931,0.559,0.736,0.862,1.029,0.957,1.428,1.268,1.103,1.536,1.045,0.921,1.094,0.875
1.291,0.104,1.046,0.369,0.476,1.118,0.936,0.076,0.000,0.023,0.385,0.182,0.103,0.890,0.418,0.352,0.956,0.359,0.157,0.255,0.586,1.002,1.017,1.319,1.297,1.029,0.961,0.898,0.836,0.638,0.823,0.663,0.152,0.472,0.612,0.229,0.276,0.282,0.153,0.109,0.069,0.094,0.535,0.223,0.400,0.615,0.963,0.283,0.021,0.131,0.276,0.702,0.846,0.880,1.206,0.882,0.818,0.689,0.624,0.533,0.275,0.291,0.072,0.024,0.502,0.329,0.193,0.226,0.256,0.282,0.129,0.005,0.702,0.654,0.642,0.109,0.303,0.025,0.285,0.043,0.384,0.071,0.215,0.421,0.649,0.657,1.099,0.949,0.749,1.180,0.685,0.517,0.654,0.479
1.049,0.036,0.442,0.067,0.341,0.630,0.569,0.038,0.023,0.000,0.431,0.137,0.003,0.702,0.309,0.267,0.750,0.254,0.142,0.178,0.414,0.851,0.648,0.939,0.865,0.785,0.740,0.595,0.672,0.497,0.598,0.509,0.090,0.311,0.436,0.122,0.177,0.157,0.065,0.063,0.015,0.093,0.494,0.096,0.253,0.253,0.564,0.303,0.044,0.001,0.078,0.505,0.737,0.636,0.834,0.610,0.578,0.469,0.479,0.309,0.140,0.201,0.056,0.040,0.425,0.084,0.145,0.162,0.150,0.226,0.099,0.019,0.534,0.528,0.328,0.053,0.231,0.023,0.373,0.023,0.295,0.017,0.063,0.243,0.374,0.328,0.740,0.684,0.531,0.932,0.558,0.476,0.610,0.446
0.830,0.247,0.341,0.294,0.296,0.214,0.564,0.177,0.385,0.431,0.000,0.029,0.286,0.183,0.121,0.166,0.387,0.158,0.253,0.191,0.148,0.326,0.255,0.545,0.519,0.585,0.494,0.244,0.373,0.275,0.260,0.151,0.093,0.068,0.090,0.153,0.109,0.172,0.175,0.139,0.152,0.217,0.537,0.097,0.219,0.069,0.173,0.375,0.136,0.151,0.143,0.320,0.649,0.423,0.507,0.353,0.362,0.250,0.330,0.089,0.035,0.093,0.014,0.019,0.361,0.032,0.099,0.112,0.044,0.151,0.099,0.028,0.360,0.392,0.263,0.013,0.191,0.062,0.443,0.051,0.177,0.097,0.083,0.034,0.106,0.007,0.389,0.390,0.282,0.652,0.432,0.441,0.587,0.426
0.634,0.185,0.283,0.069,0.072,0.226,0.434,0.088,0.182,0.137,0.029,0.000,0.081,0.219,0.085,0.294,0.493,0.276,0.363,0.283,0.254,0.559,0.422,0.622,0.533,0.627,0.596,0.475,0.467,0.376,0.447,0.463,0.027,0.158,0.329,0.018,0.036,0.066,0.052,0.067,0.107,0.219,0.591,0.121,0.398,0.148,0.368,0.427,0.167,0.189,0.160,0.264,0.628,0.369,0.420,0.319,0.303,0.233,0.263,0.088,0.056,0.042,0.029,0.055,0.482,0.007,0.036,0.040,0.033,0.158,0.133,0.042,0.447,0.531,0.112,0.066,0.273,0.015,0.455,0.207,0.229,0.015,0.003,0.201,0.293,0.239,0.587,0.611,0.495,0.809,0.628,0.583,0.687,0.548
0.208,0.155,0.031,0.392,0.501,0.534,0.185,0.217,0.103,0.003,0.286,0.081,0.000,0.161,0.086,0.263,0.398,0.216,0.145,0.579,0.423,0.707,0.482,0.683,0.635,0.592,0.577,0.489,0.539,0.383,0.470,0.526,0.092,0.135,0.396,0.143,0.206,0.235,0.053,0.065,0.051,0.113,0.515,0.008,0.287,0.012,0.469,0.448,0.243,0.267,0.213,0.152,0.452,0.210,0.291,0.226,0.205,0.183,0.218,0.055,0.069,0.002,0.069,0.095,0.562,0.027,0.036,0.062,0.053,0.065,0.207,0.162,0.575,0.632,0.075,0.140,0.312,0.086,0.348,0.450,0.350,0.088,0.112,0.354,0.405,0.385,0.707,0.748,0.641,0.941,0.701,0.662,0.751,0.631
0.056,0.125,0.006,0.419,0.566,0.300,0.329,0.870,0.890,0.702,0.183,0.219,0.161,0.000,0.044,0.073,0.004,0.099,0.293,0.141,0.181,0.159,0.156,0.187,0.239,0.191,0.227,0.059,0.242,0.181,0.211,0.242,0.052,0.055,0.229,0.121,0.344,0.292,0.226,0.331,0.158,0.163,0.203,0.193,0.110,0.161,0.185,0.228,0.060,0.065,0.100,0.200,0.456,0.241,0.247,0.192,0.183,0.122,0.193,0.051,0.001,0.015,0.072,0.015,0.379,0.195,0.061,0.046,0.074,0.103,0.090,0.045,0.302,0.398,0.264,0.078,0.183,0.104,0.246,0.427,0.430,0.135,0.111,0.294,0.319,0.245,0.483,0.497,0.317,0.574,0.268,0.243,0.356,0.159
0.421,0.067,0.226,0.180,0.281,0.186,0.375,0.629,0.418,0.309,0.121,0.085,0.086,0.044,0.000,0.048,0.303,0.056,0.162,0.140,0.143,0.176,0.086,0.226,0.269,0.285,0.302,0.125,0.284,0.233,0.251,0.255,0.060,0.092,0.224,0.097,0.285,0.211,0.137,0.216,0.103,0.070,0.313,0.086,0.071,0.012,0.190,0.262,0.040,0.037,0.071,0.277,0.567,0.354,0.356,0.267,0.258,0.170,0.231,0.006,0.001,0.044,0.048,0.010,0.371,0.108,0.012,0.016,0.018,0.150,0.071,0.090,0.283,0.378,0.050,0.033,0.182,0.044,0.346,0.233,0.323,0.074,0.035,0.190,0.257,0.166,0.460,0.455,0.281,0.577,0.308,0.257,0.392,0.183
0.181,0.044,0.107,0.225,0.215,0.172,0.319,0.596,0.352,0.267,0.166,0.294,0.263,0.073,0.048,0.000,0.022,0.015,0.146,0.238,0.036,0.212,0.060,0.247,0.257,0.287,0.304,0.218,0.227,0.204,0.257,0.327,0.082,0.025,0.289,0.176,0.384,0.399,0.225,0.287,0.101,0.056,0.343,0.078,0.237,0.011,0.291,0.352,0.149,0.190,0.213,0.083,0.429,0.116,0.060,0.088,0.076,0.061,0.096,0.083,0.097,0.063,0.106,0.102,0.493,0.131,0.098,0.098,0.083,0.102,0.125,0.043,0.344,0.510,0.329,0.150,0.268,0.132,0.345,0.570,0.345,0.163,0.094,0.330,0.379,0.349,0.565,0.623,0.485,0.670,0.531,0.465,0.527,0.370
0.087,0.022,0.093,0.338,0.415,0.115,0.369,1.041,0.956,0.750,0.387,0.493,0.398,0.004,0.303,0.022,0.000,0.002,0.274,0.022,0.391,0.098,0.387,0.097,0.003,0.057,0.025,0.183,0.021,0.048,0.035,0.003,0.144,0.166,0.012,0.049,0.245,0.188,0.141,0.273,0.071,0.094,0.257,0.105,0.051,0.087,0.160,0.305,0.154,0.162,0.232,0.036,0.292,0.057,0.011,0.005,0.002,0.053,0.031,0.230,0.134,0.126,0.192,0.120,0.451,0.154,0.188,0.172,0.213,0.017,0.177,0.030,0.316,0.452,0.272,0.212,0.284,0.243,0.130,0.596,0.541,0.256,0.192,0.367,0.375,0.276,0.475,0.512,0.322,0.542,0.274,0.254,0.367,0.138
0.077,0.001,0.073,0.315,0.301,0.174,0.217,0.660,0.359,0.254,0.158,0.276,0.216,0.099,0.056,0.015,0.002,0.000,0.282,0.164,0.107,0.131,0.032,0.137,0.201,0.195,0.210,0.128,0.160,0.140,0.162,0.209,0.019,0.087,0.170,0.091,0.375,0.348,0.182,0.265,0.086,0.078,0.334,0.098,0.227,0.015,0.226,0.341,0.154,0.182,0.220,0.060,0.370,0.072,0.005,0.042,0.042,0.030,0.080,0.116,0.100,0.072,0.108,0.095,0.472,0.147,0.104,0.105,0.108,0.075,0.126,0.030,0.317,0.477,0.346,0.161,0.258,0.136,0.335,0.563,0.336,0.159,0.075,0.294,0.337,0.290,0.503,0.557,0.413,0.609,0.470,0.398,0.489,0.290
0.016,0.023,0.006,0.239,0.128,0.097,0.198,0.470,0.157,0.142,0.253,0.363,0.145,0.293,0.162,0.146,0.274,0.282,0.000,0.092,0.291,0.089,0.100,0.020,0.139,0.193,0.149,0.011,0.043,0.065,0.046,0.085,0.119,0.349,0.170,0.288,0.021,0.065,0.013,0.070,0.033,0.036,0.196,0.228,0.063,0.245,0.198,0.263,0.132,0.241,0.315,0.007,0.373,0.086,0.236,0.079,0.022,0.002,0.106,0.130,0.102,0.010,0.020,0.040,0.256,0.379,0.020,0.008,0.039,0.152,0.031,0.102,0.022,0.175,0.570,0.072,0.054,0.049,0.536,0.341,0.071,0.048,0.186,0.015,0.008,0.065,0.102,0.167,0.045,0.152,0.190,0.249,0.360,0.206
0.740,0.443,0.470,0.557,0.665,0.166,0.798,0.023,0.255,0.178,0.191,0.283,0.579,0.141,0.140,0.238,0.022,0.164,0.092,0.000,0.100,0.109,0.165,0.381,0.264,0.522,0.483,0.259,0.268,0.308,0.329,0.319,0.129,0.284,0.302,0.102,0.055,0.036,0.052,0.077,0.054,0.046,0.363,0.020,0.174,0.012,0.061,0.282,0.027,0.025,0.080,0.378,0.859,0.545,0.496,0.378,0.365,0.226,0.271,0.047,0.035,0.085,0.006,0.025,0.300,0.110,0.081,0.135,0.109,0.297,0.025,0.202,0.123,0.279,0.071,0.056,0.119,0.084,0.532,0.012,0.122,0.057,0.114,0.017,0.111,0.016,0.329,0.337,0.190,0.445,0.308,0.280,0.375,0.236
1.216,0.815,0.874,1.102,1.266,0.427,1.089,0.226,0.586,0.414,0.148,0.254,0.423,0.181,0.143,0.036,0.391,0.107,0.291,0.100,0.000,0.095,0.205,0.395,0.202,0.494,0.421,0.188,0.151,0.184,0.242,0.157,0.073,0.203,0.164,0.081,0.132,0.195,0.160,0.145,0.141,0.281,0.615,0.278,0.423,0.356,0.309,0.459,0.102,0.102,0.135,0.367,0.809,0.603,0.644,0.402,0.371,0.177,0.199,0.015,0.154,0.028,0.147,0.137,0.468,0.204,0.033,0.038,0.003,0.154,0.160,0.056,0.357,0.463,0.581,0.064,0.309,0.059,0.352,0.063,0.267,0.074,0.054,0.144,0.270,0.152,0.541,0.509,0.363,0.692,0.494,0.436,0.560,0.384
1.006,0.793,0.808,1.068,1.242,0.449,0.875,0.442,1.002,0.851,0.326,0.559,0.707,0.159,0.176,0.212,0.098,0.131,0.089,0.109,0.095,0.000,0.167,0.303,0.154,0.449,0.356,0.036,0.152,0.171,0.145,0.049,0.002,0.192,0.061,0.051,0.085,0.256,0.190,0.119,0.101,0.196,0.493,0.184,0.276,0.245,0.052,0.397,0.043,0.044,0.121,0.392,0.823,0.624,0.633,0.376,0.362,0.139,0.206,0.060,0.151,0.000,0.116,0.083,0.344,0.150,0.006,0.075,0.003,0.157,0.104,0.162,0.195,0.276,0.641,0.005,0.185,0.056,0.407,0.306,0.133,0.034,0.065,0.054,0.056,0.104,0.302,0.247,0.111,0.452,0.270,0.241,0.407,0.201
1.386,1.300,1.423,1.844,1.917,1.015,1.313,0.314,1.017,0.648,0.255,0.422,0.482,0.156,0.086,0.060,0.387,0.032,0.100,0.165,0.205,0.167,0.000,0.300,0.023,0.347,0.291,0.036,0.055,0.114,0.214,0.127,0.024,0.264,0.177,0.027,0.019,0.132,0.117,0.066,0.076,0.223,0.572,0.378,0.438,0.627,0.378,0.451,0.044,0.024,0.024,0.471,0.830,0.768,0.869,0.500,0.445,0.169,0.167,0.056,0.161,0.070,0.265,0.225,0.493,0.456,0.128,0.007,0.053,0.096,0.228,0.092,0.383,0.445,1.032,0.060,0.349,0.129,0.170,0.264,0.359,0.192,0.186,0.177,0.340,0.184,0.611,0.492,0.318,0.682,0.398,0.293,0.460,0.222
0.795,1.032,1.111,1.060,0.830,0.627,0.482,0.575,1.319,0.939,0.545,0.622,0.683,0.187,0.226,0.247,0.097,0.137,0.020,0.381,0.395,0.303,0.300,0.000,0.185,0.144,0.016,0.296,0.069,0.065,0.010,0.001,0.006,0.149,0.017,0.030,0.010,0.245,0.266,0.158,0.165,0.265,0.568,0.446,0.479,0.669,0.221,0.594,0.158,0.084,0.190,0.304,0.654,0.624,0.681,0.277,0.226,0.089,0.056,0.320,0.381,0.264,0.451,0.397,0.562,0.642,0.316,0.185,0.271,0.109,0.376,0.021,0.367,0.396,1.380,0.177,0.390,0.167,0.056,0.411,0.323,0.244,0.222,0.101,0.234,0.034,0.486,0.336,0.196,0.547,0.313,0.230,0.445,0.176
0.361,0.490,0.825,0.614,0.246,0.280,0.042,0.772,1.297,0.865,0.519,0.533,0.635,0.239,0.269,0.257,0.003,0.201,0.139,0.264,0.202,0.154,0.023,0.185,0.000,0.074,0.043,0.346,0.075,0.024,0.028,0.051,0.035,0.118,0.035,0.018,0.063,0.213,0.211,0.077,0.070,0.102,0.342,0.193,0.142,0.381,0.074,0.362,0.025,0.050,0.040,0.428,0.651,0.651,0.748,0.375,0.368,0.070,0.177,0.152,0.156,0.031,0.221,0.139,0.275,0.413,0.101,0.014,0.135,0.011,0.196,0.171,0.187,0.114,1.230,0.027,0.113,0.102,0.165,0.778,0.076,0.054,0.023,0.224,0.125,0.348,0.147,0.025,0.121,0.292,0.034,0.021,0.269,0.005
0.318,0.424,0.824,0.328,0.079,0.165,0.107,0.336,1.029,0.785,0.585,0.627,0.592,0.191,0.285,0.287,0.057,0.195,0.193,0.522,0.494,0.449,0.347,0.144,0.074,0.000,0.067,0.253,0.191,0.126,0.256,0.240,0.200,0.308,0.235,0.252,0.270,0.048,0.079,0.011,0.005,0.095,0.376,0.416,0.490,0.869,0.321,0.539,0.047,0.099,0.020,0.444,0.641,0.783,0.922,0.435,0.335,0.037,0.098,0.293,0.319,0.301,0.612,0.538,0.610,1.009,0.456,0.258,0.303,0.143,0.438,0.059,0.376,0.341,1.893,0.117,0.373,0.204,0.152,0.655,0.314,0.435,0.399,0.161,0.344,0.156,0.599,0.334,0.184,0.506,0.220,0.069,0.312,0.026
0.393,0.542,0.777,0.397,0.250,0.267,0.062,0.235,0.961,0.740,0.494,0.596,0.577,0.227,0.302,0.304,0.025,0.210,0.149,0.483,0.421,0.356,0.291,0.016,0.043,0.067,0.000,0.250,0.066,0.057,0.191,0.181,0.189,0.277,0.171,0.220,0.216,0.016,0.141,0.050,0.044,0.157,0.434,0.482,0.587,0.812,0.244,0.598,0.076,0.040,0.081,0.376,0.684,0.731,0.773,0.329,0.237,0.119,0.156,0.376,0.411,0.345,0.562,0.519,0.610,0.861,0.413,0.245,0.300,0.115,0.410,0.075,0.310,0.334,1.725,0.157,0.393,0.183,0.054,0.559,0.218,0.344,0.265,0.101,0.276,0.104,0.516,0.309,0.161,0.451,0.242,0.090,0.326,0.043
0.865,1.044,1.144,1.053,0.961,0.772,0.617,0.187,0.898,0.595,0.244,0.475,0.489,0.059,0.125,0.218,0.183,0.128,0.011,0.259,0.188,0.036,0.036,0.296,0.346,0.253,0.250,0.000,0.239,0.089,0.207,0.060,0.118,0.386,0.160,0.135,0.098,0.109,0.110,0.059,0.007,0.177,0.454,0.446,0.541,0.741,0.210,0.415,0.098,0.187,0.081,0.601,1.004,0.973,1.010,0.575,0.495,0.134,0.095,0.122,0.198,0.095,0.300,0.264,0.409,0.584,0.145,0.032,0.009,0.175,0.156,0.265,0.159,0.241,1.356,0.044,0.260,0.030,0.304,0.609,0.102,0.160,0.066,0.021,0.196,0.037,0.436,0.274,0.100,0.408,0.217,0.061,0.257,0.001
0.483,0.590,0.642,0.352,0.269,0.169,0.172,0.170,0.836,0.672,0.373,0.467,0.539,0.242,0.284,0.227,0.021,0.160,0.043,0.268,0.151,0.152,0.055,0.069,0.075,0.191,0.066,0.239,0.000,0.034,0.099,0.112,0.035,0.009,0.102,0.044,0.010,0.233,0.260,0.149,0.157,0.223,0.506,0.344,0.394,0.469,0.042,0.500,0.137,0.092,0.198,0.265,0.594,0.475,0.470,0.203,0.192,0.033,0.047,0.238,0.275,0.149,0.267,0.229,0.439,0.355,0.165,0.084,0.187,0.034,0.253,0.075,0.254,0.282,0.985,0.111,0.268,0.026,0.285,0.389,0.161,0.070,0.017,0.047,0.063,0.117,0.301,0.191,0.064,0.408,0.221,0.173,0.400,0.137
0.320,0.401,0.545,0.175,0.145,0.151,0.069,0.028,0.638,0.497,0.275,0.376,0.383,0.181,0.233,0.204,0.048,0.140,0.065,0.308,0.184,0.171,0.114,0.065,0.024,0.126,0.057,0.089,0.034,0.000,0.008,0.011,0.091,0.077,0.006,0.079,0.131,0.074,0.193,0.112,0.104,0.209,0.479,0.493,0.619,0.640,0.138,0.542,0.095,0.020,0.139,0.304,0.642,0.548,0.496,0.225,0.188,0.045,0.027,0.253,0.306,0.209,0.322,0.318,0.509,0.506,0.215,0.117,0.182,0.013,0.274,0.103,0.233,0.288,1.178,0.122,0.324,0.067,0.341,0.399,0.081,0.156,0.046,0.002,0.157,0.015,0.382,0.247,0.108,0.385,0.246,0.119,0.354,0.081
0.532,0.617,0.682,0.494,0.513,0.344,0.305,0.149,0.823,0.598,0.260,0.447,0.470,0.211,0.251,0.257,0.035,0.162,0.046,0.329,0.242,0.145,0.214,0.010,0.028,0.256,0.191,0.207,0.099,0.008,0.000,0.004,0.109,0.220,0.016,0.079,0.004,0.241,0.312,0.244,0.193,0.348,0.575,0.506,0.704,0.590,0.143,0.620,0.111,0.070,0.223,0.295,0.806,0.646,0.527,0.220,0.170,0.095,0.092,0.294,0.415,0.255,0.340,0.356,0.522,0.510,0.224,0.115,0.160,0.030,0.262,0.114,0.188,0.303,1.126,0.132,0.328,0.054,0.389,0.358,0.034,0.141,0.021,0.007,0.160,0.030,0.385,0.279,0.147,0.386,0.322,0.193,0.396,0.145
0.690,0.711,0.709,0.619,0.690,0.408,0.545,0.048,0.663,0.509,0.151,0.463,0.526,0.242,0.255,0.327,0.003,0.209,0.085,0.319,0.157,0.049,0.127,0.001,0.051,0.240,0.181,0.060,0.112,0.011,0.004,0.000,0.075,0.201,0.026,0.065,0.051,0.248,0.239,0.183,0.159,0.328,0.594,0.392,0.608,0.448,0.130,0.565,0.116,0.122,0.270,0.223,0.781,0.528,0.366,0.156,0.122,0.092,0.068,0.283,0.370,0.224,0.297,0.294,0.508,0.323,0.204,0.112,0.146,0.067,0.212,0.108,0.176,0.349,0.729,0.147,0.324,0.088,0.377,0.116,0.149,0.153,0.036,0.065,0.200,0.070,0.401,0.344,0.195,0.419,0.359,0.256,0.418,0.183
0.477,0.432,0.482,0.200,0.264,0.183,0.382,0.373,0.152,0.090,0.093,0.027,0.092,0.052,0.060,0.082,0.144,0.019,0.119,0.129,0.073,0.002,0.024,0.006,0.035,0.200,0.189,0.118,0.035,0.091,0.109,0.075,0.000,0.011,0.097,0.032,0.198,0.135,0.012,0.002,0.029,0.237,0.589,0.320,0.633,0.376,0.198,0.425,0.063,0.065,0.161,0.228,0.680,0.391,0.241,0.172,0.155,0.041,0.053,0.133,0.173,0.099,0.154,0.161,0.462,0.113,0.097,0.039,0.046,0.158,0.108,0.121,0.188,0.379,0.244,0.101,0.288,0.087,0.444,0.145,0.168,0.136,0.002,0.128,0.257,0.172,0.441,0.423,0.266,0.468,0.414,0.279,0.423,0.183
0.456,0.439,0.503,0.234,0.308,0.166,0.286,0.127,0.472,0.311,0.068,0.158,0.135,0.055,0.092,0.025,0.166,0.087,0.349,0.284,0.203,0.192,0.264,0.149,0.118,0.308,0.277,0.386,0.009,0.077,0.220,0.201,0.011,0.000,0.248,0.066,0.082,0.014,0.410,0.514,0.542,0.820,0.912,0.618,1.073,0.587,0.410,0.810,0.355,0.343,0.413,0.031,0.620,0.318,0.111,0.027,0.016,0.106,0.161,0.227,0.450,0.319,0.324,0.422,0.732,0.454,0.250,0.213,0.171,0.004,0.351,0.166,0.425,0.598,0.633,0.324,0.505,0.203,0.384,0.231,0.142,0.247,0.118,0.254,0.397,0.347,0.633,0.608,0.523,0.664,0.758,0.631,0.771,0.538
0.573,0.609,0.620,0.502,0.593,0.361,0.471,0.008,0.612,0.436,0.090,0.329,0.396,0.229,0.224,0.289,0.012,0.170,0.170,0.302,0.164,0.061,0.177,0.017,0.035,0.235,0.171,0.160,0.102,0.006,0.016,0.026,0.097,0.248,0.000,0.111,0.153,0.350,0.341,0.328,0.258,0.451,0.618,0.420,0.742,0.447,0.157,0.645,0.166,0.199,0.369,0.122,0.786,0.461,0.184,0.045,0.014,0.162,0.158,0.322,0.454,0.287,0.316,0.348,0.551,0.343,0.235,0.155,0.159,0.064,0.227,0.072,0.149,0.364,0.643,0.196,0.344,0.104,0.413,0.013,0.092,0.174,0.029,0.088,0.228,0.130,0.418,0.375,0.244,0.392,0.432,0.315,0.456,0.243
0.548,0.502,0.504,0.356,0.468,0.268,0.522,0.259,0.229,0.122,0.153,0.018,0.143,0.121,0.097,0.176,0.049,0.091,0.288,0.102,0.081,0.051,0.027,0.030,0.018,0.252,0.220,0.135,0.044,0.079,0.079,0.065,0.032,0.066,0.111,0.000,0.026,0.065,0.052,0.083,0.074,0.284,0.523,0.227,0.575,0.272,0.139,0.444,0.073,0.128,0.242,0.171,0.740,0.356,0.134,0.113,0.102,0.005,0.009,0.165,0.234,0.124,0.154,0.167,0.442,0.065,0.097,0.039,0.034,0.191,0.078,0.132,0.104,0.343,0.144,0.103,0.254,0.062,0.481,0.164,0.123,0.112,0.033,0.103,0.224,0.148,0.394,0.397,0.253,0.396,0.419,0.322,0.422,0.236
0.249,0.279,0.252,0.134,0.278,0.145,0.333,0.188,0.276,0.177,0.109,0.036,0.206,0.344,0.285,0.384,0.245,0.375,0.021,0.055,0.132,0.085,0.019,0.010,0.063,0.270,0.216,0.098,0.010,0.131,0.004,0.051,0.198,0.082,0.153,0.026,0.000,0.024,0.033,0.004,0.084,0.021,0.136,0.103,0.250,0.056,0.229,0.249,0.060,0.074,0.237,0.160,0.760,0.232,0.088,0.035,0.077,0.018,0.092,0.119,0.133,0.007,0.025,0.028,0.182,0.240,0.052,0.095,0.071,0.315,0.138,0.342,0.260,0.013,0.252,0.062,0.024,0.157,0.680,0.005,0.126,0.101,0.283,0.168,0.070,0.148,0.040,0.051,0.094,0.027,0.069,0.020,0.142,0.007
0.432,0.538,0.508,0.439,0.584,0.444,0.528,0.255,0.282,0.157,0.172,0.066,0.235,0.292,0.211,0.399,0.188,0.348,0.065,0.036,0.195,0.256,0.132,0.245,0.213,0.048,0.016,0.109,0.233,0.074,0.241,0.248,0.135,0.014,0.350,0.065,0.024,0.000,0.116,0.141,0.264,0.035,0.061,0.048,0.357,0.138,0.199,0.243,0.221,0.101,0.207,0.193,0.978,0.444,0.116,0.012,0.013,0.123,0.078,0.286,0.256,0.117,0.109,0.089,0.189,0.079,0.067,0.036,0.028,0.353,0.147,0.498,0.417,0.044,0.011,0.041,0.023,0.065,0.593,0.064,0.092,0.026,0.208,0.140,0.004,0.095,0.059,0.038,0.148,0.150,0.036,0.212,0.131,0.314
0.270,0.406,0.386,0.214,0.355,0.333,0.366,0.394,0.153,0.065,0.175,0.052,0.053,0.226,0.137,0.225,0.141,0.182,0.013,0.052,0.160,0.190,0.117,0.266,0.211,0.079,0.141,0.110,0.260,0.193,0.312,0.239,0.012,0.410,0.341,0.052,0.033,0.116,0.000,0.080,0.045,0.081,0.021,0.124,0.494,0.185,0.106,0.380,0.012,0.172,0.506,0.226,0.538,0.201,0.814,0.434,0.349,0.342,0.296,0.434,0.423,0.295,0.214,0.231,0.309,0.018,0.211,0.156,0.143,0.168,0.023,0.306,0.389,0.035,0.174,0.162,0.123,0.073,0.455,0.235,0.029,0.149,0.104,0.004,0.105,0.050,0.128,0.123,0.033,0.166,0.060,0.154,0.128,0.298
0.104,0.229,0.187,0.001,0.146,0.151,0.246,0.378,0.109,0.063,0.139,0.067,0.065,0.331,0.216,0.287,0.273,0.265,0.070,0.077,0.145,0.119,0.066,0.158,0.077,0.011,0.050,0.059,0.149,0.112,0.244,0.183,0.002,0.514,0.328,0.083,0.004,0.141,0.080,0.000,0.030,0.009,0.026,0.038,0.330,0.015,0.214,0.366,0.136,0.349,0.558,0.289,0.307,0.408,0.815,0.446,0.353,0.296,0.209,0.378,0.358,0.231,0.140,0.149,0.288,0.195,0.157,0.146,0.158,0.107,0.017,0.189,0.345,0.039,0.447,0.166,0.075,0.020,0.497,0.324,0.027,0.072,0.154,0.029,0.034,0.024,0.054,0.081,0.057,0.183,0.047,0.048,0.024,0.137
0.146,0.239,0.247,0.014,0.113,0.150,0.205,0.454,0.069,0.015,0.152,0.107,0.051,0.158,0.103,0.101,0.071,0.086,0.033,0.054,0.141,0.101,0.076,0.165,0.070,0.005,0.044,0.007,0.157,0.104,0.193,0.159,0.029,0.542,0.258,0.074,0.084,0.264,0.045,0.030,0.000,0.097,0.068,0.087,0.532,0.150,0.050,0.369,0.071,0.192,0.387,0.137,0.421,0.183,0.576,0.280,0.213,0.175,0.141,0.276,0.265,0.184,0.115,0.144,0.328,0.096,0.118,0.094,0.084,0.172,0.023,0.221,0.244,0.101,0.333,0.141,0.115,0.043,0.504,0.310,0.031,0.099,0.128,0.013,0.113,0.074,0.175,0.176,0.041,0.034,0.168,0.002,0.135,0.072
0.049,0.156,0.154,0.142,0.023,0.091,0.147,0.573,0.094,0.093,0.217,0.219,0.113,0.163,0.070,0.056,0.094,0.078,0.036,0.046,0.281,0.196,0.223,0.265,0.102,0.095,0.157,0.177,0.223,0.209,0.348,0.328,0.237,0.820,0.451,0.284,0.021,0.035,0.081,0.009,0.097,0.000,0.083,0.030,0.360,0.023,0.199,0.295,0.110,0.190,0.363,0.118,0.276,0.207,0.492,0.269,0.187,0.162,0.072,0.291,0.207,0.139,0.079,0.060,0.264,0.249,0.086,0.072,0.124,0.107,0.025,0.210,0.247,0.049,0.488,0.151,0.075,0.033,0.485,0.330,0.020,0.058,0.163,0.041,0.026,0.047,0.059,0.066,0.098,0.109,0.011,0.077,0.143,0.117
0.188,0.286,0.288,0.061,0.064,0.262,0.281,0.983,0.535,0.494,0.537,0.591,0.515,0.203,0.313,0.343,0.257,0.334,0.196,0.363,0.615,0.493,0.572,0.568,0.342,0.376,0.434,0.454,0.506,0.479,0.575,0.594,0.589,0.912,0.618,0.523,0.136,0.061,0.021,0.026,0.068,0.083,0.000,0.156,0.435,0.173,0.139,0.035,0.054,0.025,0.153,0.003,0.233,0.159,0.413,0.183,0.084,0.066,0.015,0.241,0.023,0.049,0.003,0.070,0.124,0.405,0.002,0.038,0.034,0.208,0.170,0.367,0.398,0.032,0.779,0.118,0.080,0.150,0.415,0.490,0.132,0.116,0.163,0.011,0.084,0.008,0.040,0.054,0.192,0.214,0.179,0.332,0.061,0.321
0.201,0.031,0.038,0.420,0.366,0.034,0.094,0.724,0.223,0.096,0.097,0.121,0.008,0.193,0.086,0.078,0.105,0.098,0.228,0.020,0.278,0.184,0.378,0.446,0.193,0.416,0.482,0.446,0.344,0.493,0.506,0.392,0.320,0.618,0.420,0.227,0.103,0.048,0.124,0.038,0.087,0.030,0.156,0.000,0.120,0.066,0.312,0.358,0.208,0.176,0.341,0.128,0.049,0.150,0.314,0.284,0.226,0.266,0.137,0.442,0.265,0.252,0.238,0.162,0.370,0.123,0.236,0.221,0.345,0.156,0.203,0.046,0.034,0.126,0.146,0.324,0.245,0.237,0.199,0.370,0.293,0.185,0.005,0.016,0.023,0.137,0.043,0.032,0.225,0.028,0.154,0.108,0.182,0.129
0.484,0.292,0.331,0.764,0.641,0.240,0.342,0.796,0.400,0.253,0.219,0.398,0.287,0.110,0.071,0.237,0.051,0.227,0.063,0.174,0.423,0.276,0.438,0.479,0.142,0.490,0.587,0.541,0.394,0.619,0.704,0.608,0.633,1.073,0.742,0.575,0.250,0.357,0.494,0.330,0.532,0.360,0.435,0.120,0.000,0.295,0.633,0.559,0.672,0.631,0.722,0.614,0.630,0.817,0.898,0.724,0.597,0.470,0.262,0.568,0.418,0.382,0.228,0.174,0.444,0.406,0.267,0.371,0.561,0.488,0.410,0.443,0.344,0.321,0.776,0.663,0.393,0.342,0.067,0.926,0.318,0.124,0.056,0.004,0.142,0.308,0.236,0.241,0.341,0.152,0.048,0.258,0.548,0.201
0.606,0.346,0.240,0.849,0.828,0.194,0.394,1.080,0.615,0.253,0.069,0.148,0.012,0.161,0.012,0.011,0.087,0.015,0.245,0.012,0.356,0.245,0.627,0.669,0.381,0.869,0.812,0.741,0.469,0.640,0.590,0.448,0.376,0.587,0.447,0.272,0.056,0.138,0.185,0.015,0.150,0.023,0.173,0.066,0.295,0.000,0.504,0.400,0.335,0.261,0.408,0.252,0.226,0.262,0.333,0.396,0.359,0.433,0.276,0.636,0.354,0.411,0.464,0.306,0.473,0.016,0.459,0.440,0.605,0.433,0.437,0.161,0.306,0.270,0.158,0.491,0.418,0.657,0.386,0.612,0.951,0.487,0.344,0.277,0.120,0.239,0.019,0.128,0.248,0.096,0.178,0.039,0.238,0.085
0.782,0.700,0.647,1.230,1.149,0.555,0.593,1.277,0.963,0.564,0.173,0.368,0.469,0.185,0.190,0.291,0.160,0.226,0.198,0.061,0.309,0.052,0.378,0.221,0.074,0.321,0.244,0.210,0.042,0.138,0.143,0.130,0.198,0.410,0.157,0.139,0.229,0.199,0.106,0.214,0.050,0.199,0.139,0.312,0.633,0.504,0.000,0.001,0.175,0.102,0.093,0.085,0.283,0.278,0.220,0.132,0.083,0.029,0.165,0.085,0.166,0.047,0.051,0.144,0.212,0.647,0.046,0.133,0.217,0.149,0.121,0.155,0.423,0.238,1.138,0.182,0.037,0.233,0.055,1.051,0.519,0.173,0.130,0.435,0.301,0.292,0.302,0.362,0.085,0.349,0.132,0.002,0.217,0.014
0.068,0.188,0.224,0.153,0.021,0.216,0.004,0.823,0.283,0.303,0.375,0.427,0.448,0.228,0.262,0.352,0.305,0.341,0.263,0.282,0.459,0.397,0.451,0.594,0.362,0.539,0.598,0.415,0.500,0.542,0.620,0.565,0.425,0.810,0.645,0.444,0.249,0.243,0.380,0.366,0.369,0.295,0.035,0.358,0.559,0.400,0.001,0.000,0.307,0.092,0.310,0.723,1.142,0.864,1.146,0.824,0.619,0.317,0.274,0.355,0.121,0.245,0.002,0.022,0.033,0.090,0.015,0.017,0.160,0.151,0.252,0.054,0.372,0.229,0.423,0.389,0.073,0.192,0.224,0.292,0.142,0.130,0.233,0.135,0.016,0.003,0.065,0.108,0.225,0.313,0.073,0.221,0.047,0.194
0.033,0.098,0.170,0.203,0.082,0.046,0.036,0.547,0.021,0.044,0.136,0.167,0.243,0.060,0.040,0.149,0.154,0.154,0.132,0.027,0.102,0.043,0.044,0.158,0.025,0.047,0.076,0.098,0.137,0.095,0.111,0.116,0.063,0.355,0.166,0.073,0.060,0.221,0.012,0.136,0.071,0.110,0.054,0.208,0.672,0.335,0.175,0.307,0.000,0.112,0.053,0.275,0.322,0.572,0.808,0.331,0.237,0.016,0.109,0.046,0.012,0.095,0.017,0.111,0.294,0.053,0.015,0.020,0.093,0.316,0.131,0.123,0.162,0.040,0.381,0.085,0.068,0.049,0.467,0.329,0.191,0.105,0.148,0.036,0.179,0.227,0.260,0.212,0.147,0.002,0.238,0.027,0.101,0.005
0.054,0.095,0.142,0.175,0.025,0.030,0.039,0.422,0.131,0.001,0.151,0.189,0.267,0.065,0.037,0.190,0.162,0.182,0.241,0.025,0.102,0.044,0.024,0.084,0.050,0.099,0.040,0.187,0.092,0.020,0.070,0.122,0.065,0.343,0.199,0.128,0.074,0.101,0.172,0.349,0.192,0.190,0.025,0.176,0.631,0.261,0.102,0.092,0.112,0.000,0.014,0.187,0.146,0.960,0.973,0.251,0.104,0.149,0.045,0.140,0.119,0.076,0.204,0.060,0.094,0.080,0.196,0.202,0.342,0.561,0.326,0.175,0.261,0.065,0.442,0.087,0.045,0.094,0.642,0.137,0.363,0.068,0.332,0.127,0.043,0.106,0.137,0.116,0.074,0.065,0.234,0.054,0.139,0.164
0.155,0.203,0.262,0.027,0.112,0.138,0.028,0.303,0.276,0.078,0.143,0.160,0.213,0.100,0.071,0.213,0.232,0.220,0.315,0.080,0.135,0.121,0.024,0.190,0.040,0.020,0.081,0.081,0.198,0.139,0.223,0.270,0.161,0.413,0.369,0.242,0.237,0.207,0.506,0.558,0.387,0.363,0.153,0.341,0.722,0.408,0.093,0.310,0.053,0.014,0.000,0.036,0.089,0.444,1.091,0.320,0.016,0.157,0.024,0.143,0.012,0.053,0.188,0.010,0.062,0.166,0.243,0.306,0.437,0.650,0.256,0.152,0.183,0.099,0.177,0.100,0.014,0.113,0.640,0.220,0.467,0.113,0.392,0.260,0.037,0.009,0.080,0.024,0.014,0.041,0.210,0.056,0.199,0.153
0.215,0.210,0.089,0.461,0.359,0.321,0.482,0.099,0.702,0.505,0.320,0.264,0.152,0.200,0.277,0.083,0.036,0.060,0.007,0.378,0.367,0.392,0.471,0.304,0.428,0.444,0.376,0.601,0.265,0.304,0.295,0.223,0.228,0.031,0.122,0.171,0.160,0.193,0.226,0.289,0.137,0.118,0.003,0.128,0.614,0.252,0.085,0.723,0.275,0.187,0.036,0.000,0.301,0.066,0.317,0.003,0.032,0.313,0.101,0.413,0.044,0.116,0.209,0.117,0.279,0.372,0.172,0.101,0.344,0.242,0.066,0.146,0.064,0.062,0.365,0.214,0.120,0.308,0.758,0.385,0.659,0.227,0.390,0.276,0.085,0.019,0.158,0.035,0.066,0.074,0.242,0.105,0.345,0.277
0.388,0.369,0.187,0.647,0.596,0.518,0.582,0.180,0.846,0.737,0.649,0.628,0.452,0.456,0.567,0.429,0.292,0.370,0.373,0.859,0.809,0.823,0.830,0.654,0.651,0.641,0.684,1.004,0.594,0.642,0.806,0.781,0.680,0.620,0.786,0.740,0.760,0.978,0.538,0.307,0.421,0.276,0.233,0.049,0.630,0.226,0.283,1.142,0.322,0.146,0.089,0.301,0.000,0.414,0.047,0.035,0.275,0.022,0.241,0.178,0.258,0.222,0.176,0.543,0.792,0.640,0.314,0.467,0.125,0.159,0.483,0.435,0.299,0.222,0.272,0.010,0.028,0.156,0.528,0.093,0.391,0.088,0.026,0.152,0.258,0.366,0.556,0.383,0.416,0.289,0.398,0.120,0.343,0.254
0.147,0.194,0.077,0.425,0.316,0.399,0.413,0.271,0.880,0.636,0.423,0.369,0.210,0.241,0.354,0.116,0.057,0.072,0.086,0.545,0.603,0.624,0.768,0.624,0.651,0.783,0.731,0.973,0.475,0.548,0.646,0.528,0.391,0.318,0.461,0.356,0.232,0.444,0.201,0.408,0.183,0.207,0.159,0.150,0.817,0.262,0.278,0.864,0.572,0.960,0.444,0.066,0.414,0.000,0.168,0.228,0.101,0.340,0.098,0.450,0.089,0.048,0.135,0.205,0.517,0.376,0.118,0.020,0.302,0.246,0.154,0.397,0.300,0.229,0.219,0.088,0.032,0.256,0.795,0.092,0.537,0.165,0.270,0.070,0.096,0.197,0.421,0.341,0.408,0.384,0.620,0.534,0.772,0.808
0.125,0.198,0.088,0.389,0.279,0.448,0.546,0.606,1.206,0.834,0.507,0.420,0.291,0.247,0.356,0.060,0.011,0.005,0.236,0.496,0.644,0.633,0.869,0.681,0.748,0.922,0.773,1.010,0.470,0.496,0.527,0.366,0.241,0.111,0.184,0.134,0.088,0.116,0.814,0.815,0.576,0.492,0.413,0.314,0.898,0.333,0.220,1.146,0.808,0.973,1.091,0.317,0.047,0.168,0.000,0.109,0.074,0.336,0.110,0.553,0.407,0.002,0.138,0.280,0.531,0.595,0.186,0.043,0.226,0.157,0.382,0.526,0.418,0.228,0.845,0.010,0.071,0.339,0.847,0.484,0.713,0.326,0.390,0.262,0.071,0.009,0.309,0.217,0.325,0.425,0.639,0.623,0.910,0.900
0.082,0.072,0.057,0.272,0.187,0.211,0.418,0.262,0.882,0.610,0.353,0.319,0.226,0.192,0.267,0.088,0.005,0.042,0.079,0.378,0.402,0.376,0.500,0.277,0.375,0.435,0.329,0.575,0.203,0.225,0.220,0.156,0.172,0.027,0.045,0.113,0.035,0.012,0.434,0.446,0.280,0.269,0.183,0.284,0.724,0.396,0.132,0.824,0.331,0.251,0.320,0.003,0.035,0.228,0.109,0.000,0.024,0.124,0.096,0.294,0.452,0.104,0.008,0.338,0.381,0.662,0.033,0.018,0.140,0.165,0.293,0.179,0.151,0.027,0.955,0.062,0.012,0.240,0.634,0.556,0.628,0.175,0.308,0.270,0.061,0.029,0.207,0.068,0.098,0.161,0.305,0.178,0.414,0.325
0.192,0.180,0.040,0.406,0.326,0.285,0.553,0.215,0.818,0.578,0.362,0.303,0.205,0.183,0.258,0.076,0.002,0.042,0.022,0.365,0.371,0.362,0.445,0.226,0.368,0.335,0.237,0.495,0.192,0.188,0.170,0.122,0.155,0.016,0.014,0.102,0.077,0.013,0.349,0.353,0.213,0.187,0.084,0.226,0.597,0.359,0.083,0.619,0.237,0.104,0.016,0.032,0.275,0.101,0.074,0.024,0.000,0.312,0.037,0.472,0.232,0.002,0.107,0.286,0.255,0.694,0.109,0.028,0.230,0.387,0.282,0.155,0.121,0.084,0.974,0.130,0.076,0.281,0.572,0.675,0.710,0.235,0.366,0.356,0.141,0.100,0.114,0.050,0.005,0.072,0.180,0.061,0.303,0.210
0.086,0.026,0.128,0.214,0.162,0.062,0.436,0.092,0.689,0.469,0.250,0.233,0.183,0.122,0.170,0.061,0.053,0.030,0.002,0.226,0.177,0.139,0.169,0.089,0.070,0.037,0.119,0.134,0.033,0.045,0.095,0.092,0.041,0.106,0.162,0.005,0.018,0.123,0.342,0.296,0.175,0.162,0.066,0.266,0.470,0.433,0.029,0.317,0.016,0.149,0.157,0.313,0.022,0.340,0.336,0.124,0.312,0.000,0.161,0.188,0.187,0.038,0.002,0.255,0.033,0.770,0.069,0.179,0.058,0.213,0.150,0.106,0.043,0.235,1.355,0.177,0.112,0.246,0.385,0.985,0.691,0.211,0.389,0.499,0.241,0.261,0.048,0.235,0.236,0.083,0.036,0.148,0.091,0.057
0.339,0.297,0.141,0.545,0.493,0.305,0.707,0.068,0.624,0.479,0.330,0.263,0.218,0.193,0.231,0.096,0.031,0.080,0.106,0.271,0.199,0.206,0.167,0.056,0.177,0.098,0.156,0.095,0.047,0.027,0.092,0.068,0.053,0.161,0.158,0.009,0.092,0.078,0.296,0.209,0.141,0.072,0.015,0.137,0.262,0.276,0.165,0.274,0.109,0.045,0.024,0.101,0.241,0.098,0.110,0.096,0.037,0.161,0.000,0.016,0.051,0.051,0.137,0.207,0.038,0.756,0.042,0.037,0.471,0.467,0.277,0.023,0.010,0.329,1.384,0.149,0.223,0.347,0.348,1.178,0.828,0.381,0.543,0.678,0.426,0.448,0.213,0.418,0.375,0.149,0.156,0.190,0.099,0.078
0.121,0.182,0.356,0.015,0.041,0.147,0.256,0.051,0.533,0.309,0.089,0.088,0.055,0.051,0.006,0.083,0.230,0.116,0.130,0.047,0.015,0.060,0.056,0.320,0.152,0.293,0.376,0.122,0.238,0.253,0.294,0.283,0.133,0.227,0.322,0.165,0.119,0.286,0.434,0.378,0.276,0.291,0.241,0.442,0.568,0.636,0.085,0.355,0.046,0.140,0.143,0.413,0.178,0.450,0.553,0.294,0.472,0.188,0.016,0.000,0.185,0.103,0.167,0.306,0.113,0.935,0.063,0.239,0.003,0.157,0.220,0.090,0.079,0.110,1.806,0.079,0.038,0.108,0.220,1.072,0.548,0.108,0.288,0.440,0.150,0.212,0.053,0.143,0.164,0.065,0.051,0.059,0.185,0.003
0.044,0.053,0.141,0.199,0.099,0.068,0.268,0.299,0.275,0.140,0.035,0.056,0.069,0.001,0.001,0.097,0.134,0.100,0.102,0.035,0.154,0.151,0.161,0.381,0.156,0.319,0.411,0.198,0.275,0.306,0.415,0.370,0.173,0.450,0.454,0.234,0.133,0.256,0.423,0.358,0.265,0.207,0.023,0.265,0.418,0.354,0.166,0.121,0.012,0.119,0.012,0.044,0.258,0.089,0.407,0.452,0.232,0.187,0.051,0.185,0.000,0.078,0.231,0.116,0.255,0.269,0.250,0.383,0.150,0.059,0.237,0.250,0.276,0.417,0.756,0.197,0.197,0.208,0.554,0.805,0.651,0.230,0.573,0.594,0.324,0.354,0.249,0.376,0.424,0.295,0.172,0.250,0.011,0.159
0.169,0.112,0.035,0.390,0.327,0.107,0.454,0.277,0.291,0.201,0.093,0.042,0.002,0.015,0.044,0.063,0.126,0.072,0.010,0.085,0.028,0.000,0.070,0.264,0.031,0.301,0.345,0.095,0.149,0.209,0.255,0.224,0.099,0.319,0.287,0.124,0.007,0.117,0.295,0.231,0.184,0.139,0.049,0.252,0.382,0.411,0.047,0.245,0.095,0.076,0.053,0.116,0.222,0.048,0.002,0.104,0.002,0.038,0.051,0.103,0.078,0.000,0.096,0.162,0.022,0.684,0.065,0.077,0.252,0.322,0.240,0.046,0.025,0.261,1.368,0.067,0.120,0.167,0.382,0.942,0.627,0.165,0.439,0.511,0.241,0.268,0.087,0.280,0.294,0.090,0.093,0.160,0.113,0.078
0.154,0.083,0.090,0.367,0.330,0.021,0.439,0.480,0.072,0.056,0.014,0.029,0.069,0.072,0.048,0.106,0.192,0.108,0.020,0.006,0.147,0.116,0.265,0.451,0.221,0.612,0.562,0.300,0.267,0.322,0.340,0.297,0.154,0.324,0.316,0.154,0.025,0.109,0.214,0.140,0.115,0.079,0.003,0.238,0.228,0.464,0.051,0.002,0.017,0.204,0.188,0.209,0.176,0.135,0.138,0.008,0.107,0.002,0.137,0.167,0.231,0.096,0.000,0.032,0.182,0.816,0.023,0.126,0.233,0.247,0.125,0.121,0.001,0.317,1.362,0.069,0.123,0.038,0.292,0.997,0.463,0.041,0.378,0.556,0.255,0.311,0.158,0.379,0.397,0.142,0.215,0.261,0.002,0.209
0.296,0.211,0.088,0.547,0.475,0.143,0.526,0.516,0.024,0.040,0.019,0.055,0.095,0.015,0.010,0.102,0.120,0.095,0.040,0.025,0.137,0.083,0.225,0.397,0.139,0.538,0.519,0.264,0.229,0.318,0.356,0.294,0.161,0.422,0.348,0.167,0.028,0.089,0.231,0.149,0.144,0.060,0.070,0.162,0.174,0.306,0.144,0.022,0.111,0.060,0.010,0.117,0.543,0.205,0.280,0.338,0.286,0.255,0.207,0.306,0.116,0.162,0.032,0.000,0.257,0.559,0.122,0.199,0.505,0.492,0.252,0.007,0.029,0.393,0.759,0.083,0.166,0.023,0.168,0.633,0.441,0.052,0.421,0.543,0.304,0.335,0.275,0.460,0.462,0.261,0.263,0.271,0.002,0.195
0.098,0.046,0.036,0.457,0.347,0.001,0.254,0.994,0.502,0.425,0.361,0.482,0.562,0.379,0.371,0.493,0.451,0.472,0.256,0.300,0.468,0.344,0.493,0.562,0.275,0.610,0.610,0.409,0.439,0.509,0.522,0.508,0.462,0.732,0.551,0.442,0.182,0.189,0.309,0.288,0.328,0.264,0.124,0.370,0.444,0.473,0.212,0.033,0.294,0.094,0.062,0.279,0.792,0.517,0.531,0.381,0.255,0.033,0.038,0.113,0.255,0.022,0.182,0.257,0.000,0.203,0.118,0.018,0.189,0.322,0.203,0.312,0.318,0.035,0.626,0.404,0.165,0.342,0.121,0.650,0.021,0.176,0.164,0.013,0.098,0.101,0.039,0.052,0.085,0.022,0.047,0.004,0.232,0.035
0.549,0.310,0.218,0.724,0.674,0.111,0.532,0.883,0.329,0.084,0.032,0.007,0.027,0.195,0.108,0.131,0.154,0.147,0.379,0.110,0.204,0.150,0.456,0.642,0.413,1.009,0.861,0.584,0.355,0.506,0.510,0.323,0.113,0.454,0.343,0.065,0.240,0.079,0.018,0.195,0.096,0.249,0.405,0.123,0.406,0.016,0.647,0.090,0.053,0.080,0.166,0.372,0.640,0.376,0.595,0.662,0.694,0.770,0.756,0.935,0.269,0.684,0.816,0.559,0.203,0.000,0.896,0.815,0.941,0.660,0.382,0.108,0.367,0.780,0.206,0.389,0.209,0.399,1.084,0.215,0.317,0.696,0.507,0.337,0.354,0.538,0.781,1.048,1.140,0.853,0.842,0.687,0.387,0.645
0.203,0.156,0.023,0.431,0.400,0.114,0.556,0.347,0.193,0.145,0.099,0.036,0.036,0.061,0.012,0.098,0.188,0.104,0.020,0.081,0.033,0.006,0.128,0.316,0.101,0.456,0.413,0.145,0.165,0.215,0.224,0.204,0.097,0.250,0.235,0.097,0.052,0.067,0.211,0.157,0.118,0.086,0.002,0.236,0.267,0.459,0.046,0.015,0.015,0.196,0.243,0.172,0.314,0.118,0.186,0.033,0.109,0.069,0.042,0.063,0.250,0.065,0.023,0.122,0.118,0.896,0.000,0.064,0.228,0.348,0.200,0.013,0.086,0.242,1.182,0.058,0.090,0.043,0.307,0.796,0.435,0.037,0.190,0.409,0.183,0.202,0.071,0.294,0.273,0.075,0.139,0.208,0.034,0.147
0.213,0.172,0.006,0.467,0.411,0.161,0.529,0.341,0.226,0.162,0.112,0.040,0.062,0.046,0.016,0.098,0.172,0.105,0.008,0.135,0.038,0.075,0.007,0.185,0.014,0.258,0.245,0.032,0.084,0.117,0.115,0.112,0.039,0.213,0.155,0.039,0.095,0.036,0.156,0.146,0.094,0.072,0.038,0.221,0.371,0.440,0.133,0.017,0.020,0.202,0.306,0.101,0.467,0.020,0.043,0.018,0.028,0.179,0.037,0.239,0.383,0.077,0.126,0.199,0.018,0.815,0.064,0.000,0.093,0.363,0.198,0.052,0.097,0.195,0.854,0.067,0.081,0.051,0.047,0.523,0.458,0.006,0.173,0.259,0.056,0.018,0.065,0.149,0.135,0.042,0.049,0.169,0.048,0.095
0.022,0.096,0.271,0.150,0.105,0.088,0.247,0.362,0.256,0.150,0.044,0.033,0.053,0.074,0.018,0.083,0.213,0.108,0.039,0.109,0.003,0.003,0.053,0.271,0.135,0.303,0.300,0.009,0.187,0.182,0.160,0.146,0.046,0.171,0.159,0.034,0.071,0.028,0.143,0.158,0.084,0.124,0.034,0.345,0.561,0.605,0.217,0.160,0.093,0.342,0.437,0.344,0.125,0.302,0.226,0.140,0.230,0.058,0.471,0.003,0.150,0.252,0.233,0.505,0.189,0.941,0.228,0.093,0.000,0.182,0.210,0.085,0.032,0.101,1.179,0.039,0.046,0.051,0.032,0.491,0.349,0.172,0.039,0.127,0.106,0.114,0.225,0.011,0.041,0.016,0.030,0.174,0.014,0.142
0.108,0.007,0.151,0.281,0.223,0.019,0.264,0.362,0.282,0.226,0.151,0.158,0.065,0.103,0.150,0.102,0.017,0.075,0.152,0.297,0.154,0.157,0.096,0.109,0.011,0.143,0.115,0.175,0.034,0.013,0.030,0.067,0.158,0.004,0.064,0.191,0.315,0.353,0.168,0.107,0.172,0.107,0.208,0.156,0.488,0.433,0.149,0.151,0.316,0.561,0.650,0.242,0.159,0.246,0.157,0.165,0.387,0.213,0.467,0.157,0.059,0.322,0.247,0.492,0.322,0.660,0.348,0.363,0.182,0.000,0.141,0.237,0.152,0.141,0.518,0.054,0.020,0.026,0.196,0.133,0.295,0.223,0.009,0.002,0.169,0.204,0.261,0.061,0.026,0.112,0.052,0.345,0.194,0.327
