0.000,0.004,0.006,0.009,0.202,0.061,0.027,0.013,0.006,0.077,0.139,0.081,0.074,0.066,0.133,0.117,0.104,0.076,0.052,0.002,0.008,0.028,0.002,0.016,0.047,0.143,0.134,0.053,0.207,0.023,0.005,0.032,0.261,0.003,0.049,0.420,0.467,0.450,0.098,0.050,0.234,0.350,0.214,0.133,0.098,0.096,0.150,0.122,0.062,0.039,0.093,0.178,0.122,0.073,0.093,0.100,0.086,0.103,0.125,0.128,0.136,0.124,0.143,0.140,0.123,0.017,0.069,0.080,0.093,0.117,0.068,0.197,0.116,0.079,0.050,0.158,0.026,0.018,0.095,0.079,0.012,0.200,0.000,0.205,0.021,0.016,0.025,0.049,0.021,0.008,0.043,0.002,0.180,0.222
0.004,0.000,0.010,0.015,0.101,0.096,0.053,0.047,0.012,0.147,0.153,0.217,0.145,0.084,0.165,0.141,0.129,0.114,0.055,0.061,0.058,0.077,0.043,0.064,0.069,0.183,0.153,0.085,0.224,0.047,0.012,0.054,0.221,0.027,0.034,0.391,0.177,0.425,0.091,0.041,0.211,0.374,0.262,0.141,0.108,0.106,0.160,0.131,0.075,0.029,0.106,0.188,0.111,0.089,0.109,0.116,0.108,0.105,0.126,0.125,0.135,0.127,0.141,0.132,0.124,0.031,0.057,0.053,0.059,0.099,0.050,0.133,0.113,0.066,0.043,0.175,0.025,0.024,0.113,0.084,0.032,0.146,0.032,0.427,0.055,0.062,0.054,0.122,0.076,0.067,0.059,0.027,0.165,0.178
0.006,0.010,0.000,0.003,0.083,0.010,0.019,0.030,0.040,0.327,0.239,0.256,0.165,0.086,0.154,0.126,0.113,0.097,0.072,0.058,0.053,0.079,0.043,0.078,0.123,0.206,0.159,0.099,0.228,0.068,0.023,0.061,0.163,0.077,0.012,0.296,0.031,0.394,0.117,0.022,0.193,0.329,0.273,0.142,0.115,0.108,0.169,0.130,0.072,0.032,0.098,0.180,0.099,0.077,0.095,0.104,0.096,0.093,0.111,0.124,0.120,0.119,0.139,0.124,0.125,0.071,0.055,0.056,0.069,0.105,0.035,0.098,0.101,0.071,0.015,0.170,0.017,0.023,0.111,0.071,0.029,0.131,0.030,0.525,0.053,0.058,0.041,0.104,0.069,0.063,0.058,0.033,0.032,0.166
0.009,0.015,0.003,0.000,0.298,0.061,0.033,0.027,0.004,0.068,0.239,0.001,0.155,0.066,0.114,0.085,0.080,0.048,0.115,0.007,0.002,0.028,0.009,0.028,0.135,0.162,0.145,0.066,0.209,0.041,0.004,0.023,0.182,0.013,0.053,0.273,0.209,0.424,0.094,0.084,0.306,0.225,0.146,0.110,0.085,0.081,0.145,0.105,0.042,0.055,0.068,0.153,0.103,0.038,0.057,0.071,0.055,0.070,0.084,0.108,0.091,0.094,0.117,0.104,0.102,0.011,0.039,0.057,0.083,0.094,0.034,0.170,0.062,0.043,0.070,0.134,0.006,0.005,0.085,0.046,0.003,0.169,0.000,0.354,0.013,0.014,0.009,0.070,0.036,0.028,0.046,0.028,0.057,0.174
0.202,0.101,0.083,0.298,0.000,0.442,0.037,0.320,0.231,0.131,0.038,0.077,0.514,0.251,0.122,0.144,0.187,0.155,0.336,0.085,0.104,0.026,0.067,0.025,0.360,0.217,0.215,0.114,0.208,0.114,0.090,0.060,0.139,0.162,0.069,0.217,0.332,0.510,0.327,0.082,0.121,0.292,0.252,0.123,0.087,0.061,0.091,0.005,0.034,0.176,0.083,0.025,0.016,0.101,0.116,0.108,0.107,0.143,0.106,0.124,0.101,0.025,0.003,0.041,0.030,0.030,0.044,0.054,0.026,0.020,0.010,0.041,0.228,0.238,0.097,0.138,0.019,0.069,0.088,0.050,0.006,0.141,0.077,0.512,0.014,0.007,0.078,0.027,0.025,0.027,0.099,0.118,0.212,0.160
0.061,0.096,0.010,0.061,0.442,0.000,0.200,0.141,0.246,0.695,0.317,0.657,0.227,0.090,0.082,0.049,0.039,0.018,0.201,0.058,0.056,0.032,0.046,0.017,0.049,0.146,0.022,0.015,0.121,0.002,0.095,0.036,0.043,0.092,0.082,0.052,0.465,0.276,0.162,0.178,0.071,0.315,0.346,0.137,0.132,0.091,0.184,0.117,0.031,0.069,0.064,0.097,0.048,0.009,0.011,0.010,0.037,0.020,0.040,0.120,0.109,0.093,0.162,0.173,0.171,0.225,0.183,0.218,0.212,0.204,0.024,0.161,0.112,0.305,0.132,0.022,0.226,0.213,0.061,0.119,0.184,0.230,0.093,0.692,0.065,0.095,0.094,0.031,0.118,0.111,0.297,0.241,0.071,0.193
0.027,0.053,0.019,0.033,0.037,0.200,0.000,0.058,0.023,0.511,0.265,0.219,0.273,0.031,0.065,0.031,0.033,0.005,0.190,0.023,0.026,0.011,0.032,0.030,0.204,0.169,0.131,0.060,0.181,0.044,0.019,0.003,0.050,0.032,0.063,0.067,0.280,0.334,0.081,0.098,0.337,0.093,0.101,0.077,0.065,0.053,0.126,0.068,0.005,0.091,0.022,0.100,0.038,0.016,0.001,0.016,0.006,0.005,0.013,0.053,0.024,0.039,0.065,0.047,0.065,0.023,0.001,0.018,0.049,0.035,0.037,0.060,0.038,0.027,0.093,0.060,0.065,0.054,0.041,0.020,0.039,0.151,0.027,0.525,0.025,0.022,0.011,0.063,0.017,0.009,0.098,0.004,0.037,0.094
0.013,0.047,0.030,0.027,0.320,0.141,0.058,0.000,0.017,0.105,0.301,0.017,0.206,0.057,0.056,0.031,0.042,0.008,0.190,0.055,0.044,0.012,0.053,0.001,0.178,0.134,0.125,0.039,0.180,0.024,0.039,0.026,0.110,0.043,0.102,0.095,0.010,0.376,0.037,0.163,0.437,0.022,0.018,0.066,0.057,0.052,0.131,0.079,0.009,0.072,0.036,0.113,0.079,0.012,0.008,0.026,0.010,0.027,0.026,0.083,0.043,0.051,0.078,0.071,0.074,0.056,0.018,0.057,0.088,0.050,0.010,0.168,0.048,0.049,0.145,0.041,0.073,0.071,0.031,0.019,0.049,0.171,0.028,0.349,0.010,0.002,0.030,0.060,0.003,0.009,0.089,0.029,0.052,0.162
0.006,0.012,0.040,0.004,0.231,0.246,0.023,0.017,0.000,0.041,0.265,0.024,0.277,0.012,0.021,0.007,0.003,0.038,0.224,0.061,0.052,0.005,0.049,0.024,0.283,0.166,0.184,0.082,0.217,0.080,0.020,0.013,0.174,0.008,0.040,0.110,0.083,0.476,0.119,0.093,0.395,0.015,0.042,0.103,0.092,0.081,0.152,0.088,0.022,0.068,0.025,0.107,0.094,0.029,0.020,0.001,0.012,0.001,0.005,0.057,0.020,0.059,0.095,0.078,0.100,0.048,0.063,0.110,0.180,0.108,0.079,0.236,0.021,0.014,0.085,0.062,0.028,0.022,0.067,0.010,0.019,0.114,0.007,0.341,0.045,0.031,0.014,0.079,0.018,0.013,0.061,0.005,0.000,0.064
0.077,0.147,0.327,0.068,0.131,0.695,0.511,0.105,0.041,0.000,0.021,0.121,0.558,0.356,0.151,0.211,0.312,0.251,0.406,0.158,0.173,0.052,0.082,0.060,0.586,0.290,0.341,0.199,0.316,0.255,0.230,0.176,0.362,0.300,0.241,0.412,0.003,0.839,0.586,0.344,0.029,0.401,0.297,0.270,0.223,0.169,0.190,0.077,0.025,0.142,0.077,0.041,0.047,0.133,0.169,0.158,0.147,0.161,0.074,0.094,0.072,0.074,0.149,0.086,0.184,0.136,0.196,0.238,0.428,0.344,0.371,0.265,0.456,0.394,0.264,0.317,0.155,0.188,0.210,0.014,0.053,0.083,0.044,0.401,0.023,0.021,0.149,0.066,0.052,0.007,0.042,0.210,0.287,0.251
0.139,0.153,0.239,0.239,0.038,0.317,0.265,0.301,0.265,0.021,0.000,0.464,0.544,0.095,0.114,0.217,0.164,0.159,0.385,0.278,0.294,0.242,0.300,0.214,0.217,0.055,0.023,0.107,0.027,0.083,0.107,0.137,0.141,0.140,0.108,0.144,0.278,0.527,0.177,0.020,0.367,0.003,0.185,0.045,0.080,0.115,0.060,0.135,0.208,0.318,0.230,0.141,0.128,0.291,0.286,0.261,0.279,0.258,0.222,0.191,0.208,0.134,0.041,0.056,0.042,0.245,0.063,0.191,0.282,0.234,0.182,0.140,0.160,0.094,0.074,0.043,0.035,0.081,0.040,0.137,0.135,0.266,0.203,0.007,0.121,0.099,0.142,0.031,0.052,0.017,0.022,0.079,0.089,0.060
0.081,0.217,0.256,0.001,0.077,0.657,0.219,0.017,0.024,0.121,0.464,0.000,1.070,0.716,0.423,0.469,0.581,0.404,0.572,0.108,0.122,0.085,0.078,0.304,0.927,0.572,0.694,0.514,0.652,0.632,0.631,0.581,0.959,0.647,0.687,1.126,0.494,1.297,0.852,0.676,0.463,0.945,0.677,0.643,0.532,0.457,0.418,0.293,0.254,0.005,0.032,0.186,0.234,0.041,0.139,0.161,0.098,0.220,0.001,0.169,0.034,0.389,0.520,0.338,0.504,0.453,0.488,0.389,0.553,0.548,0.866,0.713,0.636,0.602,0.623,0.653,0.454,0.545,0.604,0.213,0.288,0.211,0.146,0.490,0.130,0.102,0.104,0.034,0.022,0.047,0.007,0.218,0.240,0.352
0.074,0.145,0.165,0.155,0.514,0.227,0.273,0.206,0.277,0.558,0.544,1.070,0.000,0.009,0.175,0.007,0.167,0.004,0.145,0.069,0.010,0.052,0.100,0.151,0.145,0.078,0.011,0.119,0.037,0.201,0.227,0.232,0.132,0.429,0.358,0.044,0.869,0.158,0.264,0.434,0.673,0.196,0.393,0.122,0.119,0.070,0.006,0.002,0.050,0.068,0.057,0.129,0.144,0.049,0.100,0.115,0.063,0.078,0.091,0.050,0.011,0.092,0.150,0.065,0.118,0.480,0.198,0.178,0.203,0.247,0.205,0.306,0.231,0.237,0.389,0.250,0.208,0.221,0.160,0.131,0.136,0.243,0.075,0.322,0.014,0.008,0.047,0.125,0.000,0.081,0.094,0.197,0.317,0.311
0.066,0.084,0.086,0.066,0.251,0.090,0.031,0.057,0.012,0.356,0.095,0.716,0.009,0.000,0.031,0.015,0.023,0.080,0.202,0.130,0.102,0.063,0.092,0.057,0.139,0.079,0.152,0.027,0.196,0.020,0.001,0.003,0.375,0.087,0.051,0.428,1.076,0.541,0.122,0.050,0.306,0.221,0.000,0.118,0.081,0.077,0.126,0.095,0.026,0.069,0.041,0.129,0.140,0.010,0.003,0.015,0.001,0.049,0.085,0.110,0.107,0.111,0.146,0.152,0.124,0.141,0.115,0.142,0.165,0.150,0.161,0.401,0.124,0.081,0.063,0.103,0.034,0.015,0.081,0.035,0.010,0.181,0.029,0.142,0.031,0.032,0.064,0.044,0.007,0.005,0.001,0.010,0.090,0.095
0.133,0.165,0.154,0.114,0.122,0.082,0.065,0.056,0.021,0.151,0.114,0.423,0.175,0.031,0.000,0.030,0.018,0.033,0.252,0.120,0.113,0.079,0.115,0.084,0.110,0.053,0.120,0.002,0.156,0.013,0.013,0.009,0.351,0.083,0.041,0.497,0.756,0.525,0.144,0.012,0.226,0.315,0.077,0.087,0.036,0.026,0.061,0.031,0.029,0.144,0.022,0.071,0.054,0.054,0.043,0.035,0.044,0.023,0.038,0.019,0.046,0.059,0.097,0.090,0.072,0.137,0.072,0.092,0.125,0.134,0.166,0.286,0.189,0.145,0.014,0.142,0.089,0.045,0.089,0.043,0.000,0.204,0.066,0.100,0.030,0.002,0.025,0.082,0.044,0.061,0.062,0.071,0.028,0.004
0.117,0.141,0.126,0.085,0.144,0.049,0.031,0.031,0.007,0.211,0.217,0.469,0.007,0.015,0.030,0.000,0.037,0.020,0.111,0.098,0.087,0.061,0.101,0.088,0.089,0.035,0.141,0.013,0.165,0.013,0.007,0.006,0.429,0.121,0.030,0.511,0.894,0.491,0.115,0.023,0.204,0.296,0.024,0.089,0.033,0.034,0.055,0.040,0.011,0.123,0.004,0.097,0.108,0.026,0.014,0.004,0.021,0.013,0.082,0.011,0.071,0.076,0.090,0.095,0.069,0.186,0.067,0.076,0.099,0.101,0.158,0.417,0.159,0.130,0.009,0.098,0.114,0.079,0.105,0.100,0.055,0.136,0.012,0.365,0.034,0.060,0.052,0.167,0.094,0.089,0.103,0.058,0.050,0.001
0.104,0.129,0.113,0.080,0.187,0.039,0.033,0.042,0.003,0.312,0.164,0.581,0.167,0.023,0.018,0.037,0.000,0.035,0.035,0.129,0.096,0.061,0.081,0.075,0.080,0.050,0.156,0.026,0.190,0.010,0.028,0.033,0.460,0.086,0.013,0.545,1.071,0.526,0.137,0.010,0.192,0.334,0.068,0.130,0.076,0.078,0.100,0.090,0.036,0.068,0.048,0.145,0.170,0.023,0.037,0.045,0.024,0.088,0.131,0.080,0.131,0.124,0.137,0.148,0.117,0.150,0.107,0.118,0.138,0.135,0.172,0.456,0.175,0.146,0.001,0.132,0.121,0.093,0.119,0.123,0.063,0.159,0.001,0.452,0.039,0.015,0.035,0.077,0.046,0.048,0.110,0.057,0.083,0.049
0.076,0.114,0.097,0.048,0.155,0.018,0.005,0.008,0.038,0.251,0.159,0.404,0.004,0.080,0.033,0.020,0.035,0.000,0.053,0.080,0.063,0.036,0.057,0.062,0.034,0.065,0.143,0.028,0.176,0.002,0.025,0.037,0.413,0.062,0.010,0.564,0.816,0.489,0.132,0.006,0.142,0.406,0.164,0.121,0.063,0.064,0.079,0.065,0.022,0.095,0.028,0.128,0.121,0.027,0.037,0.037,0.022,0.044,0.092,0.029,0.092,0.093,0.101,0.105,0.086,0.122,0.063,0.066,0.088,0.099,0.130,0.328,0.182,0.169,0.021,0.139,0.144,0.115,0.120,0.137,0.081,0.187,0.019,0.350,0.054,0.002,0.018,0.083,0.082,0.070,0.144,0.070,0.090,0.037
0.052,0.055,0.072,0.115,0.336,0.201,0.190,0.190,0.224,0.406,0.385,0.572,0.145,0.202,0.252,0.111,0.035,0.053,0.000,0.030,0.045,0.016,0.035,0.097,0.115,0.002,0.083,0.027,0.101,0.114,0.085,0.089,0.289,0.247,0.180,0.374,0.604,0.281,0.081,0.216,0.343,0.200,0.032,0.012,0.054,0.022,0.006,0.012,0.030,0.119,0.004,0.118,0.123,0.059,0.080,0.083,0.038,0.009,0.048,0.121,0.014,0.042,0.075,0.047,0.067,0.306,0.125,0.133,0.127,0.120,0.076,0.268,0.034,0.026,0.172,0.089,0.022,0.017,0.027,0.008,0.027,0.197,0.035,0.472,0.068,0.130,0.183,0.268,0.136,0.012,0.058,0.071,0.230,0.153
0.002,0.061,0.058,0.007,0.085,0.058,0.023,0.055,0.061,0.158,0.278,0.108,0.069,0.130,0.120,0.098,0.129,0.080,0.030,0.000,0.023,0.027,0.022,0.028,0.004,0.078,0.214,0.090,0.168,0.038,0.128,0.107,0.475,0.037,0.077,0.520,0.433,0.377,0.132,0.071,0.067,0.475,0.254,0.170,0.103,0.111,0.073,0.056,0.061,0.085,0.014,0.109,0.110,0.061,0.027,0.028,0.019,0.061,0.002,0.081,0.047,0.064,0.052,0.076,0.077,0.081,0.062,0.037,0.044,0.048,0.112,0.270,0.144,0.147,0.089,0.036,0.136,0.189,0.094,0.061,0.155,0.056,0.026,0.869,0.129,0.166,0.129,0.051,0.037,0.015,0.063,0.001,0.089,0.055
0.008,0.058,0.053,0.002,0.104,0.056,0.026,0.044,0.052,0.173,0.294,0.122,0.010,0.102,0.113,0.087,0.096,0.063,0.045,0.023,0.000,0.001,0.020,0.063,0.017,0.017,0.192,0.058,0.128,0.015,0.103,0.074,0.466,0.092,0.050,0.439,0.430,0.332,0.097,0.050,0.036,0.382,0.147,0.152,0.093,0.111,0.064,0.058,0.075,0.055,0.031,0.115,0.167,0.095,0.052,0.027,0.039,0.052,0.004,0.080,0.051,0.057,0.041,0.078,0.071,0.117,0.068,0.042,0.042,0.040,0.108,0.322,0.113,0.103,0.051,0.001,0.099,0.133,0.053,0.031,0.096,0.100,0.045,0.937,0.110,0.125,0.119,0.067,0.029,0.009,0.049,0.022,0.102,0.034
0.028,0.077,0.079,0.028,0.026,0.032,0.011,0.012,0.005,0.052,0.242,0.085,0.052,0.063,0.079,0.061,0.061,0.036,0.016,0.027,0.001,0.000,0.018,0.054,0.010,0.022,0.192,0.060,0.106,0.022,0.122,0.091,0.434,0.065,0.085,0.398,0.217,0.296,0.115,0.101,0.121,0.412,0.210,0.166,0.103,0.109,0.061,0.048,0.060,0.092,0.007,0.061,0.024,0.031,0.009,0.075,0.015,0.072,0.013,0.071,0.047,0.054,0.048,0.086,0.082,0.051,0.092,0.064,0.059,0.060,0.122,0.175,0.124,0.106,0.084,0.006,0.097,0.133,0.043,0.005,0.076,0.185,0.034,0.795,0.157,0.148,0.131,0.087,0.035,0.025,0.033,0.017,0.061,0.086
0.002,0.043,0.043,0.009,0.067,0.046,0.032,0.053,0.049,0.082,0.300,0.078,0.100,0.092,0.115,0.101,0.081,0.057,0.035,0.022,0.020,0.018,0.000,0.091,0.011,0.030,0.190,0.045,0.029,0.007,0.093,0.032,0.346,0.133,0.040,0.241,0.045,0.197,0.053,0.048,0.066,0.261,0.061,0.103,0.053,0.071,0.006,0.024,0.016,0.138,0.065,0.045,0.057,0.033,0.092,0.150,0.061,0.143,0.091,0.143,0.039,0.030,0.033,0.008,0.009,0.120,0.032,0.003,0.002,0.006,0.068,0.115,0.061,0.047,0.030,0.072,0.045,0.074,0.015,0.049,0.034,0.202,0.016,0.638,0.172,0.159,0.139,0.097,0.033,0.011,0.007,0.047,0.080,0.069
0.016,0.064,0.078,0.028,0.025,0.017,0.030,0.001,0.024,0.060,0.214,0.304,0.151,0.057,0.084,0.088,0.075,0.062,0.097,0.028,0.063,0.054,0.091,0.000,0.068,0.100,0.275,0.115,0.122,0.084,0.163,0.089,0.366,0.045,0.113,0.224,0.166,0.228,0.121,0.148,0.179,0.349,0.210,0.207,0.144,0.132,0.081,0.023,0.025,0.158,0.061,0.070,0.247,0.111,0.136,0.171,0.081,0.153,0.087,0.106,0.014,0.006,0.023,0.067,0.088,0.027,0.110,0.076,0.064,0.052,0.114,0.097,0.092,0.063,0.082,0.057,0.040,0.066,0.013,0.084,0.015,0.211,0.029,0.238,0.136,0.115,0.084,0.075,0.004,0.005,0.031,0.043,0.031,0.117
0.047,0.069,0.123,0.135,0.360,0.049,0.204,0.178,0.283,0.586,0.217,0.927,0.145,0.139,0.110,0.089,0.080,0.034,0.115,0.004,0.017,0.010,0.011,0.068,0.000,0.162,0.033,0.033,0.091,0.040,0.096,0.030,0.061,0.357,0.210,0.096,0.557,0.240,0.304,0.477,0.741,0.729,0.767,0.254,0.221,0.148,0.225,0.165,0.075,0.039,0.101,0.092,0.127,0.006,0.028,0.017,0.079,0.040,0.080,0.148,0.174,0.162,0.240,0.263,0.274,0.468,0.314,0.296,0.260,0.259,0.188,0.390,0.103,0.076,0.166,0.019,0.122,0.242,0.074,0.117,0.204,0.106,0.061,0.930,0.004,0.032,0.013,0.035,0.071,0.034,0.197,0.135,0.033,0.096
0.143,0.183,0.206,0.162,0.217,0.146,0.169,0.134,0.166,0.290,0.055,0.572,0.078,0.079,0.053,0.035,0.050,0.065,0.002,0.078,0.017,0.022,0.030,0.100,0.162,0.000,0.210,0.089,0.100,0.152,0.224,0.146,0.170,0.082,0.231,0.120,0.338,0.159,0.204,0.290,0.384,0.336,0.297,0.198,0.116,0.035,0.011,0.030,0.068,0.208,0.084,0.152,0.420,0.166,0.131,0.109,0.049,0.065,0.000,0.012,0.028,0.043,0.080,0.102,0.114,0.202,0.188,0.160,0.150,0.148,0.201,0.298,0.183,0.147,0.205,0.032,0.126,0.130,0.060,0.007,0.058,0.310,0.062,0.227,0.220,0.206,0.184,0.180,0.112,0.125,0.065,0.069,0.126,0.279
0.134,0.153,0.159,0.145,0.215,0.022,0.131,0.125,0.184,0.341,0.023,0.694,0.011,0.152,0.120,0.141,0.156,0.143,0.083,0.214,0.192,0.192,0.190,0.275,0.033,0.210,0.000,0.131,0.025,0.077,0.130,0.153,0.115,0.030,0.169,0.128,0.322,0.066,0.101,0.236,0.363,0.399,0.436,0.221,0.165,0.141,0.139,0.148,0.135,0.017,0.144,0.112,0.145,0.106,0.121,0.106,0.178,0.088,0.106,0.103,0.172,0.145,0.147,0.188,0.178,0.265,0.200,0.163,0.124,0.149,0.163,0.346,0.123,0.061,0.146,0.007,0.085,0.068,0.044,0.035,0.050,0.327,0.139,0.484,0.278,0.240,0.246,0.229,0.128,0.125,0.032,0.004,0.058,0.187
0.053,0.085,0.099,0.066,0.114,0.015,0.060,0.039,0.082,0.199,0.107,0.514,0.119,0.027,0.002,0.013,0.026,0.028,0.027,0.090,0.058,0.060,0.045,0.115,0.033,0.089,0.131,0.000,0.034,0.005,0.102,0.077,0.184,0.034,0.113,0.165,0.295,0.121,0.092,0.173,0.270,0.401,0.360,0.169,0.110,0.085,0.071,0.045,0.029,0.107,0.016,0.003,0.229,0.014,0.012,0.035,0.038,0.048,0.013,0.023,0.054,0.041,0.055,0.095,0.095,0.125,0.121,0.089,0.064,0.075,0.106,0.402,0.088,0.043,0.098,0.053,0.036,0.038,0.027,0.058,0.022,0.241,0.015,0.237,0.181,0.160,0.149,0.130,0.047,0.044,0.023,0.039,0.003,0.142
0.207,0.224,0.228,0.209,0.208,0.121,0.181,0.180,0.217,0.316,0.027,0.652,0.037,0.196,0.156,0.165,0.190,0.176,0.101,0.168,0.128,0.106,0.029,0.122,0.091,0.100,0.025,0.034,0.000,0.025,0.056,0.128,0.305,0.088,0.151,0.193,0.213,0.203,0.139,0.215,0.237,0.332,0.169,0.141,0.036,0.010,0.021,0.066,0.010,0.122,0.059,0.032,0.209,0.021,0.036,0.062,0.112,0.087,0.122,0.113,0.165,0.152,0.158,0.185,0.156,0.144,0.211,0.186,0.165,0.186,0.229,0.208,0.181,0.122,0.149,0.057,0.142,0.104,0.096,0.079,0.088,0.310,0.168,0.318,0.303,0.261,0.267,0.289,0.184,0.186,0.109,0.081,0.111,0.219
0.023,0.047,0.068,0.041,0.114,0.002,0.044,0.024,0.080,0.255,0.083,0.632,0.201,0.020,0.013,0.013,0.010,0.002,0.114,0.038,0.015,0.022,0.007,0.084,0.040,0.152,0.077,0.005,0.025,0.000,0.019,0.029,0.073,0.085,0.066,0.075,0.603,0.029,0.051,0.163,0.235,0.289,0.394,0.171,0.116,0.071,0.095,0.032,0.006,0.122,0.007,0.019,0.223,0.057,0.050,0.061,0.000,0.085,0.066,0.044,0.009,0.009,0.019,0.065,0.082,0.200,0.107,0.073,0.041,0.042,0.062,0.598,0.021,0.033,0.035,0.119,0.044,0.071,0.094,0.125,0.093,0.131,0.029,0.569,0.147,0.121,0.106,0.113,0.017,0.013,0.082,0.079,0.010,0.116
0.005,0.012,0.023,0.004,0.090,0.095,0.019,0.039,0.020,0.230,0.107,0.631,0.227,0.001,0.013,0.007,0.028,0.025,0.085,0.128,0.103,0.122,0.093,0.163,0.096,0.224,0.130,0.102,0.056,0.019,0.000,0.013,0.103,0.084,0.035,0.045,0.605,0.048,0.017,0.096,0.234,0.359,0.477,0.115,0.080,0.069,0.085,0.040,0.028,0.089,0.029,0.048,0.147,0.025,0.024,0.005,0.058,0.055,0.053,0.053,0.012,0.014,0.014,0.024,0.032,0.147,0.026,0.009,0.043,0.018,0.008,0.579,0.020,0.064,0.015,0.145,0.054,0.067,0.099,0.108,0.059,0.177,0.011,0.794,0.203,0.183,0.162,0.144,0.048,0.023,0.082,0.099,0.041,0.096
0.032,0.054,0.061,0.023,0.060,0.036,0.003,0.026,0.013,0.176,0.137,0.581,0.232,0.003,0.009,0.006,0.033,0.037,0.089,0.107,0.074,0.091,0.032,0.089,0.030,0.146,0.153,0.077,0.128,0.029,0.013,0.000,0.165,0.164,0.020,0.106,0.513,0.127,0.025,0.065,0.102,0.392,0.294,0.083,0.031,0.024,0.044,0.005,0.019,0.140,0.011,0.035,0.113,0.015,0.009,0.015,0.021,0.075,0.068,0.075,0.012,0.033,0.026,0.005,0.007,0.022,0.012,0.013,0.029,0.009,0.030,0.524,0.028,0.002,0.021,0.112,0.003,0.005,0.055,0.086,0.014,0.161,0.020,0.788,0.226,0.205,0.178,0.183,0.088,0.063,0.027,0.044,0.016,0.109
0.261,0.221,0.163,0.182,0.139,0.043,0.050,0.110,0.174,0.362,0.141,0.959,0.132,0.375,0.351,0.429,0.460,0.413,0.289,0.475,0.466,0.434,0.346,0.366,0.061,0.170,0.115,0.184,0.305,0.073,0.103,0.165,0.000,0.597,0.107,0.084,0.463,0.125,0.209,0.127,0.173,0.054,0.333,0.071,0.081,0.004,0.089,0.222,0.176,0.125,0.325,0.368,0.201,0.312,0.384,0.428,0.430,0.390,0.353,0.308,0.348,0.319,0.178,0.171,0.067,0.001,0.019,0.010,0.061,0.060,0.093,0.058,0.024,0.028,0.040,0.025,0.142,0.072,0.206,0.260,0.245,0.415,0.445,0.987,0.564,0.496,0.521,0.550,0.387,0.332,0.186,0.074,0.062,0.105
0.003,0.027,0.077,0.013,0.162,0.092,0.032,0.043,0.008,0.300,0.140,0.647,0.429,0.087,0.083,0.121,0.086,0.062,0.247,0.037,0.092,0.065,0.133,0.045,0.357,0.082,0.030,0.034,0.088,0.085,0.084,0.164,0.597,0.000,0.048,0.438,1.018,0.110,0.106,0.172,0.319,0.194,0.412,0.097,0.100,0.136,0.101,0.194,0.216,0.328,0.220,0.184,0.331,0.227,0.221,0.211,0.190,0.256,0.238,0.224,0.225,0.245,0.202,0.187,0.171,0.062,0.099,0.094,0.088,0.084,0.057,0.677,0.006,0.001,0.063,0.167,0.073,0.087,0.149,0.199,0.116,0.010,0.141,0.796,0.090,0.110,0.065,0.077,0.022,0.017,0.079,0.020,0.088,0.233
0.049,0.034,0.012,0.053,0.069,0.082,0.063,0.102,0.040,0.241,0.108,0.687,0.358,0.051,0.041,0.030,0.013,0.010,0.180,0.077,0.050,0.085,0.040,0.113,0.210,0.231,0.169,0.113,0.151,0.066,0.035,0.020,0.107,0.048,0.000,0.123,0.810,0.074,0.005,0.058,0.158,0.519,0.468,0.101,0.070,0.057,0.089,0.024,0.001,0.121,0.007,0.051,0.086,0.011,0.014,0.022,0.009,0.092,0.099,0.094,0.043,0.047,0.053,0.028,0.003,0.124,0.044,0.074,0.100,0.082,0.093,0.376,0.069,0.089,0.030,0.204,0.108,0.091,0.088,0.137,0.061,0.038,0.023,0.967,0.159,0.156,0.116,0.124,0.040,0.010,0.114,0.101,0.033,0.089
0.420,0.391,0.296,0.273,0.217,0.052,0.067,0.095,0.110,0.412,0.144,1.126,0.044,0.428,0.497,0.511,0.545,0.564,0.374,0.520,0.439,0.398,0.241,0.224,0.096,0.120,0.128,0.165,0.193,0.075,0.045,0.106,0.084,0.438,0.123,0.000,0.614,0.093,0.237,0.332,0.457,0.145,0.258,0.223,0.253,0.166,0.115,0.023,0.032,0.086,0.105,0.205,0.101,0.169,0.249,0.333,0.264,0.303,0.324,0.196,0.131,0.061,0.062,0.115,0.224,0.331,0.278,0.249,0.252,0.055,0.066,0.040,0.144,0.161,0.067,0.252,0.382,0.284,0.456,0.457,0.430,0.412,0.448,1.122,0.644,0.642,0.652,0.714,0.598,0.561,0.409,0.303,0.249,0.277
0.467,0.177,0.031,0.209,0.332,0.465,0.280,0.010,0.083,0.003,0.278,0.494,0.869,1.076,0.756,0.894,1.071,0.816,0.604,0.433,0.430,0.217,0.045,0.166,0.557,0.338,0.322,0.295,0.213,0.603,0.605,0.513,0.463,1.018,0.810,0.614,0.000,0.604,0.903,1.164,1.324,0.998,1.091,0.715,0.676,0.505,0.380,0.221,0.245,0.134,0.116,0.170,0.098,0.201,0.389,0.510,0.348,0.582,0.394,0.602,0.149,0.311,0.725,0.508,0.710,1.148,0.964,0.793,0.871,0.769,0.671,0.029,0.435,0.401,0.700,0.335,0.127,0.317,0.191,0.185,0.056,0.066,0.219,0.139,0.453,0.471,0.658,0.768,0.558,0.437,0.326,0.029,0.152,0.246
0.450,0.425,0.394,0.424,0.510,0.276,0.334,0.376,0.476,0.839,0.527,1.297,0.158,0.541,0.525,0.491,0.526,0.489,0.281,0.377,0.332,0.296,0.197,0.228,0.240,0.159,0.066,0.121,0.203,0.029,0.048,0.127,0.125,0.110,0.074,0.093,0.604,0.000,0.091,0.178,0.134,0.054,0.045,0.012,0.048,0.022,0.084,0.162,0.082,0.033,0.219,0.247,0.085,0.177,0.258,0.317,0.297,0.345,0.370,0.407,0.321,0.276,0.326,0.246,0.153,0.303,0.197,0.191,0.185,0.373,0.405,0.026,0.243,0.128,0.169,0.292,0.252,0.121,0.284,0.300,0.231,0.255,0.317,1.106,0.458,0.441,0.471,0.548,0.434,0.439,0.274,0.252,0.323,0.281
0.098,0.091,0.117,0.094,0.327,0.162,0.081,0.037,0.119,0.586,0.177,0.852,0.264,0.122,0.144,0.115,0.137,0.132,0.081,0.132,0.097,0.115,0.053,0.121,0.304,0.204,0.101,0.092,0.139,0.051,0.017,0.025,0.209,0.106,0.005,0.237,0.903,0.091,0.000,0.137,0.016,0.123,0.264,0.033,0.020,0.010,0.078,0.039,0.006,0.101,0.027,0.080,0.056,0.007,0.031,0.051,0.056,0.018,0.022,0.044,0.024,0.016,0.025,0.006,0.017,0.192,0.031,0.044,0.069,0.007,0.049,0.239,0.023,0.041,0.034,0.000,0.013,0.034,0.044,0.001,0.015,0.035,0.049,0.972,0.199,0.202,0.181,0.222,0.150,0.141,0.011,0.040,0.172,0.196
0.050,0.041,0.022,0.084,0.082,0.178,0.098,0.163,0.093,0.344,0.020,0.676,0.434,0.050,0.012,0.023,0.010,0.006,0.216,0.071,0.050,0.101,0.048,0.148,0.477,0.290,0.236,0.173,0.215,0.163,0.096,0.065,0.127,0.172,0.058,0.332,1.164,0.178,0.137,0.000,0.212,0.012,0.193,0.098,0.091,0.077,0.124,0.038,0.014,0.099,0.009,0.066,0.019,0.021,0.025,0.014,0.005,0.079,0.091,0.089,0.082,0.043,0.074,0.089,0.009,0.165,0.151,0.203,0.255,0.213,0.191,0.141,0.128,0.060,0.014,0.089,0.060,0.012,0.036,0.063,0.004,0.047,0.024,0.880,0.176,0.169,0.113,0.148,0.074,0.049,0.089,0.033,0.067,0.120
0.234,0.211,0.193,0.306,0.121,0.071,0.337,0.437,0.395,0.029,0.367,0.463,0.673,0.306,0.226,0.204,0.192,0.142,0.343,0.067,0.036,0.121,0.066,0.179,0.741,0.384,0.363,0.270,0.237,0.235,0.234,0.102,0.173,0.319,0.158,0.457,1.324,0.134,0.016,0.212,0.000,0.176,0.386,0.084,0.066,0.069,0.060,0.059,0.027,0.175,0.111,0.001,0.064,0.061,0.101,0.110,0.095,0.248,0.283,0.339,0.269,0.214,0.312,0.300,0.179,0.026,0.389,0.454,0.498,0.491,0.508,0.289,0.285,0.086,0.007,0.299,0.118,0.052,0.018,0.163,0.018,0.094,0.027,0.972,0.185,0.203,0.100,0.082,0.035,0.028,0.150,0.101,0.031,0.145
0.350,0.374,0.329,0.225,0.292,0.315,0.093,0.022,0.015,0.401,0.003,0.945,0.196,0.221,0.315,0.296,0.334,0.406,0.200,0.475,0.382,0.412,0.261,0.349,0.729,0.336,0.399,0.401,0.332,0.289,0.359,0.392,0.054,0.194,0.519,0.145,0.998,0.054,0.123,0.012,0.176,0.000,0.014,0.160,0.229,0.144,0.159,0.111,0.060,0.168,0.030,0.104,0.043,0.067,0.103,0.178,0.120,0.095,0.111,0.030,0.084,0.059,0.199,0.312,0.345,0.168,0.407,0.378,0.302,0.110,0.135,0.020,0.263,0.358,0.409,0.283,0.437,0.479,0.478,0.364,0.479,0.548,0.407,1.255,0.652,0.671,0.608,0.628,0.566,0.527,0.408,0.390,0.399,0.502
0.214,0.262,0.273,0.146,0.252,0.346,0.101,0.018,0.042,0.297,0.185,0.677,0.393,0.000,0.077,0.024,0.068,0.164,0.032,0.254,0.147,0.210,0.061,0.210,0.767,0.297,0.436,0.360,0.169,0.394,0.477,0.294,0.333,0.412,0.468,0.258,1.091,0.045,0.264,0.193,0.386,0.014,0.000,0.375,0.383,0.317,0.366,0.397,0.306,0.430,0.326,0.198,0.243,0.212,0.198,0.127,0.175,0.209,0.167,0.288,0.364,0.336,0.368,0.492,0.547,0.209,0.359,0.322,0.208,0.121,0.085,0.359,0.225,0.322,0.365,0.117,0.295,0.374,0.258,0.130,0.308,0.457,0.181,1.004,0.470,0.506,0.411,0.407,0.376,0.346,0.269,0.304,0.358,0.528
0.133,0.141,0.142,0.110,0.123,0.137,0.077,0.066,0.103,0.270,0.045,0.643,0.122,0.118,0.087,0.089,0.130,0.121,0.012,0.170,0.152,0.166,0.103,0.207,0.254,0.198,0.221,0.169,0.141,0.171,0.115,0.083,0.071,0.097,0.101,0.223,0.715,0.012,0.033,0.098,0.084,0.160,0.375,0.000,0.035,0.016,0.025,0.007,0.000,0.079,0.018,0.028,0.067,0.012,0.012,0.041,0.063,0.003,0.001,0.004,0.006,0.005,0.018,0.015,0.019,0.120,0.049,0.016,0.008,0.027,0.102,0.126,0.053,0.032,0.061,0.032,0.067,0.054,0.060,0.025,0.082,0.286,0.153,0.552,0.330,0.294,0.269,0.290,0.182,0.160,0.062,0.044,0.094,0.191
0.098,0.108,0.115,0.085,0.087,0.132,0.065,0.057,0.092,0.223,0.080,0.532,0.119,0.081,0.036,0.033,0.076,0.063,0.054,0.103,0.093,0.103,0.053,0.144,0.221,0.116,0.165,0.110,0.036,0.116,0.080,0.031,0.081,0.100,0.070,0.253,0.676,0.048,0.020,0.091,0.066,0.229,0.383,0.035,0.000,0.015,0.034,0.027,0.019,0.062,0.018,0.047,0.108,0.067,0.046,0.018,0.009,0.043,0.045,0.037,0.045,0.040,0.039,0.025,0.017,0.069,0.067,0.036,0.019,0.014,0.084,0.102,0.024,0.001,0.029,0.067,0.025,0.011,0.010,0.024,0.030,0.247,0.100,0.363,0.272,0.236,0.212,0.231,0.125,0.108,0.019,0.004,0.062,0.161
0.096,0.106,0.108,0.081,0.061,0.091,0.053,0.052,0.081,0.169,0.115,0.457,0.070,0.077,0.026,0.034,0.078,0.064,0.022,0.111,0.111,0.109,0.071,0.132,0.148,0.035,0.141,0.085,0.010,0.071,0.069,0.024,0.004,0.136,0.057,0.166,0.505,0.022,0.010,0.077,0.069,0.144,0.317,0.016,0.015,0.000,0.009,0.018,0.014,0.021,0.008,0.050,0.104,0.041,0.022,0.003,0.034,0.029,0.033,0.034,0.018,0.024,0.028,0.002,0.004,0.008,0.073,0.042,0.021,0.018,0.088,0.060,0.030,0.000,0.024,0.071,0.031,0.017,0.003,0.019,0.034,0.264,0.109,0.187,0.274,0.236,0.221,0.228,0.122,0.102,0.026,0.006,0.033,0.143
0.150,0.160,0.169,0.145,0.091,0.184,0.126,0.131,0.152,0.190,0.060,0.418,0.006,0.126,0.061,0.055,0.100,0.079,0.006,0.073,0.064,0.061,0.006,0.081,0.225,0.011,0.139,0.071,0.021,0.095,0.085,0.044,0.089,0.101,0.089,0.115,0.380,0.084,0.078,0.124,0.060,0.159,0.366,0.025,0.034,0.009,0.000,0.004,0.012,0.019,0.010,0.079,0.066,0.108,0.067,0.021,0.002,0.005,0.002,0.017,0.014,0.024,0.036,0.071,0.072,0.017,0.165,0.140,0.118,0.092,0.162,0.095,0.086,0.050,0.057,0.016,0.069,0.044,0.043,0.013,0.050,0.248,0.117,0.110,0.260,0.222,0.208,0.239,0.136,0.129,0.063,0.042,0.082,0.175
0.122,0.131,0.130,0.105,0.005,0.117,0.068,0.079,0.088,0.077,0.135,0.293,0.002,0.095,0.031,0.040,0.090,0.065,0.012,0.056,0.058,0.048,0.024,0.023,0.165,0.030,0.148,0.045,0.066,0.032,0.040,0.005,0.222,0.194,0.024,0.023,0.221,0.162,0.039,0.038,0.059,0.111,0.397,0.007,0.027,0.018,0.004,0.000,0.050,0.106,0.003,0.023,0.030,0.085,0.047,0.007,0.010,0.010,0.012,0.011,0.011,0.010,0.010,0.058,0.036,0.162,0.109,0.087,0.072,0.055,0.134,0.264,0.064,0.030,0.004,0.037,0.053,0.028,0.029,0.006,0.042,0.197,0.111,0.046,0.246,0.207,0.198,0.233,0.125,0.109,0.055,0.017,0.022,0.108
0.062,0.075,0.072,0.042,0.034,0.031,0.005,0.009,0.022,0.025,0.208,0.254,0.050,0.026,0.029,0.011,0.036,0.022,0.030,0.061,0.075,0.060,0.016,0.025,0.075,0.068,0.135,0.029,0.010,0.006,0.028,0.019,0.176,0.216,0.001,0.032,0.245,0.082,0.006,0.014,0.027,0.060,0.306,0.000,0.019,0.014,0.012,0.050,0.000,0.088,0.006,0.064,0.024,0.046,0.034,0.027,0.016,0.059,0.061,0.076,0.030,0.043,0.047,0.001,0.017,0.152,0.048,0.022,0.005,0.004,0.073,0.121,0.019,0.010,0.021,0.092,0.015,0.003,0.022,0.038,0.014,0.209,0.081,0.148,0.232,0.194,0.185,0.191,0.086,0.062,0.013,0.036,0.035,0.075
0.039,0.029,0.032,0.055,0.176,0.069,0.091,0.072,0.068,0.142,0.318,0.005,0.068,0.069,0.144,0.123,0.068,0.095,0.119,0.085,0.055,0.092,0.138,0.158,0.039,0.208,0.017,0.107,0.122,0.122,0.089,0.140,0.125,0.328,0.121,0.086,0.134,0.033,0.101,0.099,0.175,0.168,0.430,0.079,0.062,0.021,0.019,0.106,0.088,0.000,0.084,0.204,0.016,0.127,0.120,0.126,0.095,0.144,0.154,0.155,0.103,0.126,0.122,0.048,0.075,0.286,0.009,0.026,0.055,0.083,0.014,0.139,0.080,0.115,0.143,0.191,0.094,0.110,0.132,0.143,0.103,0.058,0.043,0.473,0.088,0.055,0.058,0.067,0.036,0.059,0.089,0.148,0.163,0.062
0.093,0.106,0.098,0.068,0.083,0.064,0.022,0.036,0.025,0.077,0.230,0.032,0.057,0.041,0.022,0.004,0.048,0.028,0.004,0.014,0.031,0.007,0.065,0.061,0.101,0.084,0.144,0.016,0.059,0.007,0.029,0.011,0.325,0.220,0.007,0.105,0.116,0.219,0.027,0.009,0.111,0.030,0.326,0.018,0.018,0.008,0.010,0.003,0.006,0.084,0.000,0.018,0.214,0.077,0.053,0.017,0.009,0.022,0.024,0.051,0.005,0.003,0.007,0.044,0.014,0.243,0.073,0.058,0.050,0.030,0.116,0.422,0.058,0.030,0.022,0.044,0.050,0.033,0.020,0.006,0.042,0.156,0.095,0.402,0.208,0.175,0.173,0.201,0.101,0.079,0.057,0.002,0.035,0.056
0.178,0.188,0.180,0.153,0.025,0.097,0.100,0.113,0.107,0.041,0.141,0.186,0.129,0.129,0.071,0.097,0.145,0.128,0.118,0.109,0.115,0.061,0.045,0.070,0.092,0.152,0.112,0.003,0.032,0.019,0.048,0.035,0.368,0.184,0.051,0.205,0.170,0.247,0.080,0.066,0.001,0.104,0.198,0.028,0.047,0.050,0.079,0.023,0.064,0.204,0.018,0.000,0.169,0.080,0.025,0.070,0.123,0.069,0.070,0.032,0.098,0.071,0.061,0.099,0.049,0.162,0.122,0.110,0.103,0.105,0.181,0.392,0.138,0.103,0.057,0.026,0.129,0.100,0.078,0.083,0.110,0.237,0.170,0.396,0.284,0.251,0.264,0.282,0.181,0.161,0.138,0.071,0.039,0.138
0.122,0.111,0.099,0.103,0.016,0.048,0.038,0.079,0.094,0.047,0.128,0.234,0.144,0.140,0.054,0.108,0.170,0.121,0.123,0.110,0.167,0.024,0.057,0.247,0.127,0.420,0.145,0.229,0.209,0.223,0.147,0.113,0.201,0.331,0.086,0.101,0.098,0.085,0.056,0.019,0.064,0.043,0.243,0.067,0.108,0.104,0.066,0.030,0.024,0.016,0.214,0.169,0.000,0.235,0.264,0.188,0.291,0.115,0.065,0.064,0.152,0.047,0.037,0.113,0.027,0.181,0.095,0.086,0.046,0.058,0.092,0.127,0.035,0.027,0.060,0.079,0.016,0.044,0.054,0.003,0.012,0.137,0.091,0.512,0.213,0.174,0.232,0.231,0.109,0.082,0.049,0.042,0.069,0.022
0.073,0.089,0.077,0.038,0.101,0.009,0.016,0.012,0.029,0.133,0.291,0.041,0.049,0.010,0.054,0.026,0.023,0.027,0.059,0.061,0.095,0.031,0.033,0.111,0.006,0.166,0.106,0.014,0.021,0.057,0.025,0.015,0.312,0.227,0.011,0.169,0.201,0.177,0.007,0.021,0.061,0.067,0.212,0.012,0.067,0.041,0.108,0.085,0.046,0.127,0.077,0.080,0.235,0.000,0.015,0.022,0.007,0.049,0.041,0.100,0.027,0.036,0.049,0.013,0.044,0.247,0.012,0.004,0.004,0.006,0.081,0.305,0.058,0.040,0.012,0.055,0.064,0.059,0.006,0.013,0.068,0.186,0.091,0.640,0.218,0.204,0.214,0.194,0.112,0.075,0.081,0.005,0.061,0.057
0.093,0.109,0.095,0.057,0.116,0.011,0.001,0.008,0.020,0.169,0.286,0.139,0.100,0.003,0.043,0.014,0.037,0.037,0.080,0.027,0.052,0.009,0.092,0.136,0.028,0.131,0.121,0.012,0.036,0.050,0.024,0.009,0.384,0.221,0.014,0.249,0.389,0.258,0.031,0.025,0.101,0.103,0.198,0.012,0.046,0.022,0.067,0.047,0.034,0.120,0.053,0.025,0.264,0.015,0.000,0.002,0.021,0.021,0.012,0.077,0.005,0.003,0.017,0.019,0.015,0.267,0.032,0.022,0.026,0.020,0.107,0.439,0.083,0.065,0.009,0.023,0.084,0.073,0.033,0.041,0.081,0.138,0.097,0.725,0.200,0.188,0.203,0.204,0.121,0.087,0.103,0.017,0.056,0.048
0.100,0.116,0.104,0.071,0.108,0.010,0.016,0.026,0.001,0.158,0.261,0.161,0.115,0.015,0.035,0.004,0.045,0.037,0.083,0.028,0.027,0.075,0.150,0.171,0.017,0.109,0.106,0.035,0.062,0.061,0.005,0.015,0.428,0.211,0.022,0.333,0.510,0.317,0.051,0.014,0.110,0.178,0.127,0.041,0.018,0.003,0.021,0.007,0.027,0.126,0.017,0.070,0.188,0.022,0.002,0.000,0.009,0.002,0.017,0.045,0.055,0.032,0.024,0.065,0.024,0.247,0.061,0.055,0.057,0.052,0.126,0.483,0.102,0.076,0.009,0.004,0.087,0.068,0.038,0.046,0.066,0.066,0.072,0.805,0.157,0.149,0.172,0.193,0.106,0.080,0.098,0.017,0.060,0.034
0.086,0.108,0.096,0.055,0.107,0.037,0.006,0.010,0.012,0.147,0.279,0.098,0.063,0.001,0.044,0.021,0.024,0.022,0.038,0.019,0.039,0.015,0.061,0.081,0.079,0.049,0.178,0.038,0.112,0.000,0.058,0.021,0.430,0.190,0.009,0.264,0.348,0.297,0.056,0.005,0.095,0.120,0.175,0.063,0.009,0.034,0.002,0.010,0.016,0.095,0.009,0.123,0.291,0.007,0.021,0.009,0.000,0.031,0.011,0.076,0.019,0.026,0.006,0.046,0.023,0.241,0.056,0.040,0.044,0.033,0.124,0.524,0.090,0.071,0.002,0.014,0.086,0.082,0.052,0.041,0.084,0.147,0.115,0.617,0.212,0.187,0.186,0.203,0.113,0.084,0.086,0.015,0.047,0.054
0.103,0.105,0.093,0.070,0.143,0.020,0.005,0.027,0.001,0.161,0.258,0.220,0.078,0.049,0.023,0.013,0.088,0.044,0.009,0.061,0.052,0.072,0.143,0.153,0.040,0.065,0.088,0.048,0.087,0.085,0.055,0.075,0.390,0.256,0.092,0.303,0.582,0.345,0.018,0.079,0.248,0.095,0.209,0.003,0.043,0.029,0.005,0.010,0.059,0.144,0.022,0.069,0.115,0.049,0.021,0.002,0.031,0.000,0.003,0.045,0.053,0.009,0.012,0.054,0.003,0.317,0.036,0.042,0.045,0.037,0.106,0.513,0.068,0.035,0.076,0.025,0.041,0.005,0.014,0.013,0.013,0.043,0.018,0.529,0.123,0.115,0.131,0.204,0.098,0.073,0.067,0.003,0.070,0.007
0.125,0.126,0.111,0.084,0.106,0.040,0.013,0.026,0.005,0.074,0.222,0.001,0.091,0.085,0.038,0.082,0.131,0.092,0.048,0.002,0.004,0.013,0.091,0.087,0.080,0.000,0.106,0.013,0.122,0.066,0.053,0.068,0.353,0.238,0.099,0.324,0.394,0.370,0.022,0.091,0.283,0.111,0.167,0.001,0.045,0.033,0.002,0.012,0.061,0.154,0.024,0.070,0.065,0.041,0.012,0.017,0.011,0.003,0.000,0.048,0.019,0.005,0.000,0.024,0.014,0.303,0.003,0.013,0.025,0.030,0.106,0.408,0.074,0.044,0.075,0.011,0.052,0.011,0.043,0.032,0.031,0.041,0.036,0.147,0.164,0.157,0.162,0.250,0.139,0.116,0.077,0.027,0.033,0.022
0.128,0.125,0.124,0.108,0.124,0.120,0.053,0.083,0.057,0.094,0.191,0.169,0.050,0.110,0.019,0.011,0.080,0.029,0.121,0.081,0.080,0.071,0.143,0.106,0.148,0.012,0.103,0.023,0.113,0.044,0.053,0.075,0.308,0.224,0.094,0.196,0.602,0.407,0.044,0.089,0.339,0.030,0.288,0.004,0.037,0.034,0.017,0.011,0.076,0.155,0.051,0.032,0.064,0.100,0.077,0.045,0.076,0.045,0.048,0.000,0.020,0.006,0.037,0.063,0.014,0.326,0.063,0.089,0.101,0.076,0.141,0.417,0.070,0.032,0.089,0.005,0.021,0.021,0.025,0.009,0.013,0.069,0.007,0.131,0.097,0.088,0.081,0.178,0.084,0.077,0.045,0.024,0.019,0.008
0.136,0.135,0.120,0.091,0.101,0.109,0.024,0.043,0.020,0.072,0.208,0.034,0.011,0.107,0.046,0.071,0.131,0.092,0.014,0.047,0.051,0.047,0.039,0.014,0.174,0.028,0.172,0.054,0.165,0.009,0.012,0.012,0.348,0.225,0.043,0.131,0.149,0.321,0.024,0.082,0.269,0.084,0.364,0.006,0.045,0.018,0.014,0.011,0.030,0.103,0.005,0.098,0.152,0.027,0.005,0.055,0.019,0.053,0.019,0.020,0.000,0.020,0.014,0.010,0.023,0.364,0.016,0.017,0.033,0.022,0.125,0.534,0.063,0.043,0.049,0.005,0.068,0.039,0.073,0.054,0.073,0.092,0.122,0.087,0.236,0.208,0.201,0.272,0.160,0.134,0.091,0.043,0.000,0.052
0.124,0.127,0.119,0.094,0.025,0.093,0.039,0.051,0.059,0.074,0.134,0.389,0.092,0.111,0.059,0.076,0.124,0.093,0.042,0.064,0.057,0.054,0.030,0.006,0.162,0.043,0.145,0.041,0.152,0.009,0.014,0.033,0.319,0.245,0.047,0.061,0.311,0.276,0.016,0.043,0.214,0.059,0.336,0.005,0.040,0.024,0.024,0.010,0.043,0.126,0.003,0.071,0.047,0.036,0.003,0.032,0.026,0.009,0.005,0.006,0.020,0.000,0.007,0.034,0.008,0.334,0.040,0.031,0.031,0.032,0.118,0.378,0.052,0.021,0.044,0.037,0.043,0.010,0.044,0.015,0.040,0.102,0.101,0.155,0.239,0.207,0.198,0.260,0.145,0.124,0.055,0.021,0.011,0.074
0.143,0.141,0.139,0.117,0.003,0.162,0.065,0.078,0.095,0.149,0.041,0.520,0.150,0.146,0.097,0.090,0.137,0.101,0.075,0.052,0.041,0.048,0.033,0.023,0.240,0.080,0.147,0.055,0.158,0.019,0.014,0.026,0.178,0.202,0.053,0.062,0.725,0.326,0.025,0.074,0.312,0.199,0.368,0.018,0.039,0.028,0.036,0.010,0.047,0.122,0.007,0.061,0.037,0.049,0.017,0.024,0.006,0.012,0.000,0.037,0.014,0.007,0.000,0.001,0.020,0.330,0.027,0.032,0.046,0.044,0.135,0.243,0.048,0.020,0.056,0.012,0.037,0.001,0.060,0.019,0.035,0.063,0.081,0.338,0.218,0.195,0.180,0.257,0.151,0.137,0.055,0.043,0.049,0.083
0.140,0.132,0.124,0.104,0.041,0.173,0.047,0.071,0.078,0.086,0.056,0.338,0.065,0.152,0.090,0.095,0.148,0.105,0.047,0.076,0.078,0.086,0.008,0.067,0.263,0.102,0.188,0.095,0.185,0.065,0.024,0.005,0.171,0.187,0.028,0.115,0.508,0.246,0.006,0.089,0.300,0.312,0.492,0.015,0.025,0.002,0.071,0.058,0.001,0.048,0.044,0.099,0.113,0.013,0.019,0.065,0.046,0.054,0.024,0.063,0.010,0.034,0.001,0.000,0.010,0.319,0.030,0.023,0.034,0.017,0.116,0.335,0.028,0.011,0.054,0.013,0.043,0.015,0.072,0.040,0.060,0.119,0.125,0.266,0.254,0.221,0.204,0.276,0.163,0.142,0.065,0.041,0.042,0.073
0.123,0.124,0.125,0.102,0.030,0.171,0.065,0.074,0.100,0.184,0.042,0.504,0.118,0.124,0.072,0.069,0.117,0.086,0.067,0.077,0.071,0.082,0.009,0.088,0.274,0.114,0.178,0.095,0.156,0.082,0.032,0.007,0.067,0.171,0.003,0.224,0.710,0.153,0.017,0.009,0.179,0.345,0.547,0.019,0.017,0.004,0.072,0.036,0.017,0.075,0.014,0.049,0.027,0.044,0.015,0.024,0.023,0.003,0.014,0.014,0.023,0.008,0.020,0.010,0.000,0.224,0.075,0.045,0.040,0.025,0.109,0.160,0.027,0.002,0.026,0.038,0.029,0.003,0.046,0.005,0.038,0.150,0.107,0.380,0.254,0.218,0.197,0.255,0.143,0.127,0.038,0.026,0.057,0.109
0.017,0.031,0.071,0.011,0.030,0.225,0.023,0.056,0.048,0.136,0.245,0.453,0.480,0.141,0.137,0.186,0.150,0.122,0.306,0.081,0.117,0.051,0.120,0.027,0.468,0.202,0.265,0.125,0.144,0.200,0.147,0.022,0.001,0.062,0.124,0.331,1.148,0.303,0.192,0.165,0.026,0.168,0.209,0.120,0.069,0.008,0.017,0.162,0.152,0.286,0.243,0.162,0.181,0.247,0.267,0.247,0.241,0.317,0.303,0.326,0.364,0.334,0.330,0.319,0.224,0.000,0.056,0.062,0.013,0.080,0.051,0.154,0.033,0.041,0.051,0.102,0.022,0.009,0.019,0.149,0.044,0.075,0.071,0.491,0.120,0.110,0.039,0.079,0.013,0.010,0.068,0.009,0.065,0.175
0.069,0.057,0.055,0.039,0.044,0.183,0.001,0.018,0.063,0.196,0.063,0.488,0.198,0.115,0.072,0.067,0.107,0.063,0.125,0.062,0.068,0.092,0.032,0.110,0.314,0.188,0.200,0.121,0.211,0.107,0.026,0.012,0.019,0.099,0.044,0.278,0.964,0.197,0.031,0.151,0.389,0.407,0.359,0.049,0.067,0.073,0.165,0.109,0.048,0.009,0.073,0.122,0.095,0.012,0.032,0.061,0.056,0.036,0.003,0.063,0.016,0.040,0.027,0.030,0.075,0.056,0.000,0.031,0.025,0.054,0.033,0.170,0.060,0.062,0.101,0.049,0.026,0.037,0.046,0.006,0.015,0.066,0.087,0.514,0.211,0.177,0.149,0.220,0.111,0.090,0.018,0.013,0.022,0.024
0.080,0.053,0.056,0.057,0.054,0.218,0.018,0.057,0.110,0.238,0.191,0.389,0.178,0.142,0.092,0.076,0.118,0.066,0.133,0.037,0.042,0.064,0.003,0.076,0.296,0.160,0.163,0.089,0.186,0.073,0.009,0.013,0.010,0.094,0.074,0.249,0.793,0.191,0.044,0.203,0.454,0.378,0.322,0.016,0.036,0.042,0.140,0.087,0.022,0.026,0.058,0.110,0.086,0.004,0.022,0.055,0.040,0.042,0.013,0.089,0.017,0.031,0.032,0.023,0.045,0.062,0.031,0.000,0.014,0.041,0.012,0.161,0.075,0.074,0.127,0.029,0.041,0.058,0.039,0.006,0.002,0.010,0.061,0.501,0.173,0.145,0.120,0.202,0.102,0.085,0.022,0.004,0.034,0.005
0.093,0.059,0.069,0.083,0.026,0.212,0.049,0.088,0.180,0.428,0.282,0.553,0.203,0.165,0.125,0.099,0.138,0.088,0.127,0.044,0.042,0.059,0.002,0.064,0.260,0.150,0.124,0.064,0.165,0.041,0.043,0.029,0.061,0.088,0.100,0.252,0.871,0.185,0.069,0.255,0.498,0.302,0.208,0.008,0.019,0.021,0.118,0.072,0.005,0.055,0.050,0.103,0.046,0.004,0.026,0.057,0.044,0.045,0.025,0.101,0.033,0.031,0.046,0.034,0.040,0.013,0.025,0.014,0.000,0.012,0.019,0.068,0.091,0.092,0.144,0.027,0.056,0.080,0.027,0.012,0.017,0.024,0.043,0.597,0.156,0.135,0.118,0.199,0.103,0.090,0.030,0.005,0.050,0.002
0.117,0.099,0.105,0.094,0.020,0.204,0.035,0.050,0.108,0.344,0.234,0.548,0.247,0.150,0.134,0.101,0.135,0.099,0.120,0.048,0.040,0.060,0.006,0.052,0.259,0.148,0.149,0.075,0.186,0.042,0.018,0.009,0.060,0.084,0.082,0.055,0.769,0.373,0.007,0.213,0.491,0.110,0.121,0.027,0.014,0.018,0.092,0.055,0.004,0.083,0.030,0.105,0.058,0.006,0.020,0.052,0.033,0.037,0.030,0.076,0.022,0.032,0.044,0.017,0.025,0.080,0.054,0.041,0.012,0.000,0.043,0.130,0.015,0.019,0.112,0.025,0.008,0.029,0.067,0.020,0.017,0.031,0.048,0.534,0.160,0.151,0.130,0.215,0.130,0.119,0.013,0.038,0.058,0.023
