0.000,0.451,1.038,1.515,1.376,1.047,1.031,1.091,1.051,1.177,1.149,1.147,1.230,1.162,1.212,1.137,0.920,0.785,0.937,0.902,1.168,0.980,1.136,0.680,1.037,0.362,0.105,0.078,0.235,0.356,0.550,0.283,0.144,0.213,0.162,0.226,0.417,0.338,0.513,0.293,0.265,0.053,0.169,0.382,0.361,0.184,0.318,0.199,0.198,0.183,0.489,0.288,0.701,0.516,0.145,0.483,0.492,0.445,0.392,0.442,0.592,0.498,0.347,0.319,0.156,0.236,0.245,0.055,0.079,0.172,0.059,0.119,0.062,0.580,0.552,0.767,0.276,0.197,0.194,0.235,0.616,0.614,0.648,0.685,0.639,0.886,1.097
0.451,0.000,0.024,0.121,0.262,0.274,0.261,0.242,0.235,0.270,0.300,0.268,0.374,0.368,0.386,0.303,0.048,0.050,0.045,0.105,0.217,0.177,0.079,0.203,0.173,0.092,0.057,0.127,0.016,0.062,0.159,0.223,0.246,0.315,0.306,0.323,0.318,0.310,0.332,0.307,0.333,0.313,0.147,0.107,0.120,0.270,0.263,0.242,0.248,0.196,0.094,0.071,0.088,0.109,0.183,0.163,0.193,0.255,0.248,0.271,0.095,0.138,0.165,0.146,0.137,0.194,0.108,0.136,0.135,0.144,0.120,0.098,0.197,0.015,0.302,0.224,0.133,0.008,0.028,0.002,0.099,0.036,0.080,0.064,0.020,0.199,0.328
1.038,0.024,0.000,0.117,0.275,0.141,0.151,0.174,0.156,0.189,0.216,0.191,0.299,0.294,0.291,0.123,0.123,0.231,0.118,0.128,0.011,0.210,0.149,0.215,0.315,0.125,0.104,0.098,0.097,0.174,0.276,0.384,0.427,0.499,0.474,0.459,0.464,0.467,0.479,0.470,0.502,0.487,0.300,0.250,0.257,0.452,0.444,0.411,0.450,0.379,0.240,0.218,0.082,0.260,0.339,0.365,0.386,0.439,0.442,0.459,0.247,0.271,0.280,0.259,0.235,0.316,0.206,0.220,0.254,0.294,0.265,0.262,0.063,0.125,0.195,0.177,0.068,0.147,0.128,0.127,0.010,0.044,0.035,0.034,0.085,0.125,0.276
1.515,0.121,0.117,0.000,0.087,0.026,0.061,0.063,0.080,0.157,0.179,0.237,0.370,0.417,0.418,0.006,0.220,0.366,0.259,0.374,0.279,0.573,0.377,0.004,0.474,0.328,0.375,0.346,0.116,0.029,0.079,0.204,0.266,0.364,0.379,0.370,0.332,0.325,0.314,0.322,0.326,0.331,0.104,0.069,0.083,0.351,0.331,0.257,0.363,0.265,0.150,0.094,0.260,0.150,0.169,0.281,0.332,0.375,0.409,0.458,0.191,0.194,0.189,0.198,0.149,0.238,0.149,0.114,0.214,0.245,0.166,0.129,0.243,0.051,0.402,0.328,0.214,0.028,0.090,0.122,0.032,0.069,0.053,0.045,0.048,0.149,0.376
1.376,0.262,0.275,0.087,0.000,0.024,0.132,0.070,0.079,0.106,0.142,0.157,0.276,0.327,0.309,0.014,0.245,0.352,0.237,0.295,0.157,0.314,0.072,0.061,0.485,0.349,0.375,0.366,0.183,0.123,0.049,0.116,0.199,0.316,0.332,0.313,0.265,0.282,0.235,0.272,0.304,0.331,0.153,0.141,0.148,0.364,0.370,0.259,0.333,0.213,0.129,0.046,0.293,0.086,0.094,0.242,0.327,0.414,0.448,0.495,0.253,0.252,0.221,0.220,0.131,0.250,0.141,0.076,0.165,0.195,0.094,0.024,0.351,0.192,0.495,0.478,0.346,0.115,0.020,0.033,0.009,0.060,0.046,0.067,0.088,0.102,0.283
1.047,0.274,0.141,0.026,0.024,0.000,0.078,0.046,0.019,0.022,0.067,0.057,0.168,0.223,0.240,0.085,0.144,0.225,0.108,0.068,0.175,0.219,0.312,0.215,0.553,0.436,0.479,0.475,0.323,0.270,0.192,0.008,0.113,0.287,0.335,0.348,0.270,0.280,0.196,0.232,0.244,0.262,0.141,0.132,0.164,0.303,0.302,0.170,0.170,0.033,0.053,0.127,0.422,0.107,0.073,0.075,0.203,0.347,0.402,0.421,0.250,0.288,0.278,0.287,0.202,0.312,0.222,0.151,0.226,0.231,0.110,0.017,0.415,0.266,0.520,0.506,0.369,0.156,0.025,0.091,0.078,0.168,0.113,0.148,0.164,0.007,0.130
1.031,0.261,0.151,0.061,0.132,0.078,0.000,0.048,0.017,0.028,0.022,0.033,0.072,0.102,0.082,0.048,0.275,0.343,0.188,0.186,0.150,0.142,0.317,0.229,0.549,0.379,0.419,0.356,0.198,0.132,0.078,0.131,0.249,0.420,0.452,0.390,0.334,0.399,0.311,0.388,0.428,0.461,0.345,0.337,0.349,0.503,0.501,0.341,0.343,0.176,0.073,0.000,0.357,0.025,0.029,0.186,0.354,0.531,0.604,0.605,0.418,0.429,0.383,0.355,0.248,0.391,0.228,0.145,0.201,0.297,0.116,0.038,0.262,0.183,0.370,0.426,0.318,0.131,0.102,0.008,0.024,0.083,0.147,0.156,0.226,0.027,0.076
1.091,0.242,0.174,0.063,0.070,0.046,0.048,0.000,0.030,0.040,0.093,0.085,0.182,0.262,0.225,0.042,0.219,0.264,0.068,0.118,0.126,0.076,0.264,0.253,0.582,0.421,0.496,0.436,0.271,0.220,0.168,0.001,0.098,0.279,0.333,0.297,0.251,0.299,0.188,0.247,0.278,0.299,0.197,0.178,0.194,0.344,0.331,0.157,0.198,0.054,0.037,0.079,0.426,0.113,0.097,0.040,0.168,0.351,0.484,0.496,0.315,0.320,0.267,0.292,0.148,0.300,0.179,0.044,0.177,0.182,0.069,0.026,0.293,0.189,0.376,0.404,0.271,0.109,0.040,0.020,0.011,0.085,0.128,0.153,0.173,0.026,0.184
1.051,0.235,0.156,0.080,0.079,0.019,0.017,0.030,0.000,0.034,0.054,0.015,0.110,0.193,0.132,0.106,0.247,0.241,0.014,0.028,0.146,0.104,0.297,0.282,0.582,0.412,0.497,0.414,0.255,0.205,0.169,0.006,0.078,0.249,0.310,0.232,0.208,0.291,0.172,0.253,0.296,0.325,0.252,0.242,0.248,0.375,0.350,0.154,0.196,0.048,0.037,0.069,0.418,0.128,0.115,0.008,0.133,0.341,0.525,0.538,0.385,0.376,0.293,0.306,0.128,0.295,0.131,0.032,0.089,0.118,0.012,0.045,0.237,0.174,0.319,0.372,0.256,0.109,0.074,0.042,0.063,0.078,0.134,0.149,0.203,0.018,0.145
1.177,0.270,0.189,0.157,0.106,0.022,0.028,0.040,0.034,0.000,0.020,0.063,0.165,0.278,0.197,0.202,0.280,0.272,0.103,0.045,0.152,0.078,0.346,0.388,0.655,0.487,0.604,0.493,0.317,0.250,0.198,0.052,0.021,0.185,0.265,0.181,0.164,0.247,0.141,0.223,0.242,0.265,0.177,0.168,0.164,0.328,0.259,0.051,0.119,0.031,0.130,0.140,0.497,0.219,0.199,0.095,0.016,0.224,0.488,0.541,0.378,0.334,0.241,0.261,0.100,0.205,0.060,0.087,0.039,0.071,0.027,0.060,0.236,0.180,0.334,0.379,0.288,0.111,0.088,0.038,0.069,0.126,0.087,0.079,0.151,0.054,0.228
1.149,0.300,0.216,0.179,0.142,0.067,0.022,0.093,0.054,0.020,0.000,0.033,0.058,0.205,0.087,0.240,0.184,0.014,0.242,0.101,0.210,0.159,0.393,0.417,0.672,0.501,0.618,0.502,0.340,0.285,0.254,0.119,0.066,0.067,0.128,0.024,0.046,0.150,0.044,0.136,0.176,0.207,0.167,0.176,0.154,0.255,0.187,0.018,0.053,0.083,0.162,0.168,0.510,0.256,0.251,0.158,0.077,0.101,0.365,0.457,0.384,0.305,0.174,0.191,0.012,0.062,0.089,0.235,0.108,0.078,0.127,0.134,0.250,0.221,0.337,0.400,0.314,0.163,0.154,0.131,0.158,0.275,0.058,0.074,0.093,0.101,0.202
1.147,0.268,0.191,0.237,0.157,0.057,0.033,0.085,0.015,0.063,0.033,0.000,0.113,0.212,0.075,0.397,0.137,0.045,0.268,0.056,0.196,0.110,0.399,0.446,0.684,0.498,0.627,0.470,0.287,0.196,0.133,0.010,0.041,0.185,0.275,0.172,0.195,0.305,0.212,0.305,0.301,0.303,0.261,0.242,0.228,0.344,0.194,0.009,0.073,0.065,0.186,0.158,0.512,0.265,0.215,0.162,0.095,0.060,0.397,0.514,0.499,0.396,0.288,0.282,0.159,0.152,0.027,0.070,0.017,0.057,0.006,0.008,0.110,0.106,0.228,0.298,0.250,0.063,0.077,0.022,0.067,0.181,0.045,0.030,0.130,0.063,0.240
1.230,0.374,0.299,0.370,0.276,0.168,0.072,0.182,0.110,0.165,0.058,0.113,0.000,0.186,0.074,0.227,0.215,0.346,0.438,0.218,0.338,0.248,0.537,0.584,0.811,0.623,0.759,0.587,0.403,0.302,0.231,0.125,0.083,0.060,0.163,0.077,0.112,0.228,0.132,0.219,0.194,0.171,0.175,0.148,0.126,0.176,0.007,0.158,0.101,0.222,0.350,0.300,0.642,0.414,0.354,0.324,0.286,0.179,0.123,0.232,0.362,0.210,0.203,0.235,0.144,0.027,0.034,0.117,0.062,0.051,0.091,0.096,0.170,0.184,0.293,0.366,0.335,0.144,0.166,0.102,0.151,0.255,0.050,0.116,0.030,0.042,0.153
1.162,0.368,0.294,0.417,0.327,0.223,0.102,0.262,0.193,0.278,0.205,0.212,0.186,0.000,0.030,0.311,0.568,0.564,0.553,0.305,0.404,0.290,0.579,0.599,0.799,0.596,0.719,0.520,0.344,0.224,0.149,0.048,0.026,0.108,0.215,0.108,0.163,0.313,0.238,0.352,0.325,0.297,0.329,0.310,0.284,0.280,0.022,0.115,0.078,0.200,0.343,0.278,0.618,0.415,0.328,0.337,0.315,0.229,0.087,0.222,0.538,0.262,0.273,0.204,0.200,0.018,0.062,0.081,0.084,0.047,0.085,0.062,0.092,0.134,0.219,0.313,0.318,0.125,0.184,0.120,0.195,0.324,0.122,0.237,0.085,0.168,0.190
1.212,0.386,0.291,0.418,0.309,0.240,0.082,0.225,0.132,0.197,0.087,0.075,0.074,0.030,0.000,0.183,0.586,0.451,0.467,0.253,0.372,0.260,0.587,0.652,0.805,0.632,0.786,0.589,0.407,0.285,0.200,0.110,0.093,0.022,0.138,0.052,0.073,0.190,0.151,0.258,0.211,0.194,0.167,0.187,0.102,0.192,0.112,0.222,0.162,0.275,0.416,0.338,0.643,0.471,0.387,0.401,0.392,0.358,0.052,0.159,0.395,0.042,0.122,0.083,0.125,0.060,0.109,0.125,0.120,0.067,0.142,0.107,0.147,0.182,0.279,0.358,0.367,0.161,0.215,0.136,0.193,0.291,0.117,0.212,0.116,0.135,0.161
1.137,0.303,0.123,0.006,0.014,0.085,0.048,0.042,0.106,0.202,0.240,0.397,0.227,0.311,0.183,0.000,0.223,0.344,0.241,0.167,0.171,0.168,0.411,0.504,0.594,0.536,0.757,0.714,0.597,0.635,0.655,0.602,0.587,0.588,0.559,0.578,0.619,0.653,0.656,0.646,0.617,0.549,0.701,0.567,0.814,0.531,0.443,0.570,0.376,0.408,0.354,0.348,0.525,0.418,0.553,0.432,0.471,0.511,0.515,0.291,0.522,0.787,0.719,0.584,0.646,0.714,0.643,0.772,0.542,0.475,0.553,0.472,0.537,0.483,0.559,0.578,0.467,0.360,0.332,0.328,0.273,0.335,0.314,0.376,0.504,0.252,0.195
0.920,0.048,0.123,0.220,0.245,0.144,0.275,0.219,0.247,0.280,0.184,0.137,0.215,0.568,0.586,0.223,0.000,0.019,0.027,0.122,0.097,0.121,0.148,0.254,0.347,0.287,0.517,0.475,0.341,0.372,0.377,0.326,0.310,0.304,0.281,0.309,0.346,0.388,0.375,0.376,0.361,0.311,0.534,0.464,0.654,0.284,0.216,0.331,0.116,0.148,0.119,0.096,0.282,0.164,0.291,0.172,0.216,0.271,0.237,0.009,0.331,0.507,0.506,0.430,0.466,0.486,0.459,0.553,0.314,0.225,0.302,0.210,0.299,0.220,0.315,0.324,0.219,0.104,0.087,0.096,0.074,0.171,0.161,0.280,0.409,0.308,0.412
0.785,0.050,0.231,0.366,0.352,0.225,0.343,0.264,0.241,0.272,0.014,0.045,0.346,0.564,0.451,0.344,0.019,0.000,0.115,0.173,0.183,0.189,0.041,0.110,0.216,0.156,0.366,0.348,0.235,0.296,0.335,0.278,0.281,0.308,0.333,0.373,0.386,0.420,0.392,0.384,0.300,0.208,0.424,0.312,0.498,0.177,0.027,0.192,0.029,0.012,0.042,0.039,0.150,0.023,0.184,0.036,0.066,0.058,0.092,0.139,0.218,0.429,0.524,0.498,0.567,0.563,0.561,0.653,0.395,0.296,0.341,0.216,0.298,0.189,0.267,0.280,0.156,0.076,0.064,0.121,0.109,0.236,0.287,0.403,0.512,0.439,0.509
0.937,0.045,0.118,0.259,0.237,0.108,0.188,0.068,0.014,0.103,0.242,0.268,0.438,0.553,0.467,0.241,0.027,0.115,0.000,0.158,0.106,0.146,0.107,0.171,0.312,0.230,0.410,0.378,0.253,0.285,0.307,0.214,0.209,0.181,0.182,0.244,0.260,0.243,0.243,0.195,0.113,0.026,0.233,0.156,0.267,0.021,0.107,0.084,0.112,0.022,0.042,0.019,0.228,0.051,0.182,0.031,0.003,0.108,0.132,0.271,0.051,0.178,0.283,0.304,0.398,0.348,0.435,0.526,0.353,0.276,0.339,0.245,0.378,0.240,0.349,0.361,0.247,0.149,0.147,0.198,0.247,0.329,0.347,0.384,0.383,0.437,0.536
0.902,0.105,0.128,0.374,0.295,0.068,0.186,0.118,0.028,0.045,0.101,0.056,0.218,0.305,0.253,0.167,0.122,0.173,0.158,0.000,0.053,0.004,0.152,0.152,0.298,0.255,0.412,0.438,0.353,0.430,0.496,0.361,0.353,0.301,0.268,0.321,0.397,0.335,0.380,0.276,0.160,0.024,0.178,0.057,0.131,0.061,0.185,0.038,0.099,0.012,0.058,0.025,0.233,0.055,0.246,0.012,0.104,0.251,0.212,0.329,0.079,0.008,0.122,0.178,0.337,0.225,0.367,0.515,0.438,0.393,0.551,0.501,0.658,0.464,0.554,0.554,0.400,0.359,0.342,0.392,0.374,0.281,0.312,0.246,0.206,0.267,0.306
1.168,0.217,0.011,0.279,0.157,0.175,0.150,0.126,0.146,0.152,0.210,0.196,0.338,0.404,0.372,0.171,0.097,0.183,0.106,0.053,0.000,0.071,0.215,0.267,0.386,0.346,0.491,0.500,0.395,0.426,0.439,0.287,0.254,0.172,0.128,0.169,0.253,0.209,0.239,0.153,0.082,0.025,0.174,0.085,0.142,0.095,0.166,0.018,0.136,0.003,0.050,0.058,0.321,0.100,0.257,0.025,0.114,0.212,0.187,0.315,0.045,0.012,0.090,0.133,0.242,0.149,0.277,0.376,0.310,0.243,0.428,0.435,0.705,0.497,0.663,0.632,0.525,0.408,0.389,0.350,0.349,0.265,0.272,0.238,0.205,0.304,0.401
0.980,0.177,0.210,0.573,0.314,0.219,0.142,0.076,0.104,0.078,0.159,0.110,0.248,0.290,0.260,0.168,0.121,0.189,0.146,0.004,0.071,0.000,0.037,0.006,0.153,0.190,0.300,0.400,0.346,0.426,0.488,0.277,0.230,0.171,0.138,0.177,0.292,0.227,0.270,0.157,0.057,0.074,0.099,0.006,0.043,0.142,0.249,0.104,0.214,0.115,0.210,0.063,0.097,0.122,0.107,0.176,0.239,0.299,0.223,0.336,0.099,0.063,0.021,0.086,0.209,0.086,0.233,0.332,0.312,0.227,0.475,0.542,0.892,0.684,0.838,0.801,0.690,0.603,0.533,0.416,0.318,0.201,0.232,0.182,0.138,0.241,0.303
1.136,0.079,0.149,0.377,0.072,0.312,0.317,0.264,0.297,0.346,0.393,0.399,0.537,0.579,0.587,0.411,0.148,0.041,0.107,0.152,0.215,0.037,0.000,0.046,0.139,0.222,0.349,0.442,0.352,0.379,0.343,0.234,0.203,0.134,0.106,0.096,0.169,0.174,0.172,0.150,0.115,0.065,0.272,0.236,0.254,0.044,0.009,0.089,0.018,0.040,0.004,0.072,0.227,0.065,0.188,0.072,0.027,0.022,0.006,0.080,0.148,0.146,0.164,0.184,0.236,0.162,0.248,0.285,0.231,0.196,0.319,0.349,0.708,0.452,0.722,0.586,0.508,0.363,0.328,0.283,0.324,0.249,0.312,0.294,0.287,0.409,0.543
0.680,0.203,0.215,0.004,0.061,0.215,0.229,0.253,0.282,0.388,0.417,0.446,0.584,0.599,0.652,0.504,0.254,0.110,0.171,0.152,0.267,0.006,0.046,0.000,0.090,0.162,0.313,0.348,0.173,0.121,0.008,0.021,0.028,0.090,0.109,0.145,0.113,0.069,0.119,0.071,0.051,0.023,0.200,0.232,0.215,0.004,0.037,0.045,0.008,0.023,0.131,0.104,0.301,0.112,0.039,0.077,0.055,0.022,0.023,0.015,0.178,0.129,0.084,0.084,0.062,0.040,0.090,0.061,0.017,0.001,0.042,0.025,0.319,0.033,0.331,0.148,0.113,0.005,0.051,0.046,0.176,0.147,0.215,0.233,0.236,0.376,0.544
1.037,0.173,0.315,0.474,0.485,0.553,0.549,0.582,0.582,0.655,0.672,0.684,0.811,0.799,0.805,0.594,0.347,0.216,0.312,0.298,0.386,0.153,0.139,0.090,0.000,0.020,0.001,0.077,0.027,0.017,0.053,0.041,0.023,0.008,0.025,0.026,0.014,0.026,0.059,0.025,0.058,0.040,0.217,0.256,0.281,0.034,0.058,0.038,0.083,0.085,0.032,0.076,0.079,0.023,0.001,0.090,0.096,0.092,0.110,0.048,0.286,0.276,0.247,0.272,0.250,0.219,0.302,0.258,0.232,0.198,0.226,0.192,0.420,0.170,0.401,0.298,0.355,0.237,0.321,0.312,0.450,0.424,0.453,0.473,0.445,0.628,0.804
0.362,0.092,0.125,0.328,0.349,0.436,0.379,0.421,0.412,0.487,0.501,0.498,0.623,0.596,0.632,0.536,0.287,0.156,0.230,0.255,0.346,0.190,0.222,0.162,0.020,0.000,0.019,0.080,0.055,0.078,0.144,0.118,0.059,0.075,0.081,0.094,0.086,0.075,0.165,0.130,0.138,0.112,0.121,0.151,0.160,0.043,0.001,0.028,0.079,0.065,0.030,0.008,0.042,0.065,0.047,0.072,0.050,0.029,0.046,0.009,0.180,0.145,0.095,0.126,0.083,0.080,0.155,0.096,0.111,0.072,0.124,0.088,0.289,0.082,0.312,0.190,0.259,0.141,0.228,0.191,0.306,0.276,0.309,0.329,0.295,0.453,0.596
0.105,0.057,0.104,0.375,0.375,0.479,0.419,0.496,0.497,0.604,0.618,0.627,0.759,0.719,0.786,0.757,0.517,0.366,0.410,0.412,0.491,0.300,0.349,0.313,0.001,0.019,0.000,0.042,0.050,0.069,0.136,0.024,0.068,0.060,0.038,0.006,0.009,0.039,0.087,0.021,0.005,0.066,0.307,0.347,0.348,0.157,0.242,0.182,0.175,0.193,0.355,0.342,0.133,0.345,0.136,0.315,0.287,0.272,0.280,0.234,0.386,0.329,0.246,0.273,0.184,0.225,0.273,0.185,0.209,0.174,0.208,0.143,0.260,0.050,0.167,0.070,0.212,0.137,0.268,0.244,0.384,0.378,0.423,0.464,0.445,0.579,0.719
0.078,0.127,0.098,0.346,0.366,0.475,0.356,0.436,0.414,0.493,0.502,0.470,0.587,0.520,0.589,0.714,0.475,0.348,0.378,0.438,0.500,0.400,0.442,0.348,0.077,0.080,0.042,0.000,0.035,0.059,0.120,0.017,0.076,0.075,0.032,0.002,0.026,0.031,0.097,0.057,0.033,0.011,0.210,0.217,0.227,0.103,0.191,0.136,0.214,0.273,0.384,0.448,0.106,0.367,0.162,0.327,0.269,0.233,0.252,0.195,0.294,0.234,0.146,0.197,0.101,0.165,0.222,0.128,0.207,0.156,0.227,0.162,0.214,0.099,0.151,0.103,0.252,0.181,0.307,0.253,0.351,0.336,0.368,0.400,0.357,0.465,0.545
0.235,0.016,0.097,0.116,0.183,0.323,0.198,0.271,0.255,0.317,0.340,0.287,0.403,0.344,0.407,0.597,0.341,0.235,0.253,0.353,0.395,0.346,0.352,0.173,0.027,0.055,0.050,0.035,0.000,0.042,0.110,0.052,0.018,0.018,0.025,0.052,0.004,0.005,0.109,0.090,0.085,0.073,0.101,0.081,0.094,0.004,0.038,0.005,0.094,0.152,0.178,0.234,0.054,0.205,0.056,0.190,0.128,0.078,0.120,0.060,0.151,0.093,0.028,0.088,0.019,0.059,0.128,0.054,0.135,0.073,0.171,0.107,0.173,0.066,0.118,0.070,0.160,0.108,0.220,0.168,0.232,0.210,0.249,0.270,0.223,0.316,0.365
0.356,0.062,0.174,0.029,0.123,0.270,0.132,0.220,0.205,0.250,0.285,0.196,0.302,0.224,0.285,0.635,0.372,0.296,0.285,0.430,0.426,0.426,0.379,0.121,0.017,0.078,0.069,0.059,0.042,0.000,0.050,0.010,0.079,0.088,0.031,0.002,0.066,0.050,0.055,0.054,0.072,0.080,0.048,0.001,0.031,0.003,0.016,0.014,0.139,0.183,0.126,0.116,0.068,0.160,0.089,0.204,0.146,0.079,0.144,0.084,0.127,0.066,0.007,0.088,0.019,0.066,0.141,0.065,0.178,0.104,0.221,0.138,0.102,0.055,0.032,0.013,0.098,0.098,0.225,0.183,0.219,0.203,0.245,0.263,0.202,0.269,0.261
0.550,0.159,0.276,0.079,0.049,0.192,0.078,0.168,0.169,0.198,0.254,0.133,0.231,0.149,0.200,0.655,0.377,0.335,0.307,0.496,0.439,0.488,0.343,0.008,0.053,0.144,0.136,0.120,0.110,0.050,0.000,0.028,0.093,0.115,0.067,0.036,0.105,0.069,0.023,0.032,0.102,0.118,0.046,0.087,0.055,0.021,0.061,0.087,0.072,0.065,0.023,0.009,0.106,0.046,0.009,0.120,0.097,0.019,0.114,0.069,0.087,0.021,0.021,0.074,0.021,0.049,0.135,0.061,0.199,0.125,0.245,0.149,0.022,0.024,0.252,0.105,0.037,0.042,0.195,0.184,0.196,0.181,0.239,0.244,0.172,0.230,0.180
0.283,0.223,0.384,0.204,0.116,0.008,0.131,0.001,0.006,0.052,0.119,0.010,0.125,0.048,0.110,0.602,0.326,0.278,0.214,0.361,0.287,0.277,0.234,0.021,0.041,0.118,0.024,0.017,0.052,0.010,0.028,0.000,0.053,0.086,0.017,0.009,0.082,0.070,0.018,0.037,0.089,0.128,0.032,0.100,0.067,0.049,0.104,0.135,0.049,0.026,0.010,0.062,0.108,0.010,0.029,0.055,0.050,0.023,0.083,0.036,0.043,0.023,0.058,0.038,0.016,0.015,0.095,0.036,0.132,0.030,0.159,0.009,0.166,0.107,0.204,0.110,0.098,0.095,0.044,0.044,0.060,0.080,0.133,0.166,0.111,0.146,0.093
0.144,0.246,0.427,0.266,0.199,0.113,0.249,0.098,0.078,0.021,0.066,0.041,0.083,0.026,0.093,0.587,0.310,0.281,0.209,0.353,0.254,0.230,0.203,0.028,0.023,0.059,0.068,0.076,0.018,0.079,0.093,0.053,0.000,0.013,0.042,0.060,0.028,0.019,0.036,0.051,0.105,0.134,0.059,0.108,0.093,0.077,0.151,0.137,0.017,0.012,0.001,0.050,0.033,0.010,0.003,0.020,0.021,0.078,0.021,0.003,0.006,0.067,0.091,0.003,0.038,0.031,0.052,0.012,0.078,0.031,0.093,0.085,0.209,0.145,0.177,0.110,0.153,0.183,0.060,0.047,0.028,0.011,0.073,0.111,0.063,0.099,0.047
0.213,0.315,0.499,0.364,0.316,0.287,0.420,0.279,0.249,0.185,0.067,0.185,0.060,0.108,0.022,0.588,0.304,0.308,0.181,0.301,0.172,0.171,0.134,0.090,0.008,0.075,0.060,0.075,0.018,0.088,0.115,0.086,0.013,0.000,0.060,0.101,0.024,0.044,0.070,0.058,0.032,0.071,0.098,0.137,0.155,0.043,0.155,0.099,0.035,0.013,0.003,0.058,0.033,0.036,0.001,0.021,0.004,0.108,0.010,0.013,0.036,0.141,0.153,0.065,0.086,0.112,0.032,0.065,0.015,0.150,0.055,0.226,0.320,0.223,0.255,0.199,0.279,0.311,0.226,0.214,0.218,0.143,0.061,0.006,0.040,0.028,0.117
0.162,0.306,0.474,0.379,0.332,0.335,0.452,0.333,0.310,0.265,0.128,0.275,0.163,0.215,0.138,0.559,0.281,0.333,0.182,0.268,0.128,0.138,0.106,0.109,0.025,0.081,0.038,0.032,0.025,0.031,0.067,0.017,0.042,0.060,0.000,0.005,0.061,0.018,0.067,0.037,0.105,0.139,0.225,0.240,0.266,0.102,0.222,0.147,0.044,0.054,0.061,0.109,0.035,0.074,0.035,0.070,0.052,0.157,0.078,0.023,0.102,0.206,0.188,0.072,0.053,0.143,0.015,0.021,0.014,0.151,0.096,0.211,0.309,0.225,0.274,0.204,0.293,0.310,0.252,0.235,0.273,0.172,0.108,0.033,0.085,0.077,0.222
0.226,0.323,0.459,0.370,0.313,0.348,0.390,0.297,0.232,0.181,0.024,0.172,0.077,0.108,0.052,0.578,0.309,0.373,0.244,0.321,0.169,0.177,0.096,0.145,0.026,0.094,0.006,0.002,0.052,0.002,0.036,0.009,0.060,0.101,0.005,0.000,0.088,0.101,0.006,0.000,0.135,0.143,0.232,0.219,0.239,0.084,0.204,0.141,0.059,0.071,0.068,0.119,0.028,0.084,0.047,0.073,0.045,0.140,0.073,0.004,0.064,0.159,0.133,0.048,0.009,0.129,0.017,0.037,0.014,0.095,0.199,0.230,0.312,0.263,0.314,0.255,0.356,0.349,0.302,0.271,0.276,0.168,0.054,0.002,0.048,0.022,0.165
0.417,0.318,0.464,0.332,0.265,0.270,0.334,0.251,0.208,0.164,0.046,0.195,0.112,0.163,0.073,0.619,0.346,0.386,0.260,0.397,0.253,0.292,0.169,0.113,0.014,0.086,0.009,0.026,0.004,0.066,0.105,0.082,0.028,0.024,0.061,0.088,0.000,0.022,0.096,0.077,0.052,0.067,0.192,0.194,0.230,0.014,0.129,0.080,0.060,0.032,0.016,0.035,0.017,0.017,0.013,0.006,0.027,0.075,0.011,0.061,0.041,0.164,0.192,0.116,0.140,0.168,0.115,0.215,0.054,0.087,0.148,0.209,0.367,0.265,0.353,0.296,0.366,0.339,0.254,0.232,0.230,0.179,0.064,0.043,0.093,0.090,0.231
0.338,0.310,0.467,0.325,0.282,0.280,0.399,0.299,0.291,0.247,0.150,0.305,0.228,0.313,0.190,0.653,0.388,0.420,0.243,0.335,0.209,0.227,0.174,0.069,0.026,0.075,0.039,0.031,0.005,0.050,0.069,0.070,0.019,0.044,0.018,0.101,0.022,0.000,0.080,0.127,0.010,0.023,0.213,0.216,0.268,0.034,0.085,0.045,0.111,0.063,0.046,0.025,0.015,0.004,0.027,0.031,0.067,0.018,0.083,0.142,0.033,0.178,0.236,0.138,0.231,0.181,0.140,0.257,0.081,0.145,0.140,0.231,0.421,0.283,0.380,0.304,0.339,0.339,0.250,0.253,0.268,0.204,0.136,0.081,0.134,0.167,0.346
0.513,0.332,0.479,0.314,0.235,0.196,0.311,0.188,0.172,0.141,0.044,0.212,0.132,0.238,0.151,0.656,0.375,0.392,0.243,0.380,0.239,0.270,0.172,0.119,0.059,0.165,0.087,0.097,0.109,0.055,0.023,0.018,0.036,0.070,0.067,0.006,0.096,0.080,0.000,0.004,0.130,0.130,0.272,0.277,0.290,0.034,0.146,0.142,0.047,0.003,0.029,0.092,0.111,0.055,0.053,0.012,0.020,0.057,0.073,0.103,0.028,0.141,0.179,0.054,0.128,0.093,0.022,0.127,0.047,0.052,0.028,0.200,0.508,0.313,0.468,0.349,0.345,0.308,0.168,0.135,0.141,0.082,0.009,0.033,0.036,0.047,0.218
0.293,0.307,0.470,0.322,0.272,0.232,0.388,0.247,0.253,0.223,0.136,0.305,0.219,0.352,0.258,0.646,0.376,0.384,0.195,0.276,0.153,0.157,0.150,0.071,0.025,0.130,0.021,0.057,0.090,0.054,0.032,0.037,0.051,0.058,0.037,0.000,0.077,0.127,0.004,0.000,0.135,0.137,0.321,0.322,0.334,0.031,0.144,0.133,0.043,0.011,0.032,0.104,0.094,0.052,0.044,0.016,0.025,0.034,0.110,0.139,0.035,0.144,0.178,0.030,0.123,0.058,0.008,0.075,0.040,0.089,0.032,0.200,0.440,0.276,0.395,0.282,0.283,0.291,0.175,0.163,0.178,0.094,0.059,0.020,0.042,0.079,0.269
0.265,0.333,0.502,0.326,0.304,0.244,0.428,0.278,0.296,0.242,0.176,0.301,0.194,0.325,0.211,0.617,0.361,0.300,0.113,0.160,0.082,0.057,0.115,0.051,0.058,0.138,0.005,0.033,0.085,0.072,0.102,0.089,0.105,0.032,0.105,0.135,0.052,0.010,0.130,0.135,0.000,0.008,0.123,0.191,0.192,0.049,0.033,0.071,0.141,0.040,0.025,0.078,0.117,0.036,0.049,0.003,0.053,0.032,0.164,0.193,0.015,0.109,0.179,0.067,0.193,0.095,0.061,0.147,0.061,0.183,0.096,0.254,0.457,0.312,0.402,0.306,0.283,0.327,0.211,0.227,0.221,0.145,0.119,0.026,0.059,0.096,0.228
0.053,0.313,0.487,0.331,0.331,0.262,0.461,0.299,0.325,0.265,0.207,0.303,0.171,0.297,0.194,0.549,0.311,0.208,0.026,0.024,0.025,0.074,0.065,0.023,0.040,0.112,0.066,0.011,0.073,0.080,0.118,0.128,0.134,0.071,0.139,0.143,0.067,0.023,0.130,0.137,0.008,0.000,0.146,0.098,0.059,0.026,0.013,0.066,0.086,0.005,0.001,0.108,0.112,0.054,0.065,0.028,0.024,0.044,0.160,0.184,0.033,0.068,0.129,0.031,0.153,0.057,0.028,0.090,0.064,0.200,0.093,0.247,0.376,0.279,0.318,0.242,0.229,0.309,0.211,0.234,0.223,0.135,0.131,0.016,0.028,0.064,0.154
0.169,0.147,0.300,0.104,0.153,0.141,0.345,0.197,0.252,0.177,0.167,0.261,0.175,0.329,0.167,0.701,0.534,0.424,0.233,0.178,0.174,0.099,0.272,0.200,0.217,0.121,0.307,0.210,0.101,0.048,0.046,0.032,0.059,0.098,0.225,0.232,0.192,0.213,0.272,0.321,0.123,0.146,0.000,0.017,0.087,0.279,0.307,0.211,0.329,0.226,0.282,0.127,0.154,0.191,0.146,0.210,0.287,0.320,0.351,0.461,0.123,0.044,0.203,0.126,0.310,0.114,0.116,0.203,0.121,0.204,0.124,0.224,0.336,0.232,0.248,0.177,0.139,0.257,0.159,0.221,0.188,0.109,0.138,0.030,0.061,0.111,0.215
0.382,0.107,0.250,0.069,0.141,0.132,0.337,0.178,0.242,0.168,0.176,0.242,0.148,0.310,0.187,0.567,0.464,0.312,0.156,0.057,0.085,0.006,0.236,0.232,0.256,0.151,0.347,0.217,0.081,0.001,0.087,0.100,0.108,0.137,0.240,0.219,0.194,0.216,0.277,0.322,0.191,0.098,0.017,0.000,0.018,0.007,0.242,0.136,0.184,0.137,0.230,0.079,0.167,0.164,0.105,0.160,0.223,0.291,0.261,0.431,0.108,0.006,0.148,0.083,0.252,0.068,0.065,0.130,0.101,0.198,0.112,0.214,0.282,0.206,0.189,0.119,0.082,0.229,0.140,0.201,0.161,0.065,0.127,0.001,0.019,0.059,0.122
0.361,0.120,0.257,0.083,0.148,0.164,0.349,0.194,0.248,0.164,0.154,0.228,0.126,0.284,0.102,0.814,0.654,0.498,0.267,0.131,0.142,0.043,0.254,0.215,0.281,0.160,0.348,0.227,0.094,0.031,0.055,0.067,0.093,0.155,0.266,0.239,0.230,0.268,0.290,0.334,0.192,0.059,0.087,0.018,0.000,0.131,0.235,0.158,0.193,0.146,0.233,0.086,0.199,0.173,0.129,0.178,0.266,0.341,0.386,0.665,0.225,0.024,0.156,0.094,0.271,0.079,0.084,0.150,0.125,0.206,0.144,0.232,0.297,0.224,0.208,0.140,0.120,0.258,0.173,0.228,0.186,0.080,0.138,0.000,0.016,0.060,0.138
0.184,0.270,0.452,0.351,0.364,0.303,0.503,0.344,0.375,0.328,0.255,0.344,0.176,0.280,0.192,0.531,0.284,0.177,0.021,0.061,0.095,0.142,0.044,0.004,0.034,0.043,0.157,0.103,0.004,0.003,0.021,0.049,0.077,0.043,0.102,0.084,0.014,0.034,0.034,0.031,0.049,0.026,0.279,0.007,0.131,0.000,0.092,0.025,0.002,0.035,0.025,0.111,0.042,0.052,0.024,0.045,0.002,0.014,0.142,0.144,0.027,0.039,0.052,0.032,0.050,0.013,0.042,0.025,0.026,0.173,0.058,0.200,0.256,0.205,0.198,0.141,0.170,0.269,0.204,0.221,0.227,0.122,0.136,0.002,0.007,0.034,0.105
0.318,0.263,0.444,0.331,0.370,0.302,0.501,0.331,0.350,0.259,0.187,0.194,0.007,0.022,0.112,0.443,0.216,0.027,0.107,0.185,0.166,0.249,0.009,0.037,0.058,0.001,0.242,0.191,0.038,0.016,0.061,0.104,0.151,0.155,0.222,0.204,0.129,0.085,0.146,0.144,0.033,0.013,0.307,0.242,0.235,0.092,0.000,0.028,0.015,0.028,0.033,0.082,0.005,0.032,0.028,0.053,0.027,0.007,0.016,0.008,0.053,0.019,0.066,0.024,0.104,0.054,0.023,0.041,0.108,0.244,0.116,0.239,0.212,0.211,0.138,0.116,0.147,0.284,0.228,0.260,0.237,0.143,0.151,0.020,0.008,0.012,0.052
0.199,0.242,0.411,0.257,0.259,0.170,0.341,0.157,0.154,0.051,0.018,0.009,0.158,0.115,0.222,0.570,0.331,0.192,0.084,0.038,0.018,0.104,0.089,0.045,0.038,0.028,0.182,0.136,0.005,0.014,0.087,0.135,0.137,0.099,0.147,0.141,0.080,0.045,0.142,0.133,0.071,0.066,0.211,0.136,0.158,0.025,0.028,0.000,0.039,0.013,0.042,0.082,0.029,0.011,0.029,0.018,0.099,0.089,0.120,0.076,0.117,0.048,0.011,0.044,0.041,0.015,0.056,0.011,0.010,0.135,0.027,0.175,0.188,0.190,0.146,0.111,0.116,0.228,0.133,0.147,0.095,0.014,0.007,0.109,0.113,0.137,0.163
0.198,0.248,0.450,0.363,0.333,0.170,0.343,0.198,0.196,0.119,0.053,0.073,0.101,0.078,0.162,0.376,0.116,0.029,0.112,0.099,0.136,0.214,0.018,0.008,0.083,0.079,0.175,0.214,0.094,0.139,0.072,0.049,0.017,0.035,0.044,0.059,0.060,0.111,0.047,0.043,0.141,0.086,0.329,0.184,0.193,0.002,0.015,0.039,0.000,0.029,0.074,0.120,0.148,0.101,0.038,0.090,0.088,0.053,0.031,0.055,0.051,0.011,0.011,0.047,0.004,0.026,0.078,0.069,0.039,0.088,0.070,0.053,0.005,0.049,0.025,0.011,0.028,0.127,0.069,0.091,0.078,0.033,0.002,0.075,0.083,0.102,0.138
0.183,0.196,0.379,0.265,0.213,0.033,0.176,0.054,0.048,0.031,0.083,0.065,0.222,0.200,0.275,0.408,0.148,0.012,0.022,0.012,0.003,0.115,0.040,0.023,0.085,0.065,0.193,0.273,0.152,0.183,0.065,0.026,0.012,0.013,0.054,0.071,0.032,0.063,0.003,0.011,0.040,0.005,0.226,0.137,0.146,0.035,0.028,0.013,0.029,0.000,0.037,0.089,0.156,0.073,0.039,0.027,0.042,0.044,0.018,0.064,0.063,0.023,0.009,0.046,0.007,0.021,0.084,0.064,0.059,0.045,0.104,0.006,0.118,0.014,0.124,0.075,0.048,0.049,0.016,0.013,0.020,0.036,0.075,0.127,0.119,0.173,0.232
0.489,0.094,0.240,0.150,0.129,0.053,0.073,0.037,0.037,0.130,0.162,0.186,0.350,0.343,0.416,0.354,0.119,0.042,0.042,0.058,0.050,0.210,0.004,0.131,0.032,0.030,0.355,0.384,0.178,0.126,0.023,0.010,0.001,0.003,0.061,0.068,0.016,0.046,0.029,0.032,0.025,0.001,0.282,0.230,0.233,0.025,0.033,0.042,0.074,0.037,0.000,0.051,0.089,0.003,0.004,0.014,0.013,0.007,0.028,0.069,0.111,0.089,0.051,0.089,0.047,0.064,0.124,0.104,0.076,0.022,0.116,0.033,0.191,0.064,0.233,0.161,0.152,0.014,0.066,0.028,0.083,0.098,0.122,0.181,0.183,0.258,0.374
0.288,0.071,0.218,0.094,0.046,0.127,0.000,0.079,0.069,0.140,0.168,0.158,0.300,0.278,0.338,0.348,0.096,0.039,0.019,0.025,0.058,0.063,0.072,0.104,0.076,0.008,0.342,0.448,0.234,0.116,0.009,0.062,0.050,0.058,0.109,0.119,0.035,0.025,0.092,0.104,0.078,0.108,0.127,0.079,0.086,0.111,0.082,0.082,0.120,0.089,0.051,0.000,0.185,0.038,0.081,0.035,0.078,0.088,0.049,0.133,0.026,0.005,0.042,0.008,0.026,0.019,0.056,0.029,0.042,0.044,0.096,0.038,0.220,0.094,0.294,0.190,0.179,0.051,0.102,0.047,0.092,0.077,0.107,0.139,0.116,0.208,0.302
0.701,0.088,0.082,0.260,0.293,0.422,0.357,0.426,0.418,0.497,0.510,0.512,0.642,0.618,0.643,0.525,0.282,0.150,0.228,0.233,0.321,0.097,0.227,0.301,0.079,0.042,0.133,0.106,0.054,0.068,0.106,0.108,0.033,0.033,0.035,0.028,0.017,0.015,0.111,0.094,0.117,0.112,0.154,0.167,0.199,0.042,0.005,0.029,0.148,0.156,0.089,0.185,0.000,0.013,0.056,0.062,0.046,0.039,0.060,0.016,0.197,0.185,0.148,0.188,0.151,0.146,0.231,0.184,0.181,0.118,0.189,0.130,0.325,0.122,0.327,0.247,0.304,0.168,0.261,0.231,0.344,0.331,0.350,0.381,0.347,0.497,0.638
0.516,0.109,0.260,0.150,0.086,0.107,0.025,0.113,0.128,0.219,0.256,0.265,0.414,0.415,0.471,0.418,0.164,0.023,0.051,0.055,0.100,0.122,0.065,0.112,0.023,0.065,0.345,0.367,0.205,0.160,0.046,0.010,0.010,0.036,0.074,0.084,0.017,0.004,0.055,0.052,0.036,0.054,0.191,0.164,0.173,0.052,0.032,0.011,0.101,0.073,0.003,0.038,0.013,0.000,0.007,0.008,0.023,0.040,0.011,0.086,0.101,0.073,0.044,0.077,0.055,0.047,0.117,0.100,0.076,0.000,0.118,0.058,0.286,0.090,0.301,0.197,0.166,0.036,0.090,0.061,0.132,0.126,0.167,0.202,0.192,0.293,0.411
0.145,0.183,0.339,0.169,0.094,0.073,0.029,0.097,0.115,0.199,0.251,0.215,0.354,0.328,0.387,0.553,0.291,0.184,0.182,0.246,0.257,0.107,0.188,0.039,0.001,0.047,0.136,0.162,0.056,0.089,0.009,0.029,0.003,0.001,0.035,0.047,0.013,0.027,0.053,0.044,0.049,0.065,0.146,0.105,0.129,0.024,0.028,0.029,0.038,0.039,0.004,0.081,0.056,0.007,0.000,0.116,0.063,0.011,0.065,0.001,0.125,0.082,0.047,0.100,0.060,0.071,0.142,0.105,0.117,0.032,0.143,0.039,0.148,0.012,0.071,0.048,0.037,0.035,0.073,0.065,0.133,0.144,0.193,0.232,0.207,0.284,0.339
0.483,0.163,0.365,0.281,0.242,0.075,0.186,0.040,0.008,0.095,0.158,0.162,0.324,0.337,0.401,0.432,0.172,0.036,0.031,0.012,0.025,0.176,0.072,0.077,0.090,0.072,0.315,0.327,0.190,0.204,0.120,0.055,0.020,0.021,0.070,0.073,0.006,0.031,0.012,0.016,0.003,0.028,0.210,0.160,0.178,0.045,0.053,0.018,0.090,0.027,0.014,0.035,0.062,0.008,0.116,0.000,0.034,0.063,0.023,0.094,0.081,0.054,0.036,0.071,0.057,0.047,0.113,0.114,0.066,0.028,0.104,0.017,0.205,0.035,0.186,0.134,0.070,0.052,0.001,0.012,0.044,0.068,0.112,0.162,0.162,0.235,0.328
0.492,0.193,0.386,0.332,0.327,0.203,0.354,0.168,0.133,0.016,0.077,0.095,0.286,0.315,0.392,0.471,0.216,0.066,0.003,0.104,0.114,0.239,0.027,0.055,0.096,0.050,0.287,0.269,0.128,0.146,0.097,0.050,0.021,0.004,0.052,0.045,0.027,0.067,0.020,0.025,0.053,0.024,0.287,0.223,0.266,0.002,0.027,0.099,0.088,0.042,0.013,0.078,0.046,0.023,0.063,0.034,0.000,0.025,0.016,0.062,0.120,0.101,0.089,0.117,0.097,0.100,0.150,0.160,0.068,0.046,0.075,0.043,0.074,0.035,0.075,0.063,0.004,0.126,0.081,0.079,0.035,0.038,0.073,0.161,0.185,0.227,0.312
0.445,0.255,0.439,0.375,0.414,0.347,0.531,0.351,0.341,0.224,0.101,0.060,0.179,0.229,0.358,0.511,0.271,0.058,0.108,0.251,0.212,0.299,0.022,0.022,0.092,0.029,0.272,0.233,0.078,0.079,0.019,0.023,0.078,0.108,0.157,0.140,0.075,0.018,0.057,0.034,0.032,0.044,0.320,0.291,0.341,0.014,0.007,0.089,0.053,0.044,0.007,0.088,0.039,0.040,0.011,0.063,0.025,0.000,0.005,0.021,0.138,0.090,0.063,0.070,0.027,0.041,0.065,0.077,0.058,0.189,0.074,0.188,0.102,0.158,0.057,0.054,0.122,0.258,0.227,0.239,0.215,0.103,0.092,0.050,0.110,0.126,0.216
0.392,0.248,0.442,0.409,0.448,0.402,0.604,0.484,0.525,0.488,0.365,0.397,0.123,0.087,0.052,0.515,0.237,0.092,0.132,0.212,0.187,0.223,0.006,0.023,0.110,0.046,0.280,0.252,0.120,0.144,0.114,0.083,0.021,0.010,0.078,0.073,0.011,0.083,0.073,0.110,0.164,0.160,0.351,0.261,0.386,0.142,0.016,0.120,0.031,0.018,0.028,0.049,0.060,0.011,0.065,0.023,0.016,0.005,0.000,0.018,0.071,0.011,0.042,0.050,0.037,0.042,0.049,0.102,0.058,0.190,0.061,0.158,0.104,0.128,0.057,0.045,0.133,0.250,0.244,0.268,0.306,0.204,0.220,0.070,0.001,0.042,0.028
0.442,0.271,0.459,0.458,0.495,0.421,0.605,0.496,0.538,0.541,0.457,0.514,0.232,0.222,0.159,0.291,0.009,0.139,0.271,0.329,0.315,0.336,0.080,0.015,0.048,0.009,0.234,0.195,0.060,0.084,0.069,0.036,0.003,0.013,0.023,0.004,0.061,0.142,0.103,0.139,0.193,0.184,0.461,0.431,0.665,0.144,0.008,0.076,0.055,0.064,0.069,0.133,0.016,0.086,0.001,0.094,0.062,0.021,0.018,0.000,0.189,0.156,0.185,0.168,0.138,0.146,0.134,0.184,0.010,0.146,0.036,0.151,0.116,0.136,0.072,0.051,0.131,0.247,0.238,0.246,0.280,0.167,0.196,0.036,0.061,0.016,0.002
0.592,0.095,0.247,0.191,0.253,0.250,0.418,0.315,0.385,0.378,0.384,0.499,0.362,0.538,0.395,0.522,0.331,0.218,0.051,0.079,0.045,0.099,0.148,0.178,0.286,0.180,0.386,0.294,0.151,0.127,0.087,0.043,0.006,0.036,0.102,0.064,0.041,0.033,0.028,0.035,0.015,0.033,0.123,0.108,0.225,0.027,0.053,0.117,0.051,0.063,0.111,0.026,0.197,0.101,0.125,0.081,0.120,0.138,0.071,0.189,0.000,0.052,0.039,0.035,0.015,0.067,0.057,0.095,0.031,0.122,0.044,0.120,0.107,0.092,0.035,0.011,0.038,0.174,0.149,0.185,0.195,0.090,0.174,0.035,0.007,0.086,0.147
0.498,0.138,0.271,0.194,0.252,0.288,0.429,0.320,0.376,0.334,0.305,0.396,0.210,0.262,0.042,0.787,0.507,0.429,0.178,0.008,0.012,0.063,0.146,0.129,0.276,0.145,0.329,0.234,0.093,0.066,0.021,0.023,0.067,0.141,0.206,0.159,0.164,0.178,0.141,0.144,0.109,0.068,0.044,0.006,0.024,0.039,0.019,0.048,0.011,0.023,0.089,0.005,0.185,0.073,0.082,0.054,0.101,0.090,0.011,0.156,0.052,0.000,0.014,0.023,0.081,0.011,0.012,0.016,0.113,0.184,0.141,0.198,0.189,0.173,0.123,0.072,0.122,0.249,0.220,0.251,0.247,0.124,0.217,0.050,0.021,0.061,0.114
0.347,0.165,0.280,0.189,0.221,0.278,0.383,0.267,0.293,0.241,0.174,0.288,0.203,0.273,0.122,0.719,0.506,0.524,0.283,0.122,0.090,0.021,0.164,0.084,0.247,0.095,0.246,0.146,0.028,0.007,0.021,0.058,0.091,0.153,0.188,0.133,0.192,0.236,0.179,0.178,0.179,0.129,0.203,0.148,0.156,0.052,0.066,0.011,0.011,0.009,0.051,0.042,0.148,0.044,0.047,0.036,0.089,0.063,0.042,0.185,0.039,0.014,0.000,0.047,0.081,0.023,0.015,0.006,0.093,0.145,0.163,0.220,0.265,0.224,0.216,0.144,0.184,0.278,0.231,0.241,0.226,0.083,0.161,0.022,0.031,0.035,0.228
0.319,0.146,0.259,0.198,0.220,0.287,0.355,0.292,0.306,0.261,0.191,0.282,0.235,0.204,0.083,0.584,0.430,0.498,0.304,0.178,0.133,0.086,0.184,0.084,0.272,0.126,0.273,0.197,0.088,0.088,0.074,0.038,0.003,0.065,0.072,0.048,0.116,0.138,0.054,0.030,0.067,0.031,0.126,0.083,0.094,0.032,0.024,0.044,0.047,0.046,0.089,0.008,0.188,0.077,0.100,0.071,0.117,0.070,0.050,0.168,0.035,0.023,0.047,0.000,0.025,0.036,0.017,0.050,0.087,0.079,0.136,0.159,0.196,0.171,0.168,0.111,0.177,0.246,0.225,0.230,0.239,0.135,0.185,0.079,0.103,0.196,0.400
0.156,0.137,0.235,0.149,0.131,0.202,0.248,0.148,0.128,0.100,0.012,0.159,0.144,0.200,0.125,0.646,0.466,0.567,0.398,0.337,0.242,0.209,0.236,0.062,0.250,0.083,0.184,0.101,0.019,0.019,0.021,0.016,0.038,0.086,0.053,0.009,0.140,0.231,0.128,0.123,0.193,0.153,0.310,0.252,0.271,0.050,0.104,0.041,0.004,0.007,0.047,0.026,0.151,0.055,0.060,0.057,0.097,0.027,0.037,0.138,0.015,0.081,0.081,0.025,0.000,0.027,0.113,0.050,0.021,0.006,0.109,0.151,0.257,0.196,0.243,0.155,0.197,0.230,0.169,0.142,0.128,0.010,0.002,0.121,0.025,0.011,0.289
0.236,0.194,0.316,0.238,0.250,0.312,0.391,0.300,0.295,0.205,0.062,0.152,0.027,0.018,0.060,0.714,0.486,0.563,0.348,0.225,0.149,0.086,0.162,0.040,0.219,0.080,0.225,0.165,0.059,0.066,0.049,0.015,0.031,0.112,0.143,0.129,0.168,0.181,0.093,0.058,0.095,0.057,0.114,0.068,0.079,0.013,0.054,0.015,0.026,0.021,0.064,0.019,0.146,0.047,0.071,0.047,0.100,0.041,0.042,0.146,0.067,0.011,0.023,0.036,0.027,0.000,0.008,0.040,0.116,0.133,0.171,0.200,0.221,0.206,0.195,0.145,0.217,0.287,0.260,0.270,0.270,0.145,0.165,0.024,0.049,0.015,0.108
0.245,0.108,0.206,0.149,0.141,0.222,0.228,0.179,0.131,0.060,0.089,0.027,0.034,0.062,0.109,0.643,0.459,0.561,0.435,0.367,0.277,0.233,0.248,0.090,0.302,0.155,0.273,0.222,0.128,0.141,0.135,0.095,0.052,0.032,0.015,0.017,0.115,0.140,0.022,0.008,0.061,0.028,0.116,0.065,0.084,0.042,0.023,0.056,0.078,0.084,0.124,0.056,0.231,0.117,0.142,0.113,0.150,0.065,0.049,0.134,0.057,0.012,0.015,0.017,0.113,0.008,0.000,0.134,0.056,0.034,0.105,0.094,0.120,0.121,0.122,0.077,0.163,0.200,0.185,0.175,0.163,0.071,0.007,0.074,0.040,0.033,0.107
0.055,0.136,0.220,0.114,0.076,0.151,0.145,0.044,0.032,0.087,0.235,0.070,0.117,0.081,0.125,0.772,0.553,0.653,0.526,0.515,0.376,0.332,0.285,0.061,0.258,0.096,0.185,0.128,0.054,0.065,0.061,0.036,0.012,0.065,0.021,0.037,0.215,0.257,0.127,0.075,0.147,0.090,0.203,0.130,0.150,0.025,0.041,0.011,0.069,0.064,0.104,0.029,0.184,0.100,0.105,0.114,0.160,0.077,0.102,0.184,0.095,0.016,0.006,0.050,0.050,0.040,0.134,0.000,0.052,0.106,0.120,0.130,0.222,0.194,0.236,0.171,0.221,0.234,0.165,0.124,0.056,0.080,0.184,0.239,0.143,0.158,0.020
0.079,0.135,0.254,0.214,0.165,0.226,0.201,0.177,0.089,0.039,0.108,0.017,0.062,0.084,0.120,0.542,0.314,0.395,0.353,0.438,0.310,0.312,0.231,0.017,0.232,0.111,0.209,0.207,0.135,0.178,0.199,0.132,0.078,0.015,0.014,0.014,0.054,0.081,0.047,0.040,0.061,0.064,0.121,0.101,0.125,0.026,0.108,0.010,0.039,0.059,0.076,0.042,0.181,0.076,0.117,0.066,0.068,0.058,0.058,0.010,0.031,0.113,0.093,0.087,0.021,0.116,0.056,0.052,0.000,0.118,0.050,0.020,0.021,0.056,0.060,0.032,0.169,0.165,0.174,0.157,0.165,0.123,0.050,0.014,0.028,0.028,0.047
0.172,0.144,0.294,0.245,0.195,0.231,0.297,0.182,0.118,0.071,0.078,0.057,0.051,0.047,0.067,0.475,0.225,0.296,0.276,0.393,0.243,0.227,0.196,0.001,0.198,0.072,0.174,0.156,0.073,0.104,0.125,0.030,0.031,0.150,0.151,0.095,0.087,0.145,0.052,0.089,0.183,0.200,0.204,0.198,0.206,0.173,0.244,0.135,0.088,0.045,0.022,0.044,0.118,0.000,0.032,0.028,0.046,0.189,0.190,0.146,0.122,0.184,0.145,0.079,0.006,0.133,0.034,0.106,0.118,0.000,0.005,0.067,0.046,0.065,0.053,0.001,0.124,0.159,0.136,0.101,0.126,0.015,0.070,0.072,0.009,0.075,0.007
0.059,0.120,0.265,0.166,0.094,0.110,0.116,0.069,0.012,0.027,0.127,0.006,0.091,0.085,0.142,0.553,0.302,0.341,0.339,0.551,0.428,0.475,0.319,0.042,0.226,0.124,0.208,0.227,0.171,0.221,0.245,0.159,0.093,0.055,0.096,0.199,0.148,0.140,0.028,0.032,0.096,0.093,0.124,0.112,0.144,0.058,0.116,0.027,0.070,0.104,0.116,0.096,0.189,0.118,0.143,0.104,0.075,0.074,0.061,0.036,0.044,0.141,0.163,0.136,0.109,0.171,0.105,0.120,0.050,0.005,0.000,0.034,0.035,0.020,0.027,0.010,0.149,0.149,0.109,0.098,0.060,0.071,0.055,0.016,0.039,0.029,0.016
0.119,0.098,0.262,0.129,0.024,0.017,0.038,0.026,0.045,0.060,0.134,0.008,0.096,0.062,0.107,0.472,0.210,0.216,0.245,0.501,0.435,0.542,0.349,0.025,0.192,0.088,0.143,0.162,0.107,0.138,0.149,0.009,0.085,0.226,0.211,0.230,0.209,0.231,0.200,0.200,0.254,0.247,0.224,0.214,0.232,0.200,0.239,0.175,0.053,0.006,0.033,0.038,0.130,0.058,0.039,0.017,0.043,0.188,0.158,0.151,0.120,0.198,0.220,0.159,0.151,0.200,0.094,0.130,0.020,0.067,0.034,0.000,0.055,0.004,0.009,0.039,0.087,0.089,0.043,0.041,0.036,0.002,0.065,0.036,0.044,0.051,0.019
0.062,0.197,0.063,0.243,0.351,0.415,0.262,0.293,0.237,0.236,0.250,0.110,0.170,0.092,0.147,0.537,0.299,0.298,0.378,0.658,0.705,0.892,0.708,0.319,0.420,0.289,0.260,0.214,0.173,0.102,0.022,0.166,0.209,0.320,0.309,0.312,0.367,0.421,0.508,0.440,0.457,0.376,0.336,0.282,0.297,0.256,0.212,0.188,0.005,0.118,0.191,0.220,0.325,0.286,0.148,0.205,0.074,0.102,0.104,0.116,0.107,0.189,0.265,0.196,0.257,0.221,0.120,0.222,0.021,0.046,0.035,0.055,0.000,0.098,0.030,0.143,0.191,0.183,0.330,0.183,0.203,0.129,0.140,0.105,0.014,0.099,0.070
0.580,0.015,0.125,0.051,0.192,0.266,0.183,0.189,0.174,0.180,0.221,0.106,0.184,0.134,0.182,0.483,0.220,0.189,0.240,0.464,0.497,0.684,0.452,0.033,0.170,0.082,0.050,0.099,0.066,0.055,0.024,0.107,0.145,0.223,0.225,0.263,0.265,0.283,0.313,0.276,0.312,0.279,0.232,0.206,0.224,0.205,0.211,0.190,0.049,0.014,0.064,0.094,0.122,0.090,0.012,0.035,0.035,0.158,0.128,0.136,0.092,0.173,0.224,0.171,0.196,0.206,0.121,0.194,0.056,0.065,0.020,0.004,0.098,0.000,0.016,0.013,0.047,0.077,0.185,0.099,0.116,0.042,0.099,0.062,0.022,0.093,0.091
0.552,0.302,0.195,0.402,0.495,0.520,0.370,0.376,0.319,0.334,0.337,0.228,0.293,0.219,0.279,0.559,0.315,0.267,0.349,0.554,0.663,0.838,0.722,0.331,0.401,0.312,0.167,0.151,0.118,0.032,0.252,0.204,0.177,0.255,0.274,0.314,0.353,0.380,0.468,0.395,0.402,0.318,0.248,0.189,0.208,0.198,0.138,0.146,0.025,0.124,0.233,0.294,0.327,0.301,0.071,0.186,0.075,0.057,0.057,0.072,0.035,0.123,0.216,0.168,0.243,0.195,0.122,0.236,0.060,0.053,0.027,0.009,0.030,0.016,0.000,0.058,0.235,0.167,0.288,0.151,0.214,0.135,0.161,0.130,0.031,0.164,0.183
0.767,0.224,0.177,0.328,0.478,0.506,0.426,0.404,0.372,0.379,0.400,0.298,0.366,0.313,0.358,0.578,0.324,0.280,0.361,0.554,0.632,0.801,0.586,0.148,0.298,0.190,0.070,0.103,0.070,0.013,0.105,0.110,0.110,0.199,0.204,0.255,0.296,0.304,0.349,0.282,0.306,0.242,0.177,0.119,0.140,0.141,0.116,0.111,0.011,0.075,0.161,0.190,0.247,0.197,0.048,0.134,0.063,0.054,0.045,0.051,0.011,0.072,0.144,0.111,0.155,0.145,0.077,0.171,0.032,0.001,0.010,0.039,0.143,0.013,0.058,0.000,0.147,0.201,0.293,0.187,0.249,0.158,0.208,0.164,0.079,0.223,0.257
