0.000,0.814,0.341,1.592,1.092,1.763,0.951,0.514,0.199,0.816,0.826,1.029,0.950,1.044,2.274,1.793,0.063,0.402,0.939,1.016,2.699,2.365,4.072,2.153,0.212,3.543,3.625,1.731,2.632,0.585,1.059,0.304,0.478,0.454,0.868,0.979,0.206,0.883,0.715,0.106,0.787,0.297,0.458,1.476,1.174,1.691,1.562,0.669,1.077,0.872,0.211,0.332,0.662,0.190,1.015,0.943,0.353,0.943,0.383,1.257,1.669,0.153,0.963,0.814,0.431,2.128,1.958,1.299,0.166,1.353,2.252,2.448,0.108,2.210,0.943,0.455,0.825,0.203,0.161,0.768,0.075,0.131,0.147
0.814,0.000,0.349,1.325,0.516,1.075,0.153,0.253,0.929,1.514,1.531,1.932,1.840,1.852,2.898,2.793,1.065,1.397,1.801,1.829,3.669,3.062,4.622,2.868,1.142,4.140,3.113,2.435,2.248,0.930,1.612,1.473,1.769,0.624,0.323,0.051,1.292,0.086,0.324,0.881,0.534,1.461,1.688,2.343,2.168,2.772,2.306,1.656,2.090,1.992,1.065,0.889,1.964,1.273,2.096,1.877,0.530,1.915,0.547,0.287,0.699,0.807,2.018,0.528,0.373,1.648,1.122,0.612,0.008,1.113,1.474,2.467,0.863,1.506,0.130,1.855,0.151,0.451,1.301,1.795,0.818,0.888,0.760
0.341,0.349,0.000,0.655,0.413,0.891,0.843,0.732,0.570,0.487,0.376,0.414,0.144,0.454,0.089,0.034,1.534,1.290,0.825,1.202,0.967,0.782,1.795,0.540,0.107,2.382,1.898,2.411,2.141,1.892,2.051,1.724,0.516,0.579,0.203,0.151,0.905,0.044,0.410,0.689,0.904,1.316,0.622,1.271,1.513,1.532,0.900,0.827,0.736,0.746,0.501,0.563,1.441,0.100,1.163,0.921,0.035,1.259,0.205,0.220,0.126,0.671,1.143,0.806,0.559,0.668,0.919,1.070,0.820,1.313,0.816,1.476,0.818,0.185,0.029,1.087,0.022,0.834,0.312,0.087,0.074,0.564,0.897
1.592,1.325,0.655,0.000,0.353,0.188,0.556,0.586,0.663,0.593,0.635,0.574,0.182,0.058,0.159,0.794,0.440,0.419,0.242,0.378,1.248,1.352,1.956,1.166,1.510,2.953,1.874,3.081,2.218,2.428,2.619,2.695,1.366,1.859,1.265,1.326,1.699,0.577,1.762,1.864,2.820,2.801,1.890,2.036,2.584,2.435,1.698,1.911,1.682,1.797,1.930,2.344,3.246,1.035,2.131,1.855,0.686,2.189,0.365,1.065,1.257,1.200,0.950,0.447,1.033,0.812,0.871,0.839,0.649,1.216,0.164,1.457,1.659,1.658,1.827,2.351,1.428,0.981,2.258,0.451,0.416,0.344,0.398
1.092,0.516,0.413,0.353,0.000,0.417,1.040,1.003,1.156,1.029,1.181,0.037,0.251,0.397,0.201,0.988,0.116,0.156,0.413,0.009,0.974,1.069,1.766,1.134,1.534,2.727,1.449,2.967,1.914,2.124,2.209,2.402,1.362,1.577,1.294,1.134,1.470,0.391,1.501,1.537,2.848,2.609,1.862,1.739,2.348,2.217,1.258,1.622,1.400,1.627,1.964,2.343,3.389,0.839,1.943,1.509,0.320,1.882,0.076,1.117,1.269,0.707,0.637,0.434,0.627,0.658,0.701,0.750,0.477,0.904,0.237,1.100,1.223,1.327,1.676,2.002,0.828,0.644,2.818,0.226,0.164,0.244,0.389
1.763,1.075,0.891,0.188,0.417,0.000,0.657,0.558,0.858,0.679,0.996,0.101,0.031,0.038,0.015,1.609,0.710,0.337,0.865,0.359,0.820,0.902,1.549,0.961,1.411,2.355,0.875,2.446,1.267,1.472,1.494,1.753,1.030,1.107,1.084,1.034,1.343,0.062,1.477,1.268,2.790,2.303,1.746,1.342,2.062,2.039,1.113,1.512,1.375,1.873,2.459,3.016,4.408,1.310,2.604,2.092,0.855,2.304,0.198,1.378,0.894,0.069,0.127,0.925,0.027,0.190,0.143,0.143,0.217,0.301,0.198,0.553,0.633,0.766,1.342,1.454,0.369,0.537,2.619,0.286,0.447,0.356,0.432
0.951,0.153,0.843,0.556,1.040,0.657,0.000,0.039,0.114,0.051,0.318,0.366,0.319,0.168,0.265,1.732,0.359,0.367,0.457,0.243,0.859,0.647,1.512,0.700,0.685,1.952,0.632,1.996,1.029,0.981,1.134,1.382,1.035,0.600,1.120,0.614,1.550,0.370,0.808,0.759,1.851,1.594,1.388,1.119,1.694,1.962,0.811,1.142,1.171,1.818,2.211,2.002,3.618,1.465,2.996,1.476,0.988,2.013,0.005,0.668,0.385,0.108,0.288,0.971,0.479,0.007,0.117,0.002,0.302,0.006,0.019,0.229,0.146,0.204,0.775,0.981,0.133,0.129,1.901,0.642,0.274,0.870,1.090
0.514,0.253,0.732,0.586,1.003,0.558,0.039,0.000,0.489,0.584,1.099,0.683,0.218,0.351,0.305,1.222,0.220,0.123,0.095,0.090,0.379,0.135,1.064,0.330,0.291,1.489,0.365,1.784,0.891,0.847,0.951,1.180,0.890,0.274,1.033,0.308,1.290,0.344,0.404,0.358,1.484,1.184,1.021,0.794,1.328,1.587,0.263,0.709,0.689,1.457,2.112,1.455,3.063,1.157,2.925,0.121,0.653,0.501,0.378,0.305,0.220,0.203,0.384,0.940,0.692,0.167,0.231,0.011,0.253,0.084,0.143,0.017,0.049,0.136,0.638,0.583,0.130,0.095,1.011,0.268,0.313,0.863,1.113
0.199,0.929,0.570,0.663,1.156,0.858,0.114,0.489,0.000,0.107,0.548,0.745,0.017,0.062,0.129,1.561,0.064,0.584,0.067,0.367,0.560,0.247,1.263,0.501,0.206,1.463,0.464,1.746,1.010,0.774,0.947,1.132,1.094,0.120,1.165,0.106,1.348,0.708,0.059,0.197,1.061,0.941,0.982,0.887,1.307,1.677,0.268,0.638,0.679,1.426,1.902,0.620,1.876,0.932,1.903,1.512,0.552,0.713,0.315,0.144,0.039,0.086,0.775,0.584,0.702,0.085,0.079,0.161,0.073,0.062,0.394,0.036,0.146,0.043,0.242,0.281,0.594,0.241,0.232,0.218,0.887,0.524,0.862
0.816,1.514,0.487,0.593,1.029,0.679,0.051,0.584,0.107,0.000,0.039,0.529,0.332,0.259,0.300,1.557,0.011,0.908,0.189,0.673,0.563,0.376,1.230,0.611,0.264,1.401,0.529,1.740,1.172,0.823,1.170,1.305,1.403,0.368,1.786,0.598,2.093,1.794,0.435,0.608,1.117,1.056,1.175,1.222,1.666,2.073,0.675,1.049,1.028,1.791,2.216,0.371,1.100,1.027,0.906,1.870,0.689,0.973,0.371,0.020,0.365,0.279,1.258,0.088,0.560,0.327,0.021,0.239,0.140,0.087,0.333,0.009,0.181,0.160,0.293,0.084,1.050,0.050,0.621,0.113,1.463,0.369,0.003
0.826,1.531,0.376,0.635,1.181,0.996,0.318,1.099,0.548,0.039,0.000,0.317,0.568,0.367,0.752,1.917,0.043,0.963,0.351,0.779,1.071,0.751,1.769,0.920,0.462,1.850,0.918,2.019,1.463,1.062,1.386,1.502,1.578,0.468,1.659,0.462,1.917,1.401,0.379,0.651,1.213,1.254,1.362,1.444,1.824,2.276,0.874,1.139,1.199,1.828,2.015,0.505,1.481,1.043,1.410,1.372,0.782,0.571,0.174,0.112,0.277,0.382,1.410,0.056,0.320,0.581,0.309,0.479,0.313,0.187,0.622,0.316,0.036,0.031,0.044,0.254,0.885,0.196,0.268,0.258,1.475,0.191,0.038
1.029,1.932,0.414,0.574,0.037,0.101,0.366,0.683,0.745,0.529,0.317,0.000,0.102,0.282,0.338,2.227,0.967,1.338,0.921,1.472,1.356,1.037,2.092,1.474,1.143,2.395,1.216,2.650,1.765,1.581,1.726,1.922,1.877,0.827,1.756,0.562,1.705,1.187,0.393,0.741,1.523,1.616,1.672,1.563,1.899,2.165,0.679,1.051,1.074,1.397,1.479,0.448,1.393,0.446,0.746,0.655,0.847,0.227,0.194,0.138,0.736,0.773,1.484,0.340,0.125,0.887,0.752,0.961,0.743,0.744,0.917,0.897,0.721,0.814,0.846,1.052,0.549,0.786,1.052,0.774,0.430,0.556,0.635
0.950,1.840,0.144,0.182,0.251,0.031,0.319,0.218,0.017,0.332,0.568,0.102,0.000,0.102,0.286,2.823,1.564,1.613,0.808,1.587,0.369,0.254,1.122,0.743,0.326,1.278,0.188,1.630,0.864,0.605,0.893,1.041,1.230,0.152,1.812,0.586,2.241,2.139,0.177,0.389,0.601,0.695,0.910,0.918,1.359,1.743,0.321,0.718,0.680,1.286,1.335,0.667,0.429,0.046,0.787,1.107,0.635,0.968,0.863,0.280,0.408,0.255,0.999,0.080,0.735,0.185,0.107,0.119,0.041,0.237,0.019,0.135,0.262,0.104,0.427,0.356,1.764,0.072,0.589,0.481,1.165,0.189,0.066
1.044,1.852,0.454,0.058,0.397,0.038,0.168,0.351,0.062,0.259,0.367,0.282,0.102,0.000,0.374,2.092,1.271,1.401,0.606,1.456,0.393,0.193,0.318,0.293,0.020,0.580,0.320,1.113,0.508,0.215,0.681,0.776,1.020,0.120,2.174,1.008,2.883,3.283,0.551,0.654,0.416,0.451,0.663,0.821,1.393,1.748,0.536,0.969,0.761,1.519,1.667,0.958,1.447,0.011,1.570,1.260,0.594,1.114,1.280,0.226,0.521,0.239,0.972,0.200,1.001,0.073,0.507,0.282,0.191,0.716,0.586,0.672,0.685,0.541,1.200,1.082,2.267,0.427,1.563,1.077,1.706,0.926,0.541
2.274,2.898,0.089,0.159,0.201,0.015,0.265,0.305,0.129,0.300,0.752,0.338,0.286,0.374,0.000,0.046,0.859,0.805,0.677,1.152,0.031,0.017,0.606,0.408,0.250,0.682,0.223,1.277,1.094,0.576,1.237,1.194,1.480,0.487,2.385,1.140,2.927,3.438,0.616,0.927,0.354,0.553,0.722,1.327,1.675,2.093,0.831,1.118,0.912,1.172,1.107,1.184,1.602,0.062,1.067,1.029,0.440,0.590,1.412,0.028,0.770,0.953,2.051,0.863,0.557,0.451,0.014,0.259,0.483,0.296,0.020,0.319,0.418,0.414,1.365,1.089,2.038,0.090,2.156,0.814,1.660,1.118,0.928
1.793,2.793,0.034,0.794,0.988,1.609,1.732,1.222,1.561,1.557,1.917,2.227,2.823,2.092,0.046,0.000,0.012,1.051,0.720,0.283,0.216,0.170,0.368,0.017,0.078,0.407,0.251,1.128,0.748,0.591,1.664,1.857,2.101,2.005,4.337,3.495,5.555,5.649,3.036,2.905,2.136,1.850,1.975,2.170,3.021,3.660,2.449,3.063,2.938,3.774,3.796,1.589,1.361,2.803,1.709,1.750,1.923,2.009,3.902,2.010,2.529,1.896,2.409,0.893,0.531,0.205,0.758,0.356,0.244,0.636,0.961,0.685,0.181,0.162,1.479,0.889,1.449,0.112,1.922,0.238,0.914,0.848,0.124
0.063,1.065,1.534,0.440,0.116,0.710,0.359,0.220,0.064,0.011,0.043,0.967,1.564,1.271,0.859,0.012,0.000,0.082,0.244,0.387,1.165,0.318,0.712,0.343,0.323,0.474,0.628,0.802,0.413,0.236,1.514,1.639,1.694,2.078,4.841,4.096,6.387,6.313,3.993,3.760,2.803,2.440,2.465,2.507,3.876,4.625,3.654,4.242,4.183,5.141,4.946,2.721,2.393,3.047,1.591,2.055,1.332,1.932,4.044,1.628,2.352,1.228,1.392,0.208,0.777,0.562,1.325,1.280,0.683,1.580,2.508,1.556,1.072,1.235,2.911,2.185,3.064,2.177,3.423,2.324,2.610,2.786,1.614
0.402,1.397,1.290,0.419,0.156,0.337,0.367,0.123,0.584,0.908,0.963,1.338,1.613,1.401,0.805,1.051,0.082,0.000,0.287,0.023,1.192,0.028,0.516,0.693,0.742,0.008,0.976,0.171,0.053,0.455,0.732,0.778,1.092,1.000,3.326,2.505,4.545,4.637,2.245,2.272,1.119,1.094,1.285,1.722,2.643,3.554,2.575,2.725,2.790,3.160,2.795,0.866,0.810,1.706,1.020,1.491,0.934,1.422,2.811,0.678,1.269,0.757,1.211,0.189,1.455,0.891,1.584,1.475,0.983,1.893,2.357,1.885,1.593,1.652,3.009,2.598,3.202,1.587,3.217,1.639,1.863,1.692,0.846
0.939,1.801,0.825,0.242,0.413,0.865,0.457,0.095,0.067,0.189,0.351,0.921,0.808,0.606,0.677,0.720,0.244,0.287,0.000,0.401,2.119,0.152,2.104,0.691,0.050,0.427,1.158,0.308,0.144,0.060,1.369,1.305,1.394,1.815,4.428,3.627,5.479,6.664,3.507,3.659,1.825,1.842,1.811,2.576,3.901,4.716,4.195,4.178,3.819,3.437,3.230,1.062,0.186,1.353,0.205,1.500,0.856,1.304,3.272,1.096,2.110,1.474,1.592,0.951,0.833,0.631,1.434,1.282,0.490,1.688,2.610,1.771,1.120,1.162,2.910,2.384,2.963,1.563,3.005,1.725,1.872,2.021,1.177
1.016,1.829,1.202,0.378,0.009,0.359,0.243,0.090,0.367,0.673,0.779,1.472,1.587,1.456,1.152,0.283,0.387,0.023,0.401,0.000,0.360,2.202,0.128,0.043,0.069,0.719,0.194,0.379,0.702,0.016,1.795,1.656,2.158,1.995,3.998,3.186,4.971,5.499,3.137,3.476,1.848,2.160,2.320,3.463,4.109,4.852,4.176,3.962,3.772,3.513,3.106,1.369,1.080,1.791,1.142,1.759,0.970,1.763,3.009,1.017,1.828,1.817,2.452,0.939,0.578,0.137,1.259,1.364,0.488,1.796,2.869,1.756,1.273,1.744,3.740,2.671,2.995,1.884,3.570,1.315,1.870,2.117,1.121
2.699,3.669,0.967,1.248,0.974,0.820,0.859,0.379,0.560,0.563,1.071,1.356,0.369,0.393,0.031,0.216,1.165,1.192,2.119,0.360,0.000,0.508,0.737,0.158,0.829,0.712,0.103,1.278,0.965,0.597,1.308,1.286,1.454,0.747,2.039,1.232,2.566,2.750,0.633,0.908,0.088,0.367,0.222,1.118,1.311,1.566,0.410,0.718,0.487,0.473,0.258,0.957,0.899,0.065,0.037,0.673,0.444,0.893,1.636,0.419,1.128,1.657,2.636,0.896,0.638,0.055,0.139,0.320,0.647,0.139,0.069,0.184,0.148,0.041,1.052,0.938,1.637,0.468,1.447,0.158,0.394,0.243,0.313
2.365,3.062,0.782,1.352,1.069,0.902,0.647,0.135,0.247,0.376,0.751,1.037,0.254,0.193,0.017,0.170,0.318,0.028,0.152,2.202,0.508,0.000,0.011,0.856,0.229,0.540,0.310,1.084,0.763,0.438,1.323,1.138,1.256,0.915,2.318,1.614,2.760,3.621,1.056,1.464,0.074,0.398,0.189,1.702,1.814,1.738,1.061,1.203,0.734,0.342,0.018,1.144,1.489,0.283,0.587,0.900,0.274,0.778,1.819,0.325,1.269,1.679,2.113,1.694,0.486,0.196,0.218,0.072,0.530,0.413,0.805,0.415,0.228,0.144,1.334,1.188,2.001,0.062,1.345,0.571,0.590,0.556,0.443
4.072,4.622,1.795,1.956,1.766,1.549,1.512,1.064,1.263,1.230,1.769,2.092,1.122,0.318,0.606,0.368,0.712,0.516,2.104,0.128,0.737,0.011,0.000,0.092,1.153,0.058,0.139,0.907,1.039,0.614,1.718,1.599,1.736,1.463,2.549,1.984,3.213,3.593,1.330,1.615,0.301,0.548,0.449,1.601,1.602,1.787,0.997,1.241,1.019,0.854,0.509,0.487,0.583,0.578,0.555,1.476,1.213,1.707,2.413,1.171,1.837,2.588,3.723,1.999,0.298,0.098,0.169,0.525,1.272,0.155,0.087,0.091,0.391,0.339,0.940,0.483,0.792,1.009,1.075,0.583,0.326,0.211,0.217
2.153,2.868,0.540,1.166,1.134,0.961,0.700,0.330,0.501,0.611,0.920,1.474,0.743,0.293,0.408,0.017,0.343,0.693,0.691,0.043,0.158,0.856,0.092,0.000,0.919,0.863,0.280,0.662,0.739,0.265,1.752,1.512,1.390,1.489,2.440,2.061,3.146,3.558,1.744,2.102,0.613,1.095,0.741,2.282,2.367,2.293,1.868,1.898,1.518,1.229,0.870,0.052,0.038,0.527,0.511,1.633,0.847,1.628,2.097,0.772,1.544,2.189,2.836,1.564,0.528,0.270,0.795,0.535,0.254,0.969,1.716,1.035,0.463,0.603,1.986,1.451,1.813,0.368,1.533,0.347,0.412,0.649,0.411
0.212,1.142,0.107,1.510,1.534,1.411,0.685,0.291,0.206,0.264,0.462,1.143,0.326,0.020,0.250,0.078,0.323,0.742,0.050,0.069,0.829,0.229,1.153,0.919,0.000,0.510,2.258,0.047,0.578,0.233,1.389,1.185,0.399,1.855,2.409,2.620,3.091,3.751,2.523,2.827,1.218,1.907,0.436,1.602,2.616,1.567,1.764,2.116,1.283,1.022,0.929,0.662,0.355,0.434,0.463,2.186,1.031,1.890,2.125,0.997,1.956,1.712,0.323,0.725,1.172,1.716,1.809,1.547,0.830,1.790,2.818,1.846,0.705,0.512,1.727,1.375,1.863,0.803,0.882,0.698,0.289,0.675,0.384
3.543,4.140,2.382,2.953,2.727,2.355,1.952,1.489,1.463,1.401,1.850,2.395,1.278,0.580,0.682,0.407,0.474,0.008,0.427,0.719,0.712,0.540,0.058,0.863,0.510,0.000,0.691,1.059,0.545,0.706,2.158,2.081,1.526,2.157,2.570,2.513,3.224,3.600,1.918,2.160,0.678,0.996,0.635,1.705,1.675,1.450,1.165,1.461,1.167,0.894,0.511,0.215,0.119,0.872,1.023,2.491,1.793,2.492,2.757,1.753,2.480,3.287,3.532,3.136,0.054,0.711,0.587,0.356,1.422,0.434,0.385,0.589,1.249,1.114,0.157,0.328,0.117,1.223,0.201,0.948,1.126,0.770,0.756
3.625,3.113,1.898,1.874,1.449,0.875,0.632,0.365,0.464,0.529,0.918,1.216,0.188,0.320,0.223,0.251,0.628,0.976,1.158,0.194,0.103,0.310,0.139,0.280,2.258,0.691,0.000,0.059,0.905,0.123,0.875,0.020,0.612,0.170,0.295,0.475,1.193,1.326,0.036,0.164,1.337,1.009,1.219,0.278,0.245,0.257,0.153,0.307,0.383,0.604,1.243,1.352,1.179,0.520,0.112,1.170,0.447,1.157,0.976,0.088,0.533,1.426,1.660,2.048,0.533,0.337,0.262,0.863,1.517,0.389,0.071,0.458,0.195,0.146,0.696,0.471,0.848,0.548,0.488,0.129,0.356,0.102,0.200
1.731,2.435,2.411,3.081,2.967,2.446,1.996,1.784,1.746,1.740,2.019,2.650,1.630,1.113,1.277,1.128,0.802,0.171,0.308,0.379,1.278,1.084,0.907,0.662,0.047,1.059,0.059,0.000,0.742,0.165,1.936,1.634,0.606,2.071,1.696,2.291,2.754,2.397,1.999,2.035,0.947,1.221,0.761,1.189,1.432,1.431,1.505,1.537,1.457,1.347,0.876,1.218,1.512,1.404,2.021,3.280,2.292,3.217,2.529,1.930,2.237,2.796,1.809,1.274,0.478,2.060,2.210,1.080,0.508,0.420,0.936,1.120,1.728,1.293,0.439,1.131,0.752,1.268,1.281,1.441,1.842,1.293,1.205
2.632,2.248,2.141,2.218,1.914,1.267,1.029,0.891,1.010,1.172,1.463,1.765,0.864,0.508,1.094,0.748,0.413,0.053,0.144,0.702,0.965,0.763,1.039,0.739,0.578,0.545,0.905,0.742,0.000,0.663,0.243,0.275,0.346,0.464,0.100,0.632,1.156,0.995,0.221,0.394,1.133,0.668,0.570,0.006,0.174,0.010,0.458,0.060,0.204,0.090,0.977,0.649,0.372,0.091,0.597,1.988,0.996,1.830,1.280,0.469,0.663,1.430,0.931,1.783,0.425,0.149,0.763,0.856,1.425,0.862,0.137,1.140,0.786,0.554,0.028,0.369,0.081,0.933,0.512,0.796,1.096,0.780,0.498
0.585,0.930,1.892,2.428,2.124,1.472,0.981,0.847,0.774,0.823,1.062,1.581,0.605,0.215,0.576,0.591,0.236,0.455,0.060,0.016,0.597,0.438,0.614,0.265,0.233,0.706,0.123,0.165,0.663,0.000,0.420,0.120,0.700,0.662,0.058,0.808,1.067,0.558,0.629,0.621,0.364,0.021,0.395,0.105,0.063,0.068,0.422,0.226,0.249,0.086,0.529,0.136,0.515,0.232,0.975,2.313,1.211,2.147,1.139,0.715,0.841,1.187,0.113,0.011,0.127,1.188,0.638,0.156,0.381,0.675,0.623,0.905,0.984,0.888,0.421,0.654,0.254,0.666,1.000,0.679,1.257,0.749,0.454
1.059,1.612,2.051,2.619,2.209,1.494,1.134,0.951,0.947,1.170,1.386,1.726,0.893,0.681,1.237,1.664,1.514,0.732,1.369,1.795,1.308,1.323,1.718,1.752,1.389,2.158,0.875,1.936,0.243,0.420,0.000,0.255,0.262,0.487,0.306,0.458,0.726,0.358,0.085,0.225,1.083,0.349,0.180,0.030,0.172,0.039,0.436,0.001,0.269,0.046,0.986,0.349,0.028,0.137,0.652,2.277,0.978,1.902,1.151,0.476,0.654,1.261,0.164,1.515,0.282,0.301,0.492,0.596,0.582,1.022,0.083,1.576,1.387,1.198,0.801,1.015,0.012,1.027,1.451,0.961,1.370,1.137,0.886
0.304,1.473,1.724,2.695,2.402,1.753,1.382,1.180,1.132,1.305,1.502,1.922,1.041,0.776,1.194,1.857,1.639,0.778,1.305,1.656,1.286,1.138,1.599,1.512,1.185,2.081,0.020,1.634,0.275,0.120,0.255,0.000,0.288,0.760,0.091,0.799,1.191,0.646,0.412,0.445,0.563,0.069,0.070,0.010,0.216,0.368,0.470,0.256,0.497,0.364,0.359,0.142,0.644,0.485,1.078,2.577,1.298,2.244,1.430,0.790,0.993,1.520,0.718,0.412,1.327,0.646,0.515,0.250,0.472,0.195,0.383,0.899,1.271,1.118,0.808,1.139,0.042,1.031,1.693,1.078,1.495,1.285,1.108
0.478,1.769,0.516,1.366,1.362,1.030,1.035,0.890,1.094,1.403,1.578,1.877,1.230,1.020,1.480,2.101,1.694,1.092,1.394,2.158,1.454,1.256,1.736,1.390,0.399,1.526,0.612,0.606,0.346,0.700,0.262,0.288,0.000,0.079,0.904,0.818,1.917,1.646,0.355,0.474,0.827,0.362,0.007,0.424,0.768,1.249,0.827,0.617,0.875,0.812,0.103,0.296,0.213,0.549,0.864,2.098,0.969,1.797,1.621,0.284,0.509,0.779,0.093,0.697,1.924,0.828,1.059,0.890,0.986,1.078,1.032,0.620,0.709,0.480,0.644,0.319,1.492,0.391,0.376,0.588,0.591,0.710,0.785
0.454,0.624,0.579,1.859,1.577,1.107,0.600,0.274,0.120,0.368,0.468,0.827,0.152,0.120,0.487,2.005,2.078,1.000,1.815,1.995,0.747,0.915,1.463,1.489,1.855,2.157,0.170,2.071,0.464,0.662,0.487,0.760,0.079,0.000,0.265,0.235,0.592,0.208,0.018,0.079,0.317,1.168,0.712,0.233,0.796,0.488,0.185,0.156,0.183,0.078,0.381,0.092,0.420,0.255,0.193,1.857,0.304,1.272,0.566,0.126,0.517,0.234,1.312,0.385,0.596,0.034,0.065,0.004,0.359,0.021,0.494,0.429,0.523,0.758,0.583,0.690,1.119,0.241,1.475,0.189,0.575,0.626,0.564
0.868,0.323,0.203,1.265,1.294,1.084,1.120,1.033,1.165,1.786,1.659,1.756,1.812,2.174,2.385,4.337,4.841,3.326,4.428,3.998,2.039,2.318,2.549,2.440,2.409,2.570,0.295,1.696,0.100,0.058,0.306,0.091,0.904,0.265,0.000,0.114,1.141,0.299,0.164,0.090,0.046,1.029,2.164,0.856,1.359,1.890,1.593,1.398,2.117,1.878,0.741,0.893,1.441,1.194,1.070,2.908,0.805,1.789,1.574,0.043,0.231,0.602,1.257,0.393,0.930,0.178,0.248,0.391,0.896,0.244,0.415,0.411,0.298,0.339,0.619,0.917,0.984,0.558,1.987,1.019,1.009,1.430,1.807
0.979,0.051,0.151,1.326,1.134,1.034,0.614,0.308,0.106,0.598,0.462,0.562,0.586,1.008,1.140,3.495,4.096,2.505,3.627,3.186,1.232,1.614,1.984,2.061,2.620,2.513,0.475,2.291,0.632,0.808,0.458,0.799,0.818,0.235,0.114,0.000,0.320,0.696,0.396,0.410,1.830,1.706,1.773,0.778,1.426,1.196,0.909,1.054,1.164,1.155,0.897,1.826,1.753,0.360,0.245,2.298,0.040,0.922,0.367,0.226,0.212,0.513,1.092,0.118,0.237,0.441,0.200,0.087,0.389,0.170,0.283,0.618,0.634,0.854,0.986,1.017,0.855,0.255,2.069,0.415,0.613,0.975,1.254
0.206,1.292,0.905,1.699,1.470,1.343,1.550,1.290,1.348,2.093,1.917,1.705,2.241,2.883,2.927,5.555,6.387,4.545,5.479,4.971,2.566,2.760,3.213,3.146,3.091,3.224,1.193,2.754,1.156,1.067,0.726,1.191,1.917,0.592,1.141,0.320,0.000,0.103,1.017,0.159,1.119,1.621,2.580,1.485,1.709,2.151,1.574,1.468,2.367,2.762,1.587,1.235,1.629,1.646,0.674,2.643,0.361,1.018,1.608,0.252,0.465,0.289,0.071,0.735,0.117,1.241,0.841,0.755,0.255,0.808,0.745,1.330,1.199,1.323,1.611,1.725,0.188,1.335,2.708,1.585,1.375,2.094,2.593
0.883,0.086,0.044,0.577,0.391,0.062,0.370,0.344,0.708,1.794,1.401,1.187,2.139,3.283,3.438,5.649,6.313,4.637,6.664,5.499,2.750,3.621,3.593,3.558,3.751,3.600,1.326,2.397,0.995,0.558,0.358,0.646,1.646,0.208,0.299,0.696,0.103,0.000,0.064,1.157,0.848,1.931,2.864,2.105,2.841,3.115,3.993,3.609,3.568,3.309,1.975,1.417,1.399,1.367,0.456,2.294,0.295,0.655,0.798,0.772,0.696,0.394,0.732,0.623,0.154,1.531,0.715,0.155,0.437,0.257,0.059,1.020,0.636,0.373,0.601,1.018,1.167,0.263,1.904,0.891,0.487,1.148,1.740
0.715,0.324,0.410,1.762,1.501,1.477,0.808,0.404,0.059,0.435,0.379,0.393,0.177,0.551,0.616,3.036,3.993,2.245,3.507,3.137,0.633,1.056,1.330,1.744,2.523,1.918,0.036,1.999,0.221,0.629,0.085,0.412,0.355,0.018,0.164,0.396,1.017,0.064,0.000,0.273,0.972,1.043,1.034,0.021,0.532,0.120,0.022,0.069,0.139,0.109,0.623,0.440,0.169,0.333,0.611,1.942,0.066,0.538,0.533,0.005,0.567,0.402,1.290,0.117,0.345,0.184,0.033,0.017,0.372,0.069,0.471,0.418,0.578,0.979,0.914,0.744,0.912,0.297,1.795,0.162,0.579,0.880,1.100
0.106,0.881,0.689,1.864,1.537,1.268,0.759,0.358,0.197,0.608,0.651,0.741,0.389,0.654,0.927,2.905,3.760,2.272,3.659,3.476,0.908,1.464,1.615,2.102,2.827,2.160,0.164,2.035,0.394,0.621,0.225,0.445,0.474,0.079,0.090,0.410,0.159,1.157,0.273,0.000,0.216,1.031,1.102,0.276,0.905,0.042,0.408,0.264,0.319,0.222,1.208,0.791,0.674,0.438,0.626,1.786,0.045,0.696,0.856,0.146,0.557,0.004,0.975,0.593,0.237,0.450,0.217,0.167,0.149,0.158,0.381,0.560,0.626,0.871,0.616,0.600,1.129,0.358,1.424,0.210,0.500,0.740,0.880
0.787,0.534,0.904,2.820,2.848,2.790,1.851,1.484,1.061,1.117,1.213,1.523,0.601,0.416,0.354,2.136,2.803,1.119,1.825,1.848,0.088,0.074,0.301,0.613,1.218,0.678,1.337,0.947,1.133,0.364,1.083,0.563,0.827,0.317,0.046,1.830,1.119,0.848,0.972,0.216,0.000,0.424,0.321,1.774,1.247,1.284,0.944,0.818,0.488,0.214,0.442,0.696,0.845,0.371,0.753,3.137,1.651,2.308,1.814,1.381,2.007,0.092,2.008,0.869,1.632,1.383,1.172,0.781,1.035,0.526,0.997,0.228,0.402,1.114,1.001,0.776,0.352,0.771,2.057,0.617,1.477,1.419,1.483
0.297,1.461,1.316,2.801,2.609,2.303,1.594,1.184,0.941,1.056,1.254,1.616,0.695,0.451,0.553,1.850,2.440,1.094,1.842,2.160,0.367,0.398,0.548,1.095,1.907,0.996,1.009,1.221,0.668,0.021,0.349,0.069,0.362,1.168,1.029,1.706,1.621,1.931,1.043,1.031,0.424,0.000,0.135,1.409,0.348,0.646,0.194,0.011,0.003,0.100,0.582,0.061,0.010,0.205,0.406,2.623,1.282,2.000,1.903,1.084,1.845,1.057,0.890,0.311,1.149,0.887,0.742,0.362,0.383,0.201,0.799,0.112,0.695,1.107,0.607,0.593,0.567,0.769,1.428,0.564,1.158,1.058,1.078
0.458,1.688,0.622,1.890,1.862,1.746,1.388,1.021,0.982,1.175,1.362,1.672,0.910,0.663,0.722,1.975,2.465,1.285,1.811,2.320,0.222,0.189,0.449,0.741,0.436,0.635,1.219,0.761,0.570,0.395,0.180,0.070,0.007,0.712,2.164,1.773,2.580,2.864,1.034,1.102,0.321,0.135,0.000,0.369,0.783,0.810,0.362,0.721,0.652,0.583,0.165,0.290,0.176,0.420,0.416,2.304,1.131,1.783,2.248,0.807,1.469,0.817,0.246,0.065,1.635,1.010,1.104,0.763,0.707,0.877,1.146,0.645,0.260,0.149,0.327,0.278,1.433,0.369,0.480,0.232,0.536,0.646,0.842
1.476,2.343,1.271,2.036,1.739,1.342,1.119,0.794,0.887,1.222,1.444,1.563,0.918,0.821,1.327,2.170,2.507,1.722,2.576,3.463,1.118,1.702,1.601,2.282,1.602,1.705,0.278,1.189,0.006,0.105,0.030,0.010,0.424,0.233,0.856,0.778,1.485,2.105,0.021,0.276,1.774,1.409,0.369,0.000,0.097,0.038,0.398,0.008,0.217,0.179,1.105,1.356,1.235,0.132,0.175,1.762,0.597,1.229,1.583,0.213,0.786,1.109,0.419,1.396,0.931,0.123,0.161,0.035,0.071,0.092,0.362,0.312,0.340,0.451,0.069,0.078,1.186,0.700,0.559,0.476,0.609,0.746,0.771
1.174,2.168,1.513,2.584,2.348,2.062,1.694,1.328,1.307,1.666,1.824,1.899,1.359,1.393,1.675,3.021,3.876,2.643,3.901,4.109,1.311,1.814,1.602,2.367,2.616,1.675,0.245,1.432,0.174,0.063,0.172,0.216,0.768,0.796,1.359,1.426,1.709,2.841,0.532,0.905,1.247,0.348,0.783,0.097,0.000,0.231,0.672,0.428,0.705,0.082,1.051,0.881,0.955,0.319,0.035,2.426,1.060,1.617,2.156,0.792,1.402,1.174,0.075,1.493,0.562,0.219,0.061,0.142,0.124,0.194,0.193,0.611,0.838,1.046,0.597,0.683,0.666,1.084,1.364,0.896,1.142,1.311,1.456
1.691,2.772,1.532,2.435,2.217,2.039,1.962,1.587,1.677,2.073,2.276,2.165,1.743,1.748,2.093,3.660,4.625,3.554,4.716,4.852,1.566,1.738,1.787,2.293,1.567,1.450,0.257,1.431,0.010,0.068,0.039,0.368,1.249,0.488,1.890,1.196,2.151,3.115,0.120,0.042,1.284,0.646,0.810,0.038,0.231,0.000,0.460,0.517,0.678,0.022,1.193,1.780,1.686,0.363,0.105,2.131,1.066,1.394,2.457,0.762,1.309,1.162,0.693,1.241,0.868,0.164,0.097,0.248,0.221,0.161,0.158,0.496,0.654,0.947,0.602,0.641,0.720,1.399,1.248,1.122,1.156,1.565,1.768
1.562,2.306,0.900,1.698,1.258,1.113,0.811,0.263,0.268,0.675,0.874,0.679,0.321,0.536,0.831,2.449,3.654,2.575,4.195,4.176,0.410,1.061,0.997,1.868,1.764,1.165,0.153,1.505,0.458,0.422,0.436,0.470,0.827,0.185,1.593,0.909,1.574,3.993,0.022,0.408,0.944,0.194,0.362,0.398,0.672,0.460,0.000,0.053,0.373,1.327,2.012,2.887,3.594,1.017,1.938,0.641,0.287,0.158,1.446,0.129,0.826,0.715,0.473,1.691,0.266,0.733,0.272,0.351,0.382,0.015,0.289,0.225,0.264,0.495,0.208,0.230,1.683,0.368,0.076,0.171,0.163,0.228,0.435
0.669,1.656,0.827,1.911,1.622,1.512,1.142,0.709,0.638,1.049,1.139,1.051,0.718,0.969,1.118,3.063,4.242,2.725,4.178,3.962,0.718,1.203,1.241,1.898,2.116,1.461,0.307,1.537,0.060,0.226,0.001,0.256,0.617,0.156,1.398,1.054,1.468,3.609,0.069,0.264,0.818,0.011,0.721,0.008,0.428,0.517,0.053,0.000,0.172,0.485,1.538,1.846,1.940,0.355,0.946,1.641,0.292,0.607,1.643,0.163,0.905,0.391,0.304,0.948,0.605,0.238,0.074,0.034,0.089,0.082,0.420,0.235,0.370,0.676,0.270,0.230,1.299,0.538,0.922,0.233,0.420,0.780,1.026
1.077,2.090,0.736,1.682,1.400,1.375,1.171,0.689,0.679,1.028,1.199,1.074,0.680,0.761,0.912,2.938,4.183,2.790,3.819,3.772,0.487,0.734,1.019,1.518,1.283,1.167,0.383,1.457,0.204,0.249,0.269,0.497,0.875,0.183,2.117,1.164,2.367,3.568,0.139,0.319,0.488,0.003,0.652,0.217,0.705,0.678,0.373,0.172,0.000,0.370,0.775,2.281,2.446,0.457,1.083,1.235,0.259,0.426,1.924,0.184,0.988,0.553,0.296,0.806,0.811,0.081,0.203,0.028,0.008,0.204,0.357,0.011,0.134,0.466,0.004,0.054,1.510,0.532,0.443,0.098,0.155,0.612,0.870
0.872,1.992,0.746,1.797,1.627,1.873,1.818,1.457,1.426,1.791,1.828,1.397,1.286,1.519,1.172,3.774,5.141,3.160,3.437,3.513,0.473,0.342,0.854,1.229,1.022,0.894,0.604,1.347,0.090,0.086,0.046,0.364,0.812,0.078,1.878,1.155,2.762,3.309,0.109,0.222,0.214,0.100,0.583,0.179,0.082,0.022,1.327,0.485,0.370,0.000,0.182,2.356,2.760,0.298,0.812,1.618,0.847,0.563,2.431,0.613,1.085,0.325,0.119,0.406,1.088,0.237,0.444,0.089,0.186,0.242,0.200,0.050,0.167,0.645,0.437,0.270,1.051,0.944,0.986,0.541,0.631,1.300,1.753
0.211,1.065,0.501,1.930,1.964,2.459,2.211,2.112,1.902,2.216,2.015,1.479,1.335,1.667,1.107,3.796,4.946,2.795,3.230,3.106,0.258,0.018,0.509,0.870,0.929,0.511,1.243,0.876,0.977,0.529,0.986,0.359,0.103,0.381,0.741,0.897,1.587,1.975,0.623,1.208,0.442,0.582,0.165,1.105,1.051,1.193,2.012,1.538,0.775,0.182,0.000,0.636,0.477,0.990,0.178,2.823,1.734,1.242,2.269,0.903,0.897,0.367,1.012,0.418,1.694,0.989,1.094,0.693,0.916,0.632,0.613,0.375,0.005,0.651,0.784,0.456,0.717,0.986,1.712,0.736,1.212,1.869,2.402
0.332,0.889,0.563,2.344,2.343,3.016,2.002,1.455,0.620,0.371,0.505,0.448,0.667,0.958,1.184,1.589,2.721,0.866,1.062,1.369,0.957,1.144,0.487,0.052,0.662,0.215,1.352,1.218,0.649,0.136,0.349,0.142,0.296,0.092,0.893,1.826,1.235,1.417,0.440,0.791,0.696,0.061,0.290,1.356,0.881,1.780,2.887,1.846,2.281,2.356,0.636,0.000,0.288,0.750,0.626,2.485,1.502,1.154,1.708,1.418,1.686,0.289,1.109,0.585,1.374,1.201,0.987,0.453,0.609,0.459,0.751,0.433,0.141,1.054,0.989,0.406,0.600,0.670,1.641,0.003,0.945,1.231,1.425
0.662,1.964,1.441,3.246,3.389,4.408,3.618,3.063,1.876,1.100,1.481,1.393,0.429,1.447,1.602,1.361,2.393,0.810,0.186,1.080,0.899,1.489,0.583,0.038,0.355,0.119,1.179,1.512,0.372,0.515,0.028,0.644,0.213,0.420,1.441,1.753,1.629,1.399,0.169,0.674,0.845,0.010,0.176,1.235,0.955,1.686,3.594,1.940,2.446,2.760,0.477,0.288,0.000,0.192,0.254,3.640,3.253,2.372,2.721,2.730,2.411,0.459,0.180,0.272,1.220,1.147,0.747,0.088,0.002,0.084,0.076,0.027,0.689,1.805,1.915,1.131,0.564,1.861,2.448,0.956,2.111,2.463,2.663
0.190,1.273,0.100,1.035,0.839,1.310,1.465,1.157,0.932,1.027,1.043,0.446,0.046,0.011,0.062,2.803,3.047,1.706,1.353,1.791,0.065,0.283,0.578,0.527,0.434,0.872,0.520,1.404,0.091,0.232,0.137,0.485,0.549,0.255,1.194,0.360,1.646,1.367,0.333,0.438,0.371,0.205,0.420,0.132,0.319,0.363,1.017,0.355,0.457,0.298,0.990,0.750,0.192,0.000,0.667,0.805,0.563,0.255,1.298,0.225,0.538,0.263,0.110,0.432,1.212,0.484,0.577,0.221,0.416,0.399,0.260,0.286,0.159,0.356,0.413,0.146,1.112,0.578,0.877,0.120,0.215,1.084,1.596
1.015,2.096,1.163,2.131,1.943,2.604,2.996,2.925,1.903,0.906,1.410,0.746,0.787,1.570,1.067,1.709,1.591,1.020,0.205,1.142,0.037,0.587,0.555,0.511,0.463,1.023,0.112,2.021,0.597,0.975,0.652,1.078,0.864,0.193,1.070,0.245,0.674,0.456,0.611,0.626,0.753,0.406,0.416,0.175,0.035,0.105,1.938,0.946,1.083,0.812,0.178,0.626,0.254,0.667,0.000,0.145,1.982,0.044,0.677,1.246,1.179,0.362,0.545,0.122,0.739,0.247,0.016,0.627,0.396,0.477,0.840,0.423,0.685,1.481,1.862,1.232,0.544,1.942,2.160,1.161,1.684,2.604,2.972
0.943,1.877,0.921,1.855,1.509,2.092,1.476,0.121,1.512,1.870,1.372,0.655,1.107,1.260,1.029,1.750,2.055,1.491,1.500,1.759,0.673,0.900,1.476,1.633,2.186,2.491,1.170,3.280,1.988,2.313,2.277,2.577,2.098,1.857,2.908,2.298,2.643,2.294,1.942,1.786,3.137,2.623,2.304,1.762,2.426,2.131,0.641,1.641,1.235,1.618,2.823,2.485,3.640,0.805,0.145,0.000,0.331,0.057,1.549,2.089,2.429,1.297,1.337,0.947,0.762,1.061,1.044,1.322,1.181,1.174,0.826,1.202,1.449,1.878,1.673,1.539,0.243,0.880,1.897,0.384,0.261,0.617,0.826
0.353,0.530,0.035,0.686,0.320,0.855,0.988,0.653,0.552,0.689,0.782,0.847,0.635,0.594,0.440,1.923,1.332,0.934,0.856,0.970,0.444,0.274,1.213,0.847,1.031,1.793,0.447,2.292,0.996,1.211,0.978,1.298,0.969,0.304,0.805,0.040,0.361,0.295,0.066,0.045,1.651,1.282,1.131,0.597,1.060,1.066,0.287,0.292,0.259,0.847,1.734,1.502,3.253,0.563,1.982,0.331,0.000,0.444,0.936,0.503,0.483,0.165,0.102,0.536,0.386,0.104,0.155,0.441,0.066,0.378,0.468,0.472,0.528,1.004,1.570,1.183,0.277,0.741,2.112,0.525,0.690,1.498,1.670
0.943,1.915,1.259,2.189,1.882,2.304,2.013,0.501,0.713,0.973,0.571,0.227,0.968,1.114,0.590,2.009,1.932,1.422,1.304,1.763,0.893,0.778,1.707,1.628,1.890,2.492,1.157,3.217,1.830,2.147,1.902,2.244,1.797,1.272,1.789,0.922,1.018,0.655,0.538,0.696,2.308,2.000,1.783,1.229,1.617,1.394,0.158,0.607,0.426,0.563,1.242,1.154,2.372,0.255,0.044,0.057,0.444,0.000,0.117,1.733,1.815,0.993,1.076,0.619,0.523,0.927,1.052,1.408,1.125,1.306,1.202,1.357,1.531,2.075,2.255,1.968,0.723,1.512,2.745,1.013,1.175,1.591,1.596
0.383,0.547,0.205,0.365,0.076,0.198,0.005,0.378,0.315,0.371,0.174,0.194,0.863,1.280,1.412,3.902,4.044,2.811,3.272,3.009,1.636,1.819,2.413,2.097,2.125,2.757,0.976,2.529,1.280,1.139,1.151,1.430,1.621,0.566,1.574,0.367,1.608,0.798,0.533,0.856,1.814,1.903,2.248,1.583,2.156,2.457,1.446,1.643,1.924,2.431,2.269,1.708,2.721,1.298,0.677,1.549,0.936,0.117,0.000,0.842,0.131,0.103,0.122,0.056,0.062,0.819,0.469,0.373,0.017,0.295,0.106,0.689,0.502,0.518,0.656,0.905,1.162,0.079,1.570,0.371,0.131,0.613,1.103
1.257,0.287,0.220,1.065,1.117,1.378,0.668,0.305,0.144,0.020,0.112,0.138,0.280,0.226,0.028,2.010,1.628,0.678,1.096,1.017,0.419,0.325,1.171,0.772,0.997,1.753,0.088,1.930,0.469,0.715,0.476,0.790,0.284,0.126,0.043,0.226,0.252,0.772,0.005,0.146,1.381,1.084,0.807,0.213,0.792,0.762,0.129,0.163,0.184,0.613,0.903,1.418,2.730,0.225,1.246,2.089,0.503,1.733,0.842,0.000,0.016,0.889,0.981,1.140,0.771,0.324,0.286,0.138,0.580,0.094,0.327,0.158,0.222,0.680,1.166,1.018,0.566,0.182,2.374,0.244,0.780,1.016,1.006
1.669,0.699,0.126,1.257,1.269,0.894,0.385,0.220,0.039,0.365,0.277,0.736,0.408,0.521,0.770,2.529,2.352,1.269,2.110,1.828,1.128,1.269,1.837,1.544,1.956,2.480,0.533,2.237,0.663,0.841,0.654,0.993,0.509,0.517,0.231,0.212,0.465,0.696,0.567,0.557,2.007,1.845,1.469,0.786,1.402,1.309,0.826,0.905,0.988,1.085,0.897,1.686,2.411,0.538,1.179,2.429,0.483,1.815,0.131,0.016,0.000,0.889,1.386,0.945,0.387,0.081,0.024,0.116,0.641,0.065,0.465,0.543,0.588,0.746,1.037,1.260,0.668,0.029,2.344,0.453,0.792,0.844,0.898
0.153,0.807,0.671,1.200,0.707,0.069,0.108,0.203,0.086,0.279,0.382,0.773,0.255,0.239,0.953,1.896,1.228,0.757,1.474,1.817,1.657,1.679,2.588,2.189,1.712,3.287,1.426,2.796,1.430,1.187,1.261,1.520,0.779,0.234,0.602,0.513,0.289,0.394,0.402,0.004,0.092,1.057,0.817,1.109,1.174,1.162,0.715,0.391,0.553,0.325,0.367,0.289,0.459,0.263,0.362,1.297,0.165,0.993,0.103,0.889,0.889,0.000,0.399,0.294,0.003,0.792,0.682,0.588,0.122,0.660,0.159,1.341,1.022,0.508,0.488,1.082,1.224,0.172,1.297,0.368,0.365,0.416,0.182
0.963,2.018,1.143,0.950,0.637,0.127,0.288,0.384,0.775,1.258,1.410,1.484,0.999,0.972,2.051,2.409,1.392,1.211,1.592,2.452,2.636,2.113,3.723,2.836,0.323,3.532,1.660,1.809,0.931,0.113,0.164,0.718,0.093,1.312,1.257,1.092,0.071,0.732,1.290,0.975,2.008,0.890,0.246,0.419,0.075,0.693,0.473,0.304,0.296,0.119,1.012,1.109,0.180,0.110,0.545,1.337,0.102,1.076,0.122,0.981,1.386,0.399,0.000,0.857,1.081,0.730,0.480,0.377,0.315,0.401,0.730,1.558,0.154,0.339,0.193,0.786,0.993,0.872,1.062,1.065,0.812,1.041,0.718
0.814,0.528,0.806,0.447,0.434,0.925,0.971,0.940,0.584,0.088,0.056,0.340,0.080,0.200,0.863,0.893,0.208,0.189,0.951,0.939,0.896,1.694,1.999,1.564,0.725,3.136,2.048,1.274,1.783,0.011,1.515,0.412,0.697,0.385,0.393,0.118,0.735,0.623,0.117,0.593,0.869,0.311,0.065,1.396,1.493,1.241,1.691,0.948,0.806,0.406,0.418,0.585,0.272,0.432,0.122,0.947,0.536,0.619,0.056,1.140,0.945,0.294,0.857,0.000,0.208,1.468,0.439,0.785,1.337,1.346,1.917,0.182,1.401,2.111,2.158,1.321,2.467,1.419,1.003,0.792,0.919,1.046,0.961
0.431,0.373,0.559,1.033,0.627,0.027,0.479,0.692,0.702,0.560,0.320,0.125,0.735,1.001,0.557,0.531,0.777,1.455,0.833,0.578,0.638,0.486,0.298,0.528,1.172,0.054,0.533,0.478,0.425,0.127,0.282,1.327,1.924,0.596,0.930,0.237,0.117,0.154,0.345,0.237,1.632,1.149,1.635,0.931,0.562,0.868,0.266,0.605,0.811,1.088,1.694,1.374,1.220,1.212,0.739,0.762,0.386,0.523,0.062,0.771,0.387,0.003,1.081,0.208,0.000,0.587,0.115,0.170,0.005,0.580,1.574,0.406,0.571,0.581,1.220,1.061,1.643,0.777,0.742,0.897,0.450,0.826,1.055
2.128,1.648,0.668,0.812,0.658,0.190,0.007,0.167,0.085,0.327,0.581,0.887,0.185,0.073,0.451,0.205,0.562,0.891,0.631,0.137,0.055,0.196,0.098,0.270,1.716,0.711,0.337,2.060,0.149,1.188,0.301,0.646,0.828,0.034,0.178,0.441,1.241,1.531,0.184,0.450,1.383,0.887,1.010,0.123,0.219,0.164,0.733,0.238,0.081,0.237,0.989,1.201,1.147,0.484,0.247,1.061,0.104,0.927,0.819,0.324,0.081,0.792,0.730,1.468,0.587,0.000,0.673,0.626,0.207,0.933,1.455,0.651,0.693,1.000,1.834,1.247,1.618,0.444,1.247,0.430,0.362,0.642,0.691
1.958,1.122,0.919,0.871,0.701,0.143,0.117,0.231,0.079,0.021,0.309,0.752,0.107,0.507,0.014,0.758,1.325,1.584,1.434,1.259,0.139,0.218,0.169,0.795,1.809,0.587,0.262,2.210,0.763,0.638,0.492,0.515,1.059,0.065,0.248,0.200,0.841,0.715,0.033,0.217,1.172,0.742,1.104,0.161,0.061,0.097,0.272,0.074,0.203,0.444,1.094,0.987,0.747,0.577,0.016,1.044,0.155,1.052,0.469,0.286,0.024,0.682,0.480,0.439,0.115,0.673,0.000,0.086,0.800,0.343,1.148,0.235,0.418,0.780,1.468,0.904,1.012,0.372,0.987,0.355,0.127,0.600,0.827
1.299,0.612,1.070,0.839,0.750,0.143,0.002,0.011,0.161,0.239,0.479,0.961,0.119,0.282,0.259,0.356,1.280,1.475,1.282,1.364,0.320,0.072,0.525,0.535,1.547,0.356,0.863,1.080,0.856,0.156,0.596,0.250,0.890,0.004,0.391,0.087,0.755,0.155,0.017,0.167,0.781,0.362,0.763,0.035,0.142,0.248,0.351,0.034,0.028,0.089,0.693,0.453,0.088,0.221,0.627,1.322,0.441,1.408,0.373,0.138,0.116,0.588,0.377,0.785,0.170,0.626,0.086,0.000,0.630,0.143,0.696,0.326,0.177,0.692,0.915,0.305,0.381,0.084,0.332,0.085,0.346,0.148,0.489
0.166,0.008,0.820,0.649,0.477,0.217,0.302,0.253,0.073,0.140,0.313,0.743,0.041,0.191,0.483,0.244,0.683,0.983,0.490,0.488,0.647,0.530,1.272,0.254,0.830,1.422,1.517,0.508,1.425,0.381,0.582,0.472,0.986,0.359,0.896,0.389,0.255,0.437,0.372,0.149,1.035,0.383,0.707,0.071,0.124,0.221,0.382,0.089,0.008,0.186,0.916,0.609,0.002,0.416,0.396,1.181,0.066,1.125,0.017,0.580,0.641,0.122,0.315,1.337,0.005,0.207,0.800,0.630,0.000,0.637,0.453,1.003,0.142,0.789,0.679,0.143,0.710,0.230,0.004,0.020,0.233,0.123,0.465
1.353,1.113,1.313,1.216,0.904,0.301,0.006,0.084,0.062,0.087,0.187,0.744,0.237,0.716,0.296,0.636,1.580,1.893,1.688,1.796,0.139,0.413,0.155,0.969,1.790,0.434,0.389,0.420,0.862,0.675,1.022,0.195,1.078,0.021,0.244,0.170,0.808,0.257,0.069,0.158,0.526,0.201,0.877,0.092,0.194,0.161,0.015,0.082,0.204,0.242,0.632,0.459,0.084,0.399,0.477,1.174,0.378,1.306,0.295,0.094,0.065,0.660,0.401,1.346,0.580,0.933,0.343,0.143,0.637,0.000,1.146,0.057,0.293,0.497,0.878,0.447,0.591,0.160,0.365,0.165,0.233,0.267,0.650
2.252,1.474,0.816,0.164,0.237,0.198,0.019,0.143,0.394,0.333,0.622,0.917,0.019,0.586,0.020,0.961,2.508,2.357,2.610,2.869,0.069,0.805,0.087,1.716,2.818,0.385,0.071,0.936,0.137,0.623,0.083,0.383,1.032,0.494,0.415,0.283,0.745,0.059,0.471,0.381,0.997,0.799,1.146,0.362,0.193,0.158,0.289,0.420,0.357,0.200,0.613,0.751,0.076,0.260,0.840,0.826,0.468,1.202,0.106,0.327,0.465,0.159,0.730,1.917,1.574,1.455,1.148,0.696,0.453,1.146,0.000,1.066,1.266,1.669,1.668,0.881,0.388,0.197,1.000,0.143,0.299,0.027,0.582
2.448,2.467,1.476,1.457,1.100,0.553,0.229,0.017,0.036,0.009,0.316,0.897,0.135,0.672,0.319,0.685,1.556,1.885,1.771,1.756,0.184,0.415,0.091,1.035,1.846,0.589,0.458,1.120,1.140,0.905,1.576,0.899,0.620,0.429,0.411,0.618,1.330,1.020,0.418,0.560,0.228,0.112,0.645,0.312,0.611,0.496,0.225,0.235,0.011,0.050,0.375,0.433,0.027,0.286,0.423,1.202,0.472,1.357,0.689,0.158,0.543,1.341,1.558,0.182,0.406,0.651,0.235,0.326,1.003,0.057,1.066,0.000,0.100,0.244,1.127,0.684,0.868,0.072,0.672,0.197,0.109,0.346,0.641
0.108,0.863,0.818,1.659,1.223,0.633,0.146,0.049,0.146,0.181,0.036,0.721,0.262,0.685,0.418,0.181,1.072,1.593,1.120,1.273,0.148,0.228,0.391,0.463,0.705,1.249,0.195,1.728,0.786,0.984,1.387,1.271,0.709,0.523,0.298,0.634,1.199,0.636,0.578,0.626,0.402,0.695,0.260,0.340,0.838,0.654,0.264,0.370,0.134,0.167,0.005,0.141,0.689,0.159,0.685,1.449,0.528,1.531,0.502,0.222,0.588,1.022,0.154,1.401,0.571,0.693,0.418,0.177,0.142,0.293,1.266,0.100,0.000,0.061,0.562,0.215,0.980,0.368,0.107,0.285,0.209,0.244,0.520
2.210,1.506,0.185,1.658,1.327,0.766,0.204,0.136,0.043,0.160,0.031,0.814,0.104,0.541,0.414,0.162,1.235,1.652,1.162,1.744,0.041,0.144,0.339,0.603,0.512,1.114,0.146,1.293,0.554,0.888,1.198,1.118,0.480,0.758,0.339,0.854,1.323,0.373,0.979,0.871,1.114,1.107,0.149,0.451,1.046,0.947,0.495,0.676,0.466,0.645,0.651,1.054,1.805,0.356,1.481,1.878,1.004,2.075,0.518,0.680,0.746,0.508,0.339,2.111,0.581,1.000,0.780,0.692,0.789,0.497,1.669,0.244,0.061,0.000,0.052,0.546,0.063,0.628,0.799,0.030,0.608,0.091,0.355
0.943,0.130,0.029,1.827,1.676,1.342,0.775,0.638,0.242,0.293,0.044,0.846,0.427,1.200,1.365,1.479,2.911,3.009,2.910,3.740,1.052,1.334,0.940,1.986,1.727,0.157,0.696,0.439,0.028,0.421,0.801,0.808,0.644,0.583,0.619,0.986,1.611,0.601,0.914,0.616,1.001,0.607,0.327,0.069,0.597,0.602,0.208,0.270,0.004,0.437,0.784,0.989,1.915,0.413,1.862,1.673,1.570,2.255,0.656,1.166,1.037,0.488,0.193,2.158,1.220,1.834,1.468,0.915,0.679,0.878,1.668,1.127,0.562,0.052,0.000,0.001,1.481,0.207,0.255,0.074,1.035,0.022,0.493
0.455,1.855,1.087,2.351,2.002,1.454,0.981,0.583,0.281,0.084,0.254,1.052,0.356,1.082,1.089,0.889,2.185,2.598,2.384,2.671,0.938,1.188,0.483,1.451,1.375,0.328,0.471,1.131,0.369,0.654,1.015,1.139,0.319,0.690,0.917,1.017,1.725,1.018,0.744,0.600,0.776,0.593,0.278,0.078,0.683,0.641,0.230,0.230,0.054,0.270,0.456,0.406,1.131,0.146,1.232,1.539,1.183,1.968,0.905,1.018,1.260,1.082,0.786,1.321,1.061,1.247,0.904,0.305,0.143,0.447,0.881,0.684,0.215,0.546,0.001,0.000,0.244,0.432,0.261,0.041,0.750,0.172,0.296
0.825,0.151,0.022,1.428,0.828,0.369,0.133,0.130,0.594,1.050,0.885,0.549,1.764,2.267,2.038,1.449,3.064,3.202,2.963,2.995,1.637,2.001,0.792,1.813,1.863,0.117,0.848,0.752,0.081,0.254,0.012,0.042,1.492,1.119,0.984,0.855,0.188,1.167,0.912,1.129,0.352,0.567,1.433,1.186,0.666,0.720,1.683,1.299,1.510,1.051,0.717,0.600,0.564,1.112,0.544,0.243,0.277,0.723,1.162,0.566,0.668,1.224,0.993,2.467,1.643,1.618,1.012,0.381,0.710,0.591,0.388,0.868,0.980,0.063,1.481,0.244,0.000,0.272,1.193,1.067,0.773,0.326,0.928
0.203,0.451,0.834,0.981,0.644,0.537,0.129,0.095,0.241,0.050,0.196,0.786,0.072,0.427,0.090,0.112,2.177,1.587,1.563,1.884,0.468,0.062,1.009,0.368,0.803,1.223,0.548,1.268,0.933,0.666,1.027,1.031,0.391,0.241,0.558,0.255,1.335,0.263,0.297,0.358,0.771,0.769,0.369,0.700,1.084,1.399,0.368,0.538,0.532,0.944,0.986,0.670,1.861,0.578,1.942,0.880,0.741,1.512,0.079,0.182,0.029,0.172,0.872,1.419,0.777,0.444,0.372,0.084,0.230,0.160,0.197,0.072,0.368,0.628,0.207,0.432,0.272,0.000,0.089,0.646,0.348,0.192,0.415
0.161,1.301,0.312,2.258,2.818,2.619,1.901,1.011,0.232,0.621,0.268,1.052,0.589,1.563,2.156,1.922,3.423,3.217,3.005,3.570,1.447,1.345,1.075,1.533,0.882,0.201,0.488,1.281,0.512,1.000,1.451,1.693,0.376,1.475,1.987,2.069,2.708,1.904,1.795,1.424,2.057,1.428,0.480,0.559,1.364,1.248,0.076,0.922,0.443,0.986,1.712,1.641,2.448,0.877,2.160,1.897,2.112,2.745,1.570,2.374,2.344,1.297,1.062,1.003,0.742,1.247,0.987,0.332,0.004,0.365,1.000,0.672,0.107,0.799,0.255,0.261,1.193,0.089,0.000,0.476,1.009,0.347,0.624
0.768,1.795,0.087,0.451,0.226,0.286,0.642,0.268,0.218,0.113,0.258,0.774,0.481,1.077,0.814,0.238,2.324,1.639,1.725,1.315,0.158,0.571,0.583,0.347,0.698,0.948,0.129,1.441,0.796,0.679,0.961,1.078,0.588,0.189,1.019,0.415,1.585,0.891,0.162,0.210,0.617,0.564,0.232,0.476,0.896,1.122,0.171,0.233,0.098,0.541,0.736,0.003,0.956,0.120,1.161,0.384,0.525,1.013,0.371,0.244,0.453,0.368,1.065,0.792,0.897,0.430,0.355,0.085,0.020,0.165,0.143,0.197,0.285,0.030,0.074,0.041,1.067,0.646,0.476,0.000,0.280,0.252,0.470
