0.000,0.521,0.445,0.265,0.370,0.658,0.409,0.253,0.179,0.181,0.015,0.072,0.506,0.274,0.297,1.184,0.105,0.362,0.422,0.050,0.094,0.478,0.856,0.975,3.168,2.589,1.278,0.740,0.699,0.785,0.129,0.209,0.337,0.108,0.058,0.122,0.019,0.380,0.228,0.915,0.239,0.811,0.260,0.201,0.225,0.342,0.105,0.663,1.289,0.059,0.175,0.575,0.384,1.130,0.826,1.007,0.398,0.021,1.505,1.166,1.149,1.200,0.313,0.977,0.353,0.196,0.155,0.027,0.135,0.646,0.232,0.123,0.322,0.005,1.156,1.561,0.631,0.024,0.258,0.176,0.445,0.172,0.013,0.762,0.294,0.213,0.399,0.909
0.521,0.000,0.270,0.377,0.224,0.007,0.160,0.282,0.177,0.393,0.703,0.660,1.103,0.917,0.828,1.649,0.465,0.228,0.276,0.696,1.126,0.422,0.380,0.104,2.549,1.499,0.940,0.404,0.332,0.299,0.492,0.433,0.698,0.237,0.356,0.287,0.315,0.137,0.004,0.620,0.115,0.479,0.524,0.490,0.008,0.122,0.329,1.181,0.786,0.333,0.840,0.207,0.339,1.631,1.410,1.288,0.703,0.463,2.293,2.073,1.907,1.904,0.884,1.593,0.312,0.413,0.302,0.483,0.230,0.028,0.329,0.258,0.303,0.525,1.828,1.444,0.614,0.122,0.243,0.388,0.688,0.430,0.735,1.035,0.604,0.495,0.998,1.528
0.445,0.270,0.000,0.139,0.267,0.338,0.051,0.184,0.285,0.307,0.467,0.614,0.989,0.855,0.868,1.773,0.527,0.263,0.156,0.435,0.655,0.165,0.928,0.720,2.268,1.189,0.798,0.436,0.281,0.011,0.584,0.807,0.942,0.626,0.683,0.635,0.614,0.263,0.362,0.145,0.571,0.100,0.976,0.917,0.483,0.307,0.693,1.511,0.658,0.381,0.661,0.063,0.370,1.289,1.500,1.466,0.845,0.471,2.045,1.902,1.873,2.046,0.968,1.606,0.423,0.705,0.540,0.819,0.468,0.307,0.629,0.729,0.284,0.555,1.318,1.238,0.597,0.340,0.571,0.273,0.543,0.765,0.453,1.058,0.663,0.679,0.908,1.381
0.265,0.377,0.139,0.000,0.049,0.469,0.419,0.315,0.538,0.168,0.185,0.171,0.543,0.541,0.131,0.995,0.028,0.241,0.130,0.294,0.767,0.121,0.697,0.046,0.705,0.089,0.433,0.197,0.119,0.106,0.155,0.035,0.319,0.092,0.118,0.286,0.024,0.262,0.338,0.370,0.420,0.090,0.550,0.563,0.180,0.296,0.222,0.988,0.862,0.116,0.776,0.295,0.314,0.986,0.968,0.628,0.361,0.156,2.210,2.044,1.788,1.767,0.835,1.423,0.503,0.668,0.185,0.708,0.157,0.278,0.249,0.291,0.484,0.786,1.572,1.311,1.082,0.499,0.257,0.606,0.191,0.217,0.653,0.235,0.146,0.137,0.576,1.164
0.370,0.224,0.267,0.049,0.000,0.259,0.214,0.163,0.542,0.063,0.620,0.459,0.902,0.964,0.512,1.205,0.285,0.054,0.324,0.731,1.767,0.723,0.590,0.351,0.627,0.120,0.533,0.199,0.020,0.044,0.233,0.165,0.399,0.268,0.089,0.487,0.200,0.139,0.179,0.258,0.554,0.079,0.642,0.632,0.034,0.130,0.472,1.159,0.527,0.231,0.897,0.602,0.615,0.776,1.029,0.554,0.333,0.297,2.651,2.729,2.338,2.320,1.117,1.833,0.907,1.035,0.447,0.835,0.030,0.747,0.494,0.312,0.467,0.792,1.732,1.376,0.969,0.342,0.284,0.405,0.386,0.254,1.107,0.151,0.069,0.119,1.010,1.548
0.658,0.007,0.338,0.469,0.259,0.000,0.090,0.111,0.499,0.344,0.969,0.778,1.445,1.632,0.900,1.283,0.442,0.037,0.391,0.400,1.086,0.138,1.354,0.294,0.648,0.167,1.151,0.807,0.562,0.401,0.346,0.152,0.020,0.362,0.227,0.895,0.542,0.407,0.097,0.319,0.952,0.659,1.007,0.856,0.233,0.096,0.320,0.639,0.850,0.500,0.069,0.092,0.014,0.520,0.184,0.182,0.106,0.183,2.831,3.431,3.163,3.160,1.854,2.776,1.881,1.890,1.160,1.314,0.403,1.251,0.487,0.121,0.035,0.317,1.066,0.823,0.586,0.086,0.008,0.121,0.360,0.356,1.213,0.217,0.543,0.663,1.844,2.363
0.409,0.160,0.051,0.419,0.214,0.090,0.000,0.101,0.305,0.230,0.441,0.577,1.074,1.210,0.746,1.391,0.395,0.032,0.093,0.039,0.265,0.447,1.227,0.351,0.430,0.038,0.708,0.566,0.444,0.102,0.287,0.029,0.002,0.515,0.341,0.989,0.600,0.573,0.185,0.440,1.026,0.868,1.155,0.980,0.418,0.072,0.445,0.747,0.665,0.361,0.074,0.079,0.121,0.743,0.334,0.158,0.001,0.059,2.064,2.728,2.790,2.973,1.594,2.445,1.591,1.867,1.227,1.518,0.558,1.547,0.578,0.256,0.073,0.320,0.896,0.761,0.434,0.343,0.207,0.149,0.241,0.406,0.721,0.025,0.647,0.838,1.459,1.876
0.253,0.282,0.184,0.315,0.163,0.111,0.101,0.000,0.641,0.110,0.246,0.445,1.077,1.275,0.820,1.223,0.305,0.110,0.061,0.366,0.119,0.403,1.136,0.230,0.248,0.174,0.610,0.474,0.376,0.008,0.264,0.001,0.123,0.508,0.349,1.015,0.594,0.723,0.205,0.547,1.031,1.062,1.148,0.892,0.531,0.126,0.446,0.677,0.525,0.386,0.059,0.071,0.112,0.954,0.054,0.563,0.467,0.509,1.434,2.676,3.029,3.337,1.635,2.755,1.847,2.142,1.472,1.426,0.617,1.555,0.565,0.311,0.141,0.367,0.962,0.823,0.389,0.441,0.347,0.198,0.382,0.492,0.637,0.170,0.532,0.866,1.793,2.042
0.179,0.177,0.285,0.538,0.542,0.499,0.305,0.641,0.000,0.822,1.180,0.129,0.385,0.899,1.055,1.715,0.262,0.361,0.875,1.219,0.857,1.051,1.405,0.608,0.461,0.062,0.530,0.468,0.348,0.203,0.259,0.261,0.080,1.018,1.111,1.860,1.477,1.938,1.129,1.612,1.815,2.224,2.085,1.560,1.416,0.799,0.799,0.718,0.321,0.395,0.201,0.378,0.054,1.386,0.388,0.673,0.629,1.084,0.363,1.384,2.808,4.151,1.786,2.860,2.222,3.174,2.766,1.990,1.200,1.675,0.532,0.423,0.063,0.286,0.641,0.684,0.274,0.683,0.523,0.143,0.331,0.562,0.096,0.307,0.428,1.591,1.196,0.886
0.181,0.393,0.307,0.168,0.063,0.344,0.230,0.110,0.822,0.000,0.150,0.462,1.140,1.757,0.602,0.492,0.224,0.166,0.028,0.486,0.178,0.354,0.888,0.088,0.359,0.559,0.398,0.367,0.286,0.134,0.296,0.067,0.239,0.562,0.261,1.326,0.735,1.086,0.295,1.223,1.496,1.703,1.371,1.043,0.630,0.231,0.449,0.440,0.235,0.465,0.037,0.029,0.119,1.287,0.565,1.122,0.736,0.741,0.811,3.158,3.826,3.773,2.485,3.387,3.245,3.083,1.910,1.638,0.616,1.616,0.563,0.362,0.207,0.399,0.844,0.731,0.462,0.572,0.361,0.293,0.343,0.498,0.589,0.316,0.386,0.847,1.672,2.287
0.015,0.703,0.467,0.185,0.620,0.969,0.441,0.246,1.180,0.150,0.000,0.589,0.131,1.128,0.996,1.380,0.861,0.653,0.163,0.062,0.111,0.242,0.282,0.420,1.302,1.153,0.031,0.145,0.201,0.125,0.368,0.412,0.546,0.055,0.602,0.612,0.249,0.283,0.745,0.635,0.922,1.097,0.563,0.411,0.169,0.365,0.053,0.020,0.187,0.567,0.064,0.243,0.173,1.267,0.858,1.733,1.272,1.117,0.501,2.965,2.613,2.542,2.076,2.468,3.021,2.474,1.092,1.189,0.098,1.347,0.479,0.302,0.332,0.471,0.937,0.729,0.561,0.594,0.284,0.468,0.297,0.434,0.769,0.434,0.251,0.301,0.845,1.356
0.072,0.660,0.614,0.171,0.459,0.778,0.577,0.445,0.129,0.462,0.589,0.000,0.247,1.124,0.685,0.928,0.086,0.297,0.308,0.043,0.051,0.080,0.293,0.288,1.066,1.096,0.220,0.033,0.007,0.488,0.133,0.059,0.262,0.463,0.051,1.144,0.368,0.913,0.092,1.323,1.431,1.795,1.105,0.823,0.431,0.178,0.411,0.378,0.246,0.184,0.201,0.387,0.488,1.087,0.351,1.202,0.998,0.917,0.826,1.852,2.517,2.880,2.654,2.345,3.811,3.165,1.574,1.431,0.443,1.487,0.583,0.457,0.379,0.511,0.847,0.720,0.443,0.767,0.466,0.428,0.235,0.468,0.463,0.446,0.305,0.580,0.429,0.526
0.506,1.103,0.989,0.543,0.902,1.445,1.074,1.077,0.385,1.140,0.131,0.247,0.000,0.347,0.359,0.794,0.138,0.192,0.439,0.338,0.573,0.566,0.055,0.688,1.117,1.180,0.359,0.238,0.053,0.556,0.036,0.037,0.262,0.223,0.222,0.269,0.426,0.343,0.772,0.030,0.171,0.776,0.183,0.027,0.104,0.128,0.189,0.471,0.134,0.111,0.452,0.523,0.570,0.720,0.027,1.099,1.562,1.443,1.575,0.252,1.198,2.429,0.677,2.381,1.818,1.804,1.091,0.704,0.478,1.393,0.783,0.622,0.602,0.670,1.264,1.024,0.319,0.858,0.769,0.640,0.672,0.793,0.820,0.108,0.635,0.572,0.717,0.393
0.274,0.917,0.855,0.541,0.964,1.632,1.210,1.275,0.899,1.757,1.128,1.124,0.347,0.000,0.692,0.721,0.603,0.984,0.824,0.760,0.695,0.848,0.252,0.752,1.391,1.291,0.610,0.277,0.003,0.584,0.077,0.250,0.458,0.147,0.671,0.241,1.012,0.287,1.457,0.469,0.407,0.250,0.541,0.550,0.456,0.495,0.043,0.270,0.362,0.025,0.505,0.828,0.846,0.596,0.256,1.016,1.600,1.073,2.083,0.816,0.319,0.930,0.280,0.674,1.479,1.222,0.455,0.224,0.102,1.006,0.487,0.323,0.396,0.403,0.936,0.619,0.160,0.533,0.414,0.315,0.101,0.316,0.372,0.522,0.328,0.170,0.147,0.361
0.297,0.828,0.868,0.131,0.512,0.900,0.746,0.820,1.055,0.602,0.996,0.685,0.359,0.692,0.000,1.089,0.666,0.359,0.364,0.485,0.455,0.353,0.719,0.029,0.475,0.581,0.125,0.274,0.539,0.112,0.439,0.213,0.648,0.169,0.039,0.457,0.039,1.409,0.248,0.847,0.320,1.479,0.650,0.100,0.361,0.103,0.208,0.143,0.367,0.790,0.356,0.423,0.238,1.443,0.619,1.580,2.056,2.290,3.996,2.755,0.612,2.718,0.927,2.159,1.851,2.373,1.785,0.737,0.713,1.110,0.535,0.395,0.154,0.122,0.489,0.396,0.263,0.656,0.544,0.336,0.473,0.761,0.493,0.048,0.969,1.352,0.396,0.175
1.184,1.649,1.773,0.995,1.205,1.283,1.391,1.223,1.715,0.492,1.380,0.928,0.794,0.721,1.089,0.000,0.289,0.318,0.348,0.131,0.113,0.280,0.169,0.792,1.409,1.631,0.946,0.800,0.645,1.292,0.699,1.000,0.619,1.618,1.286,2.282,1.474,2.511,0.861,2.122,2.013,2.843,2.290,1.880,1.674,1.303,1.179,1.084,0.825,0.351,0.670,0.536,0.797,0.495,0.358,0.415,0.602,1.350,3.166,1.484,1.058,3.297,1.379,1.977,2.764,4.251,3.164,2.623,1.873,2.428,1.604,1.519,1.223,1.263,1.447,1.464,1.094,1.841,1.574,1.392,1.303,1.666,1.281,0.836,1.628,2.162,0.695,0.204
0.105,0.465,0.527,0.028,0.285,0.442,0.395,0.305,0.262,0.224,0.861,0.086,0.138,0.603,0.666,0.289,0.000,0.224,0.136,0.438,0.727,0.419,0.532,0.095,0.849,0.882,0.104,0.168,0.238,0.336,0.354,0.195,0.400,0.564,0.036,1.709,0.879,1.374,0.271,1.990,2.035,2.332,1.706,1.297,0.576,0.288,0.337,0.100,0.121,0.428,0.176,0.014,0.176,1.427,0.573,1.407,0.861,1.214,1.680,1.097,2.070,2.671,2.659,2.021,3.671,3.821,1.892,1.949,0.535,1.421,0.432,0.335,0.149,0.242,0.354,0.341,0.260,0.689,0.273,0.273,0.041,0.348,0.216,0.417,0.454,0.947,0.197,0.478
0.362,0.228,0.263,0.241,0.054,0.037,0.032,0.110,0.361,0.166,0.653,0.297,0.192,0.984,0.359,0.318,0.224,0.000,0.310,0.756,1.098,0.717,0.722,0.304,0.775,0.807,0.091,0.328,0.273,0.219,0.443,0.240,0.313,0.732,0.145,2.007,1.084,1.336,0.492,2.137,2.490,2.435,2.010,1.755,0.667,0.414,0.522,0.140,0.060,0.499,0.284,0.101,0.098,1.649,0.891,1.429,0.034,0.120,1.406,3.148,2.745,2.816,2.728,2.273,3.408,3.627,1.841,2.432,0.496,1.573,0.367,0.263,0.062,0.227,0.255,0.295,0.502,0.625,0.103,0.216,0.180,0.218,0.189,0.481,0.327,0.881,0.480,0.993
0.422,0.276,0.156,0.130,0.324,0.391,0.093,0.061,0.875,0.028,0.163,0.308,0.439,0.824,0.364,0.348,0.136,0.310,0.000,0.087,0.520,0.204,0.507,0.037,0.911,0.852,0.126,0.346,0.377,0.020,0.574,0.605,0.600,0.085,0.566,0.898,0.130,0.268,0.436,0.703,1.254,1.047,0.963,0.865,0.202,0.374,0.005,0.040,0.371,0.542,0.078,0.142,0.189,1.389,0.653,1.443,0.348,0.111,2.481,2.945,2.505,2.272,1.832,2.011,2.119,2.178,0.958,1.711,0.071,1.264,0.191,0.047,0.026,0.202,0.465,0.368,0.446,0.382,0.087,0.170,0.280,0.029,0.297,0.587,0.189,0.433,0.567,1.312
0.050,0.696,0.435,0.294,0.731,0.400,0.039,0.366,1.219,0.486,0.062,0.043,0.338,0.760,0.485,0.131,0.438,0.756,0.087,0.000,0.018,0.102,0.254,0.417,1.352,1.272,0.013,0.050,0.005,0.170,0.158,0.205,0.087,0.381,0.324,0.938,0.152,0.296,0.355,0.659,1.340,1.036,1.060,1.075,0.003,0.124,0.262,0.401,0.321,0.364,0.292,0.332,0.271,1.014,0.673,0.979,0.024,0.051,2.952,3.097,2.550,2.335,1.689,2.089,1.991,2.033,0.935,1.796,0.149,1.542,0.667,0.514,0.553,0.772,1.096,0.977,1.231,0.820,0.330,0.762,0.316,0.523,1.022,0.076,0.397,0.473,0.839,1.479
0.094,1.126,0.655,0.767,1.767,1.086,0.265,0.119,0.857,0.178,0.111,0.051,0.573,0.695,0.455,0.113,0.727,1.098,0.520,0.018,0.000,0.130,0.496,0.529,1.380,1.034,0.611,0.531,0.718,0.780,0.768,0.792,0.624,0.206,0.737,0.299,0.279,0.071,0.852,0.077,0.491,0.194,0.491,0.456,0.669,0.868,0.706,0.504,1.740,1.462,0.422,0.760,1.095,1.629,1.304,1.410,0.392,0.456,2.310,2.405,2.220,1.996,1.359,2.101,1.423,1.331,0.651,1.292,0.035,1.002,0.599,0.347,0.417,0.470,0.951,0.762,1.032,0.565,0.131,0.955,0.588,0.795,1.721,0.596,0.965,0.711,1.104,1.767
0.478,0.422,0.165,0.121,0.723,0.138,0.447,0.403,1.051,0.354,0.242,0.080,0.566,0.848,0.353,0.280,0.419,0.717,0.204,0.102,0.130,0.000,0.662,0.323,1.514,1.020,0.842,0.646,0.484,0.766,0.597,0.653,0.242,0.053,0.545,0.523,0.047,0.098,0.577,0.169,0.907,0.366,0.704,0.737,0.487,0.593,0.272,0.122,1.289,0.982,0.134,0.298,0.605,0.686,0.582,0.619,0.243,0.244,3.095,2.912,2.361,2.054,1.543,2.008,1.565,1.440,0.551,1.268,0.150,0.715,0.221,0.084,0.257,0.529,0.947,0.785,1.443,0.375,0.221,0.694,0.141,0.257,1.125,0.149,0.341,0.327,0.914,1.639
0.856,0.380,0.928,0.697,0.590,1.354,1.227,1.136,1.405,0.888,0.282,0.293,0.055,0.252,0.719,0.169,0.532,0.722,0.507,0.254,0.496,0.662,0.000,0.094,1.644,1.603,0.010,0.010,0.399,0.176,0.159,0.450,0.027,0.106,0.627,0.356,0.189,0.469,0.586,0.038,0.991,0.239,0.624,0.767,0.473,0.414,0.111,0.479,0.648,0.223,1.052,0.947,0.323,0.684,0.004,0.128,0.569,0.433,2.867,2.350,1.671,1.395,0.993,1.151,0.863,0.899,0.054,0.860,0.661,0.055,0.362,0.173,0.229,0.911,1.176,1.141,2.121,0.577,0.367,0.462,0.562,0.477,0.011,0.573,0.544,0.379,0.042,0.777
0.975,0.104,0.720,0.046,0.351,0.294,0.351,0.230,0.608,0.088,0.420,0.288,0.688,0.752,0.029,0.792,0.095,0.304,0.037,0.417,0.529,0.323,0.094,0.000,0.209,0.020,1.290,0.975,0.626,1.060,0.390,0.549,0.051,0.173,0.404,0.251,0.054,0.362,0.529,0.311,0.472,0.225,0.464,0.510,0.598,0.646,0.247,0.182,1.277,0.432,0.332,0.025,0.220,1.091,0.496,0.377,0.563,0.459,2.811,2.428,1.994,1.701,1.174,1.634,0.867,0.781,0.207,0.780,0.255,0.047,0.115,0.248,0.042,0.347,1.031,0.765,1.383,0.070,0.669,0.430,0.253,0.134,0.657,0.269,0.236,0.207,0.734,1.464
3.168,2.549,2.268,0.705,0.627,0.648,0.430,0.248,0.461,0.359,1.302,1.066,1.117,1.391,0.475,1.409,0.849,0.775,0.911,1.352,1.380,1.514,1.644,0.209,0.000,0.001,0.519,0.590,0.265,0.183,0.108,0.360,0.564,0.101,0.106,0.754,0.432,0.369,0.067,0.197,1.230,0.144,0.811,0.953,0.339,0.210,0.619,1.058,0.265,1.264,1.824,2.415,1.668,2.186,1.515,1.394,1.554,1.759,4.309,3.631,2.588,2.034,1.827,1.745,1.473,1.267,0.278,0.969,0.409,0.041,0.556,0.861,0.631,0.065,0.318,0.074,1.209,1.138,1.830,1.129,1.915,1.550,0.545,0.678,0.560,0.212,0.685,1.613
2.589,1.499,1.189,0.089,0.120,0.167,0.038,0.174,0.062,0.559,1.153,1.096,1.180,1.291,0.581,1.631,0.882,0.807,0.852,1.272,1.034,1.020,1.603,0.020,0.001,0.000,0.164,0.174,0.472,0.021,0.577,0.039,0.941,0.391,0.207,0.887,0.643,0.028,0.180,0.339,1.270,0.248,1.043,1.185,0.105,0.063,0.708,1.178,0.351,1.508,2.159,1.940,1.484,2.632,1.769,1.824,1.813,1.754,3.783,3.052,2.371,1.902,1.764,1.767,1.294,1.178,0.485,1.182,0.015,0.152,0.124,0.364,0.250,0.251,0.134,0.056,1.597,0.847,1.642,0.541,1.476,0.887,0.075,0.078,0.135,0.346,0.828,1.686
1.278,0.940,0.798,0.433,0.533,1.151,0.708,0.610,0.530,0.398,0.031,0.220,0.359,0.610,0.125,0.946,0.104,0.091,0.126,0.013,0.611,0.842,0.010,1.290,0.519,0.164,0.000,0.096,1.394,0.175,0.535,0.357,0.895,0.641,0.251,1.074,0.676,0.311,0.416,0.928,1.890,0.993,1.511,1.657,0.366,0.537,0.851,0.968,0.091,1.179,0.888,0.398,0.356,1.333,0.701,1.374,1.670,1.237,2.973,2.280,1.817,1.595,1.450,1.400,1.108,1.240,0.450,1.366,0.010,0.157,0.085,0.124,0.111,0.933,0.337,0.734,3.432,0.846,0.532,0.394,0.726,0.315,0.106,0.070,0.006,0.277,0.343,1.055
0.740,0.404,0.436,0.197,0.199,0.807,0.566,0.474,0.468,0.367,0.145,0.033,0.238,0.277,0.274,0.800,0.168,0.328,0.346,0.050,0.531,0.646,0.010,0.975,0.590,0.174,0.096,0.000,0.407,0.470,0.253,0.018,0.517,0.173,0.112,0.462,0.189,0.106,0.117,0.130,0.955,0.190,0.879,0.987,0.173,0.053,0.184,0.519,0.680,0.473,0.502,0.170,0.127,1.305,0.663,1.082,1.094,0.649,2.219,1.590,1.352,1.150,0.913,1.088,0.467,0.575,0.092,0.853,0.200,0.241,0.220,0.004,0.017,0.823,0.282,0.835,2.924,0.872,0.504,0.563,0.622,0.219,0.061,0.203,0.115,0.217,0.189,0.881
0.699,0.332,0.281,0.119,0.020,0.562,0.444,0.376,0.348,0.286,0.201,0.007,0.053,0.003,0.539,0.645,0.238,0.273,0.377,0.005,0.718,0.484,0.399,0.626,0.265,0.472,1.394,0.407,0.000,0.618,0.169,0.505,0.183,0.188,0.461,0.160,0.073,0.374,0.433,0.070,0.677,0.119,0.567,0.687,0.654,0.433,0.280,0.168,0.554,0.599,0.060,0.046,0.086,1.062,0.681,1.047,1.050,0.626,1.747,0.993,0.866,0.554,0.687,0.704,0.153,0.205,0.190,0.594,0.435,0.625,0.527,0.397,0.443,0.401,1.875,0.725,2.046,0.477,1.083,0.081,1.242,0.584,0.416,0.048,0.042,0.117,0.153,0.605
0.785,0.299,0.011,0.106,0.044,0.401,0.102,0.008,0.203,0.134,0.125,0.488,0.556,0.584,0.112,1.292,0.336,0.219,0.020,0.170,0.780,0.766,0.176,1.060,0.183,0.021,0.175,0.470,0.618,0.000,0.143,0.225,0.925,0.713,0.361,1.074,0.767,0.538,0.452,0.900,1.658,0.968,1.549,1.673,0.330,0.502,0.676,0.874,0.210,0.690,0.429,0.351,0.133,0.935,1.140,1.724,1.722,1.128,2.130,1.530,1.507,1.389,1.375,1.372,0.902,1.119,0.611,1.484,0.265,0.155,0.014,0.151,0.338,0.221,1.382,0.494,1.342,0.636,0.631,0.162,0.908,0.127,0.119,0.352,0.536,0.768,0.393,1.091
0.129,0.492,0.584,0.155,0.233,0.346,0.287,0.264,0.259,0.296,0.368,0.133,0.036,0.077,0.439,0.699,0.354,0.443,0.574,0.158,0.768,0.597,0.159,0.390,0.108,0.577,0.535,0.253,0.169,0.143,0.000,0.228,0.251,0.011,0.345,0.176,0.084,0.190,0.424,0.168,0.518,0.015,0.648,0.723,0.398,0.364,0.200,0.539,1.300,0.053,0.207,0.283,0.187,0.769,0.815,0.928,0.637,0.108,1.225,0.759,0.852,0.808,0.527,0.806,0.046,0.275,0.037,0.742,0.228,0.321,0.107,0.416,0.348,0.602,0.210,0.640,1.252,1.167,0.234,0.784,0.401,0.141,0.047,0.242,0.341,0.336,0.053,0.592
0.209,0.433,0.807,0.035,0.165,0.152,0.029,0.001,0.261,0.067,0.412,0.059,0.037,0.250,0.213,1.000,0.195,0.240,0.605,0.205,0.792,0.653,0.450,0.549,0.360,0.039,0.357,0.018,0.505,0.225,0.228,0.000,0.042,0.046,0.145,0.007,0.028,0.063,0.293,0.335,0.159,0.104,0.619,0.569,0.274,0.357,0.374,0.572,0.947,0.034,0.117,0.426,0.156,0.181,0.997,1.187,0.423,0.191,0.226,0.096,0.340,0.506,0.213,0.520,0.462,0.110,0.104,0.445,0.089,0.731,0.201,0.313,0.147,0.150,0.208,0.153,0.080,0.913,0.354,0.251,0.547,0.167,0.435,0.301,0.517,0.536,0.242,0.337
0.337,0.698,0.942,0.319,0.399,0.020,0.002,0.123,0.080,0.239,0.546,0.262,0.262,0.458,0.648,0.619,0.400,0.313,0.600,0.087,0.624,0.242,0.027,0.051,0.564,0.941,0.895,0.517,0.183,0.925,0.251,0.042,0.000,0.055,0.641,0.009,0.331,0.319,0.679,0.299,0.354,0.077,0.520,0.617,0.472,0.439,0.029,1.117,0.101,0.456,0.518,0.323,0.575,0.178,1.264,1.136,0.254,0.274,0.274,0.016,0.286,0.417,0.159,0.372,0.346,0.060,0.249,0.718,0.386,0.228,0.106,0.593,0.427,0.532,0.485,0.654,0.552,1.138,0.540,0.570,0.378,0.170,0.298,0.147,0.250,0.231,0.525,0.112
0.108,0.237,0.626,0.092,0.268,0.362,0.515,0.508,1.018,0.562,0.055,0.463,0.223,0.147,0.169,1.618,0.564,0.732,0.085,0.381,0.206,0.053,0.106,0.173,0.101,0.391,0.641,0.173,0.188,0.713,0.011,0.046,0.055,0.000,0.051,0.061,0.096,0.149,0.296,0.365,0.091,0.003,0.593,0.489,0.328,0.339,0.420,0.916,0.298,0.533,0.361,0.441,0.842,0.138,1.665,1.655,0.529,0.123,0.245,0.418,0.076,0.359,0.219,0.263,0.595,0.119,0.154,0.384,0.135,0.575,0.192,0.021,0.151,0.160,0.045,0.024,0.716,0.386,0.052,0.255,1.017,0.386,0.906,0.436,0.306,0.483,0.548,0.108
0.058,0.356,0.683,0.118,0.089,0.227,0.341,0.349,1.111,0.261,0.602,0.051,0.222,0.671,0.039,1.286,0.036,0.145,0.566,0.324,0.737,0.545,0.627,0.404,0.106,0.207,0.251,0.112,0.461,0.361,0.345,0.145,0.641,0.051,0.000,0.196,0.008,0.701,0.231,0.104,0.066,0.702,0.941,0.149,0.360,0.106,0.115,0.228,0.208,0.159,0.161,0.201,0.126,0.752,0.568,0.025,1.248,1.215,2.199,1.960,0.894,0.106,0.270,0.033,1.107,0.203,0.027,0.056,0.149,0.118,0.052,0.083,0.185,0.211,0.051,0.013,0.750,0.517,0.288,0.132,0.473,0.062,0.689,0.371,0.443,0.769,0.916,0.461
0.122,0.287,0.635,0.286,0.487,0.895,0.989,1.015,1.860,1.326,0.612,1.144,0.269,0.241,0.457,2.282,1.709,2.007,0.898,0.938,0.299,0.523,0.356,0.251,0.754,0.887,1.074,0.462,0.160,1.074,0.176,0.007,0.009,0.061,0.196,0.000,0.068,0.639,0.885,0.422,0.089,0.269,0.022,0.375,0.388,0.013,0.700,0.891,1.111,0.943,0.726,1.150,1.518,0.173,1.752,1.196,0.419,0.651,1.202,1.382,0.898,0.690,0.047,0.532,0.993,0.384,0.437,0.063,0.128,0.121,0.011,0.013,0.020,0.010,0.123,0.031,0.860,0.295,0.030,0.306,1.099,0.532,0.932,0.941,0.017,0.195,1.153,0.463
0.019,0.315,0.614,0.024,0.200,0.542,0.600,0.594,1.477,0.735,0.249,0.368,0.426,1.012,0.039,1.474,0.879,1.084,0.130,0.152,0.279,0.047,0.189,0.054,0.432,0.643,0.676,0.189,0.073,0.767,0.084,0.028,0.331,0.096,0.008,0.068,0.000,0.626,0.390,0.456,0.164,1.349,0.584,0.136,0.335,0.185,0.374,0.490,0.572,0.360,0.260,0.499,0.814,0.520,0.792,0.111,0.904,0.676,2.988,3.128,2.263,1.338,0.695,1.032,1.688,0.201,0.175,0.120,0.002,0.219,0.011,0.081,0.040,0.042,0.109,0.051,0.749,0.464,0.226,0.201,0.683,0.205,0.794,0.852,0.006,0.242,1.536,1.202
0.380,0.137,0.263,0.262,0.139,0.407,0.573,0.723,1.938,1.086,0.283,0.913,0.343,0.287,1.409,2.511,1.374,1.336,0.268,0.296,0.071,0.098,0.469,0.362,0.369,0.028,0.311,0.106,0.374,0.538,0.190,0.063,0.319,0.149,0.701,0.639,0.626,0.000,0.531,1.099,0.966,0.119,0.268,0.952,0.420,0.056,0.377,0.683,0.314,0.399,0.219,0.415,0.804,0.278,1.194,0.713,0.521,0.336,1.929,1.900,1.421,0.493,0.680,0.971,2.232,1.694,0.771,1.390,0.122,0.408,0.348,0.317,0.430,0.442,0.120,0.246,1.505,0.103,0.092,0.794,1.155,0.713,1.416,1.112,0.229,0.081,1.350,0.898
0.228,0.004,0.362,0.338,0.179,0.097,0.185,0.205,1.129,0.295,0.745,0.092,0.772,1.457,0.248,0.861,0.271,0.492,0.436,0.355,0.852,0.577,0.586,0.529,0.067,0.180,0.416,0.117,0.433,0.452,0.424,0.293,0.679,0.296,0.231,0.885,0.390,0.531,0.000,0.571,0.668,1.757,0.186,0.754,0.242,0.007,0.075,0.024,0.198,0.018,0.213,0.037,0.304,0.860,0.397,0.089,1.087,1.062,3.613,3.923,2.763,2.388,1.276,1.559,2.374,1.729,0.693,0.784,0.298,0.447,0.397,0.252,0.438,0.492,0.458,0.430,1.286,0.225,0.035,0.550,1.025,0.483,1.221,0.974,0.176,0.071,1.798,1.536
0.915,0.620,0.145,0.370,0.258,0.319,0.440,0.547,1.612,1.223,0.635,1.323,0.030,0.469,0.847,2.122,1.990,2.137,0.703,0.659,0.077,0.169,0.038,0.311,0.197,0.339,0.928,0.130,0.070,0.900,0.168,0.335,0.299,0.365,0.104,0.422,0.456,1.099,0.571,0.000,0.372,0.355,1.099,0.912,0.316,0.055,0.631,0.650,1.203,1.072,0.484,1.161,1.528,0.040,1.503,1.156,0.455,0.871,1.686,2.181,2.007,2.529,0.520,1.947,1.924,1.776,1.159,1.094,0.714,0.724,0.768,0.726,0.665,0.689,0.675,0.866,1.874,0.487,0.725,1.259,2.217,1.575,2.010,1.819,0.906,0.678,1.956,1.381
0.239,0.115,0.571,0.420,0.554,0.952,1.026,1.031,1.815,1.496,0.922,1.431,0.171,0.407,0.320,2.013,2.035,2.490,1.254,1.340,0.491,0.907,0.991,0.472,1.230,1.270,1.890,0.955,0.677,1.658,0.518,0.159,0.354,0.091,0.066,0.089,0.164,0.966,0.668,0.372,0.000,0.322,0.816,0.343,0.689,0.391,1.160,1.148,2.085,1.876,1.201,1.954,2.305,0.780,2.244,2.009,1.481,1.676,0.858,1.639,1.386,2.141,0.153,1.327,1.264,1.197,0.785,0.273,0.287,0.231,0.174,0.101,0.026,0.052,0.196,0.393,1.182,0.177,0.218,0.518,1.752,1.001,1.302,1.128,0.244,0.125,1.430,0.747
0.811,0.479,0.100,0.090,0.079,0.659,0.868,1.062,2.224,1.703,1.097,1.795,0.776,0.250,1.479,2.843,2.332,2.435,1.047,1.036,0.194,0.366,0.239,0.225,0.144,0.248,0.993,0.190,0.119,0.968,0.015,0.104,0.077,0.003,0.702,0.269,1.349,0.119,1.757,0.355,0.322,0.000,0.201,0.406,0.063,0.409,0.847,0.830,1.315,1.224,0.553,1.180,1.638,0.372,2.009,1.885,1.242,1.373,0.882,1.361,0.966,1.219,0.248,0.854,1.146,0.948,0.369,0.596,0.118,0.594,0.535,0.598,0.615,0.775,0.833,1.062,2.200,0.587,0.731,1.227,2.200,1.393,1.743,1.176,0.216,0.163,1.064,0.426
0.260,0.524,0.976,0.550,0.642,1.007,1.155,1.148,2.085,1.371,0.563,1.105,0.183,0.541,0.650,2.290,1.706,2.010,0.963,1.060,0.491,0.704,0.624,0.464,0.811,1.043,1.511,0.879,0.567,1.549,0.648,0.619,0.520,0.593,0.941,0.022,0.584,0.268,0.186,1.099,0.816,0.201,0.000,0.137,0.711,0.903,1.231,1.367,1.532,1.459,1.077,1.425,1.823,0.630,2.079,1.792,0.782,0.737,1.467,1.958,1.452,1.599,0.584,1.147,1.835,1.585,0.507,0.247,0.276,0.152,0.264,0.359,0.310,0.248,0.311,0.189,0.853,0.620,0.428,0.098,0.902,0.285,0.873,0.592,0.208,0.345,1.209,0.716
0.201,0.490,0.917,0.563,0.632,0.856,0.980,0.892,1.560,1.043,0.411,0.823,0.027,0.550,0.100,1.880,1.297,1.755,0.865,1.075,0.456,0.737,0.767,0.510,0.953,1.185,1.657,0.987,0.687,1.673,0.723,0.569,0.617,0.489,0.149,0.375,0.136,0.952,0.754,0.912,0.343,0.406,0.137,0.000,0.511,0.774,1.460,1.556,1.688,1.657,1.218,1.576,1.993,0.832,2.307,2.266,1.228,0.899,0.757,1.298,0.948,1.081,0.338,0.815,1.409,1.119,0.794,0.188,0.147,0.097,0.131,0.307,0.336,0.315,0.324,0.234,0.615,0.673,0.334,0.064,1.104,0.469,0.969,0.745,0.030,0.079,1.228,0.541
0.225,0.008,0.483,0.180,0.034,0.233,0.418,0.531,1.416,0.630,0.169,0.431,0.104,0.456,0.361,1.674,0.576,0.667,0.202,0.003,0.669,0.487,0.473,0.598,0.339,0.105,0.366,0.173,0.654,0.330,0.398,0.274,0.472,0.328,0.360,0.388,0.335,0.420,0.242,0.316,0.689,0.063,0.711,0.511,0.000,0.204,0.265,0.082,0.005,0.067,0.245,0.153,0.263,0.363,1.020,0.934,0.025,0.296,1.708,1.912,0.956,0.567,0.219,0.285,1.320,0.891,0.233,0.467,0.030,0.825,0.416,0.311,0.564,0.745,0.759,0.708,1.660,0.057,0.177,0.629,1.204,0.470,1.141,0.366,0.386,0.686,0.829,0.323
0.342,0.122,0.307,0.296,0.130,0.096,0.072,0.126,0.799,0.231,0.365,0.178,0.128,0.495,0.103,1.303,0.288,0.414,0.374,0.124,0.868,0.593,0.414,0.646,0.210,0.063,0.537,0.053,0.433,0.502,0.364,0.357,0.439,0.339,0.106,0.013,0.185,0.056,0.007,0.055,0.391,0.409,0.903,0.774,0.204,0.000,0.045,0.297,0.141,0.315,0.128,0.011,0.392,0.271,1.070,1.322,0.535,0.030,0.928,1.217,0.546,0.277,0.001,0.159,0.896,0.412,0.340,0.004,0.330,1.013,0.617,0.374,0.559,0.618,0.741,0.575,1.131,0.250,0.253,0.573,1.410,0.677,1.271,0.605,0.063,0.327,0.923,0.303
0.105,0.329,0.693,0.222,0.472,0.320,0.445,0.446,0.799,0.449,0.053,0.411,0.189,0.043,0.208,1.179,0.337,0.522,0.005,0.262,0.706,0.272,0.111,0.247,0.619,0.708,0.851,0.184,0.280,0.676,0.200,0.374,0.029,0.420,0.115,0.700,0.374,0.377,0.075,0.631,1.160,0.847,1.231,1.460,0.265,0.045,0.000,0.004,0.506,0.296,0.061,0.137,0.547,0.075,1.275,1.749,1.386,0.616,0.156,0.215,0.341,0.365,0.762,0.616,0.176,0.561,0.305,1.259,0.153,0.027,0.015,0.116,0.127,0.267,0.641,0.453,0.350,0.591,0.127,0.037,0.944,0.127,0.421,0.018,0.607,0.808,0.256,0.412
0.663,1.181,1.511,0.988,1.159,0.639,0.747,0.677,0.718,0.440,0.020,0.378,0.471,0.270,0.143,1.084,0.100,0.140,0.040,0.401,0.504,0.122,0.479,0.182,1.058,1.178,0.968,0.519,0.168,0.874,0.539,0.572,1.117,0.916,0.228,0.891,0.490,0.683,0.024,0.650,1.148,0.830,1.367,1.556,0.082,0.297,0.004,0.000,0.167,0.224,0.099,0.352,0.026,0.481,1.264,1.527,1.347,0.590,1.001,0.582,1.068,1.021,1.090,1.305,0.667,0.940,0.770,1.795,0.737,0.760,0.945,1.224,0.781,0.531,0.160,0.186,0.895,1.441,0.650,1.188,0.185,0.985,0.747,1.042,1.347,1.347,0.488,1.089
1.289,0.786,0.658,0.862,0.527,0.850,0.665,0.525,0.321,0.235,0.187,0.246,0.134,0.362,0.367,0.825,0.121,0.060,0.371,0.321,1.740,1.289,0.648,1.277,0.265,0.351,0.091,0.680,0.554,0.210,1.300,0.947,0.101,0.298,0.208,1.111,0.572,0.314,0.198,1.203,2.085,1.315,1.532,1.688,0.005,0.141,0.506,0.167,0.000,0.014,0.836,0.161,0.299,0.988,0.478,1.107,1.693,1.213,2.128,1.517,1.310,1.183,1.435,1.094,1.115,1.377,0.397,1.497,0.323,0.062,0.711,0.635,0.875,0.567,1.208,0.710,0.586,0.128,1.056,0.498,1.569,0.876,0.823,0.670,0.162,0.245,0.149,0.639
0.059,0.333,0.381,0.116,0.231,0.500,0.361,0.386,0.395,0.465,0.567,0.184,0.111,0.025,0.790,0.351,0.428,0.499,0.542,0.364,1.462,0.982,0.223,0.432,1.264,1.508,1.179,0.473,0.599,0.690,0.053,0.034,0.456,0.533,0.159,0.943,0.360,0.399,0.018,1.072,1.876,1.224,1.459,1.657,0.067,0.315,0.296,0.224,0.014,0.000,0.638,0.776,0.695,0.059,0.101,0.691,1.364,0.735,1.717,1.087,1.092,0.940,1.154,1.065,0.910,1.142,0.428,1.568,0.031,0.303,0.138,0.482,0.387,0.675,0.515,0.224,2.289,1.452,0.055,0.885,0.390,0.205,0.158,0.181,0.398,0.556,0.008,0.681
0.175,0.840,0.661,0.776,0.897,0.069,0.074,0.059,0.201,0.037,0.064,0.201,0.452,0.505,0.356,0.670,0.176,0.284,0.078,0.292,0.422,0.134,1.052,0.332,1.824,2.159,0.888,0.502,0.060,0.429,0.207,0.117,0.518,0.361,0.161,0.726,0.260,0.219,0.213,0.484,1.201,0.553,1.077,1.218,0.245,0.128,0.061,0.099,0.836,0.638,0.000,0.602,0.541,1.204,0.521,0.681,1.158,0.763,2.413,1.816,1.679,1.393,1.345,1.563,1.076,1.104,0.553,1.482,0.204,0.477,0.466,0.653,0.855,1.063,0.192,0.626,2.453,1.214,0.078,1.369,0.091,0.560,0.870,0.704,0.798,0.775,0.615,1.325
0.575,0.207,0.063,0.295,0.602,0.092,0.079,0.071,0.378,0.029,0.243,0.387,0.523,0.828,0.423,0.536,0.014,0.101,0.142,0.332,0.760,0.298,0.947,0.025,2.415,1.940,0.398,0.170,0.046,0.351,0.283,0.426,0.323,0.441,0.201,1.150,0.499,0.415,0.037,1.161,1.954,1.180,1.425,1.576,0.153,0.011,0.137,0.352,0.161,0.776,0.602,0.000,0.314,0.068,0.075,0.331,1.485,1.327,3.238,2.551,2.098,1.693,1.952,1.846,1.862,1.796,0.810,1.869,0.147,0.720,0.253,0.242,0.272,0.465,0.357,0.012,2.018,0.668,0.478,0.724,0.417,0.111,0.619,0.244,0.549,0.706,0.670,1.470
0.384,0.339,0.370,0.314,0.615,0.014,0.121,0.112,0.054,0.119,0.173,0.488,0.570,0.846,0.238,0.797,0.176,0.098,0.189,0.271,1.095,0.605,0.323,0.220,1.668,1.484,0.356,0.127,0.086,0.133,0.187,0.156,0.575,0.842,0.126,1.518,0.814,0.804,0.304,1.528,2.305,1.638,1.823,1.993,0.263,0.392,0.547,0.026,0.299,0.695,0.541,0.314,0.000,0.559,0.375,0.627,1.789,1.458,2.972,2.354,2.096,1.845,2.034,1.910,1.955,2.069,1.093,2.269,0.447,1.086,0.502,0.502,0.344,0.475,0.274,0.079,1.625,0.872,0.166,0.731,0.298,0.319,0.607,0.352,0.758,0.986,0.710,1.446
1.130,1.631,1.289,0.986,0.776,0.520,0.743,0.954,1.386,1.287,1.267,1.087,0.720,0.596,1.443,0.495,1.427,1.649,1.389,1.014,1.629,0.686,0.684,1.091,2.186,2.632,1.333,1.305,1.062,0.935,0.769,0.181,0.178,0.138,0.752,0.173,0.520,0.278,0.860,0.040,0.780,0.372,0.630,0.832,0.363,0.271,0.075,0.481,0.988,0.059,1.204,0.068,0.559,0.000,0.801,0.561,0.006,0.595,1.269,0.901,0.834,0.812,0.337,0.755,0.285,0.568,0.076,1.096,0.326,0.537,0.697,1.325,1.811,2.084,1.959,2.058,2.837,2.192,1.286,2.106,0.859,1.018,0.981,0.283,0.244,0.072,0.227,0.320
0.826,1.410,1.500,0.968,1.029,0.184,0.334,0.054,0.388,0.565,0.858,0.351,0.027,0.256,0.619,0.358,0.573,0.891,0.653,0.673,1.304,0.582,0.004,0.496,1.515,1.769,0.701,0.663,0.681,1.140,0.815,0.997,1.264,1.665,0.568,1.752,0.792,1.194,0.397,1.503,2.244,2.009,2.079,2.307,1.020,1.070,1.275,1.264,0.478,0.101,0.521,0.075,0.375,0.801,0.000,0.051,1.128,0.273,1.860,1.789,1.911,2.086,1.501,1.818,1.698,2.227,1.386,2.920,1.070,2.474,1.722,1.710,1.416,1.543,1.323,1.504,2.100,1.951,1.311,1.702,1.055,1.506,1.436,0.884,1.172,1.260,0.674,1.087
1.007,1.288,1.466,0.628,0.554,0.182,0.158,0.563,0.673,1.122,1.733,1.202,1.099,1.016,1.580,0.415,1.407,1.429,1.443,0.979,1.410,0.619,0.128,0.377,1.394,1.824,1.374,1.082,1.047,1.724,0.928,1.187,1.136,1.655,0.025,1.196,0.111,0.713,0.089,1.156,2.009,1.885,1.792,2.266,0.934,1.322,1.749,1.527,1.107,0.691,0.681,0.331,0.627,0.561,0.051,0.000,0.579,0.876,0.499,0.461,0.131,0.598,0.279,0.414,0.285,1.143,0.424,2.270,0.374,1.500,1.110,1.561,1.276,1.489,1.125,1.468,1.922,2.246,1.460,1.516,0.658,1.126,0.498,0.215,0.501,0.562,0.670,0.281
0.398,0.703,0.845,0.361,0.333,0.106,0.001,0.467,0.629,0.736,1.272,0.998,1.562,1.600,2.056,0.602,0.861,0.034,0.348,0.024,0.392,0.243,0.569,0.563,1.554,1.813,1.670,1.094,1.050,1.722,0.637,0.423,0.254,0.529,1.248,0.419,0.904,0.521,1.087,0.455,1.481,1.242,0.782,1.228,0.025,0.535,1.386,1.347,1.693,1.364,1.158,1.485,1.789,0.006,1.128,0.579,0.000,0.464,1.407,1.421,1.103,0.650,0.434,0.840,0.589,0.379,0.778,1.105,0.764,0.622,0.260,0.643,0.725,0.969,0.906,0.988,0.926,1.422,0.731,0.604,0.423,0.029,0.550,1.123,0.573,0.633,1.961,1.348
0.021,0.463,0.471,0.156,0.297,0.183,0.059,0.509,1.084,0.741,1.117,0.917,1.443,1.073,2.290,1.350,1.214,0.120,0.111,0.051,0.456,0.244,0.433,0.459,1.759,1.754,1.237,0.649,0.626,1.128,0.108,0.191,0.274,0.123,1.215,0.651,0.676,0.336,1.062,0.871,1.676,1.373,0.737,0.899,0.296,0.030,0.616,0.590,1.213,0.735,0.763,1.327,1.458,0.595,0.273,0.876,0.464,0.000,0.380,0.114,0.094,0.151,0.557,0.117,0.914,1.515,0.207,1.249,0.712,0.780,0.089,0.283,0.424,0.658,0.662,0.651,0.775,0.973,0.267,0.365,0.582,0.219,0.393,1.253,0.611,0.571,1.514,0.913
1.505,2.293,2.045,2.210,2.651,2.831,2.064,1.434,0.363,0.811,0.501,0.826,1.575,2.083,3.996,3.166,1.680,1.406,2.481,2.952,2.310,3.095,2.867,2.811,4.309,3.783,2.973,2.219,1.747,2.130,1.225,0.226,0.274,0.245,2.199,1.202,2.988,1.929,3.613,1.686,0.858,0.882,1.467,0.757,1.708,0.928,0.156,1.001,2.128,1.717,2.413,3.238,2.972,1.269,1.860,0.499,1.407,0.380,0.000,0.608,0.907,1.501,0.974,0.774,0.270,0.331,1.060,0.660,0.472,1.454,1.250,1.296,1.856,1.886,2.253,1.848,1.588,1.836,1.270,1.740,0.564,0.833,1.220,0.241,0.403,0.441,1.171,0.547
1.166,2.073,1.902,2.044,2.729,3.431,2.728,2.676,1.384,3.158,2.965,1.852,0.252,0.816,2.755,1.484,1.097,3.148,2.945,3.097,2.405,2.912,2.350,2.428,3.631,3.052,2.280,1.590,0.993,1.530,0.759,0.096,0.016,0.418,1.960,1.382,3.128,1.900,3.923,2.181,1.639,1.361,1.958,1.298,1.912,1.217,0.215,0.582,1.517,1.087,1.816,2.551,2.354,0.901,1.789,0.461,1.421,0.114,0.608,0.000,0.258,1.294,0.332,0.005,0.438,0.193,0.542,0.471,0.046,1.439,1.153,0.950,1.375,1.247,1.738,1.216,0.591,1.164,0.859,1.248,0.371,0.720,1.251,0.000,0.987,0.248,0.165,0.651
1.149,1.907,1.873,1.788,2.338,3.163,2.790,3.029,2.808,3.826,2.613,2.517,1.198,0.319,0.612,1.058,2.070,2.745,2.505,2.550,2.220,2.361,1.671,1.994,2.588,2.371,1.817,1.352,0.866,1.507,0.852,0.340,0.286,0.076,0.894,0.898,2.263,1.421,2.763,2.007,1.386,0.966,1.452,0.948,0.956,0.546,0.341,1.068,1.310,1.092,1.679,2.098,2.096,0.834,1.911,0.131,1.103,0.094,0.907,0.258,0.000,0.257,0.873,0.186,0.417,0.097,0.073,0.419,0.521,1.636,1.295,1.051,1.287,1.191,1.793,1.329,0.363,1.145,1.067,1.094,0.588,0.888,1.148,0.186,1.222,0.658,0.241,0.843
1.200,1.904,2.046,1.767,2.320,3.160,2.973,3.337,4.151,3.773,2.542,2.880,2.429,0.930,2.718,3.297,2.671,2.816,2.272,2.335,1.996,2.054,1.395,1.701,2.034,1.902,1.595,1.150,0.554,1.389,0.808,0.506,0.417,0.359,0.106,0.690,1.338,0.493,2.388,2.529,2.141,1.219,1.599,1.081,0.567,0.277,0.365,1.021,1.183,0.940,1.393,1.693,1.845,0.812,2.086,0.598,0.650,0.151,1.501,1.294,0.257,0.000,0.333,1.080,1.126,0.588,1.450,0.428,1.407,1.605,1.411,1.081,1.121,0.882,1.428,0.975,0.301,0.958,1.080,0.929,0.659,1.100,1.155,0.836,2.059,2.131,1.288,1.427
0.313,0.884,0.968,0.835,1.117,1.854,1.594,1.635,1.786,2.485,2.076,2.654,0.677,0.280,0.927,1.379,2.659,2.728,1.832,1.689,1.359,1.543,0.993,1.174,1.827,1.764,1.450,0.913,0.687,1.375,0.527,0.213,0.159,0.219,0.270,0.047,0.695,0.680,1.276,0.520,0.153,0.248,0.584,0.338,0.219,0.001,0.762,1.090,1.435,1.154,1.345,1.952,2.034,0.337,1.501,0.279,0.434,0.557,0.974,0.332,0.873,0.333,0.000,1.333,1.058,1.056,0.048,0.243,0.118,1.078,0.588,0.473,0.657,0.703,1.153,0.787,0.089,0.663,0.506,0.282,0.297,0.004,0.039,0.859,0.031,0.239,0.921,0.880
0.977,1.593,1.606,1.423,1.833,2.776,2.445,2.755,2.860,3.387,2.468,2.345,2.381,0.674,2.159,1.977,2.021,2.273,2.011,2.089,2.101,2.008,1.151,1.634,1.745,1.767,1.400,1.088,0.704,1.372,0.806,0.520,0.372,0.263,0.033,0.532,1.032,0.971,1.559,1.947,1.327,0.854,1.147,0.815,0.285,0.159,0.616,1.305,1.094,1.065,1.563,1.846,1.910,0.755,1.818,0.414,0.840,0.117,0.774,0.005,0.186,1.080,1.333,0.000,1.163,0.222,0.215,0.032,0.708,1.408,1.156,0.915,1.071,1.027,1.788,1.323,0.019,0.913,1.057,0.771,0.605,0.783,0.842,0.108,1.027,0.582,0.745,0.687
0.353,0.312,0.423,0.503,0.907,1.881,1.591,1.847,2.222,3.245,3.021,3.811,1.818,1.479,1.851,2.764,3.671,3.408,2.119,1.991,1.423,1.565,0.863,0.867,1.473,1.294,1.108,0.467,0.153,0.902,0.046,0.462,0.346,0.595,1.107,0.993,1.688,2.232,2.374,1.924,1.264,1.146,1.835,1.409,1.320,0.896,0.176,0.667,1.115,0.910,1.076,1.862,1.955,0.285,1.698,0.285,0.589,0.914,0.270,0.438,0.417,1.126,1.058,1.163,0.000,0.244,1.094,0.678,0.617,0.363,0.044,0.239,0.052,0.041,0.545,0.058,0.962,0.180,0.281,0.455,1.191,0.836,0.702,1.505,0.474,0.817,1.165,0.255
0.196,0.413,0.705,0.668,1.035,1.890,1.867,2.142,3.174,3.083,2.474,3.165,1.804,1.222,2.373,4.251,3.821,3.627,2.178,2.033,1.331,1.440,0.899,0.781,1.267,1.178,1.240,0.575,0.205,1.119,0.275,0.110,0.060,0.119,0.203,0.384,0.201,1.694,1.729,1.776,1.197,0.948,1.585,1.119,0.891,0.412,0.561,0.940,1.377,1.142,1.104,1.796,2.069,0.568,2.227,1.143,0.379,1.515,0.331,0.193,0.097,0.588,1.056,0.222,0.244,0.000,0.062,0.242,0.107,0.511,0.189,0.034,0.119,0.015,0.360,0.064,1.164,0.076,0.141,0.400,1.163,0.633,0.654,0.947,0.216,0.309,0.480,0.309
0.155,0.302,0.540,0.185,0.447,1.160,1.227,1.472,2.766,1.910,1.092,1.574,1.091,0.455,1.785,3.164,1.892,1.841,0.958,0.935,0.651,0.551,0.054,0.207,0.278,0.485,0.450,0.092,0.190,0.611,0.037,0.104,0.249,0.154,0.027,0.437,0.175,0.771,0.693,1.159,0.785,0.369,0.507,0.794,0.233,0.340,0.305,0.770,0.397,0.428,0.553,0.810,1.093,0.076,1.386,0.424,0.778,0.207,1.060,0.542,0.073,1.450,0.048,0.215,1.094,0.062,0.000,0.703,0.084,0.379,0.088,0.043,0.047,0.046,0.456,0.188,0.959,0.060,0.088,0.374,0.680,0.339,0.694,0.942,0.124,0.370,0.706,0.058
0.027,0.483,0.819,0.708,0.835,1.314,1.518,1.426,1.990,1.638,1.189,1.431,0.704,0.224,0.737,2.623,1.949,2.432,1.711,1.796,1.292,1.268,0.860,0.780,0.969,1.182,1.366,0.853,0.594,1.484,0.742,0.445,0.718,0.384,0.056,0.063,0.120,1.390,0.784,1.094,0.273,0.596,0.247,0.188,0.467,0.004,1.259,1.795,1.497,1.568,1.482,1.869,2.269,1.096,2.920,2.270,1.105,1.249,0.660,0.471,0.419,0.428,0.243,0.032,0.678,0.242,0.703,0.000,0.337,0.612,0.321,0.269,0.416,0.458,0.806,0.530,0.447,0.410,0.251,0.118,1.028,0.590,0.884,1.122,0.109,0.146,0.781,0.113
0.135,0.230,0.468,0.157,0.030,0.403,0.558,0.617,1.200,0.616,0.098,0.443,0.478,0.102,0.713,1.873,0.535,0.496,0.071,0.149,0.035,0.150,0.661,0.255,0.409,0.015,0.010,0.200,0.435,0.265,0.228,0.089,0.386,0.135,0.149,0.128,0.002,0.122,0.298,0.714,0.287,0.118,0.276,0.147,0.030,0.330,0.153,0.737,0.323,0.031,0.204,0.147,0.447,0.326,1.070,0.374,0.764,0.712,0.472,0.046,0.521,1.407,0.118,0.708,0.617,0.107,0.084,0.337,0.000,0.108,0.034,0.032,0.169,0.082,0.438,0.335,0.665,0.222,0.214,0.294,0.434,0.113,0.791,0.740,0.328,0.632,0.268,0.241
0.646,0.028,0.307,0.278,0.747,1.251,1.547,1.555,1.675,1.616,1.347,1.487,1.393,1.006,1.110,2.428,1.421,1.573,1.264,1.542,1.002,0.715,0.055,0.047,0.041,0.152,0.157,0.241,0.625,0.155,0.321,0.731,0.228,0.575,0.118,0.121,0.219,0.408,0.447,0.724,0.231,0.594,0.152,0.097,0.825,1.013,0.027,0.760,0.062,0.303,0.477,0.720,1.086,0.537,2.474,1.500,0.622,0.780,1.454,1.439,1.636,1.605,1.078,1.408,0.363,0.511,0.379,0.612,0.108,0.000,0.314,0.602,0.448,0.465,0.053,0.235,1.132,0.461,0.587,0.729,1.381,0.885,0.745,0.409,0.765,0.862,0.640,1.394
0.232,0.329,0.629,0.249,0.494,0.487,0.578,0.565,0.532,0.563,0.479,0.583,0.783,0.487,0.535,1.604,0.432,0.367,0.191,0.667,0.599,0.221,0.362,0.115,0.556,0.124,0.085,0.220,0.527,0.014,0.107,0.201,0.106,0.192,0.052,0.011,0.011,0.348,0.397,0.768,0.174,0.535,0.264,0.131,0.416,0.617,0.015,0.945,0.711,0.138,0.466,0.253,0.502,0.697,1.722,1.110,0.260,0.089,1.250,1.153,1.295,1.411,0.588,1.156,0.044,0.189,0.088,0.321,0.034,0.314,0.000,0.154,0.163,0.045,0.595,0.442,0.381,0.065,0.005,0.209,0.610,0.177,0.318,0.344,0.646,0.524,0.440,1.038
0.123,0.258,0.729,0.291,0.312,0.121,0.256,0.311,0.423,0.362,0.302,0.457,0.622,0.323,0.395,1.519,0.335,0.263,0.047,0.514,0.347,0.084,0.173,0.248,0.861,0.364,0.124,0.004,0.397,0.151,0.416,0.313,0.593,0.021,0.083,0.013,0.081,0.317,0.252,0.726,0.101,0.598,0.359,0.307,0.311,0.374,0.116,1.224,0.635,0.482,0.653,0.242,0.502,1.325,1.710,1.561,0.643,0.283,1.296,0.950,1.051,1.081,0.473,0.915,0.239,0.034,0.043,0.269,0.032,0.602,0.154,0.000,0.177,0.021,0.482,0.510,0.255,0.231,0.062,0.162,0.936,0.237,0.416,0.497,0.509,0.447,0.258,0.867
0.322,0.303,0.284,0.484,0.467,0.035,0.073,0.141,0.063,0.207,0.332,0.379,0.602,0.396,0.154,1.223,0.149,0.062,0.026,0.553,0.417,0.257,0.229,0.042,0.631,0.250,0.111,0.017,0.443,0.338,0.348,0.147,0.427,0.151,0.185,0.020,0.040,0.430,0.438,0.665,0.026,0.615,0.310,0.336,0.564,0.559,0.127,0.781,0.875,0.387,0.855,0.272,0.344,1.811,1.416,1.276,0.725,0.424,1.856,1.375,1.287,1.121,0.657,1.071,0.052,0.119,0.047,0.416,0.169,0.448,0.163,0.177,0.000,0.273,0.737,0.693,0.595,0.168,0.516,0.404,0.752,0.209,0.038,0.473,0.423,0.337,0.366,1.045
0.005,0.525,0.555,0.786,0.792,0.317,0.320,0.367,0.286,0.399,0.471,0.511,0.670,0.403,0.122,1.263,0.242,0.227,0.202,0.772,0.470,0.529,0.911,0.347,0.065,0.251,0.933,0.823,0.401,0.221,0.602,0.150,0.532,0.160,0.211,0.010,0.042,0.442,0.492,0.689,0.052,0.775,0.248,0.315,0.745,0.618,0.267,0.531,0.567,0.675,1.063,0.465,0.475,2.084,1.543,1.489,0.969,0.658,1.886,1.247,1.191,0.882,0.703,1.027,0.041,0.015,0.046,0.458,0.082,0.465,0.045,0.021,0.273,0.000,0.152,0.125,0.710,0.134,0.949,0.583,0.824,0.130,0.149,0.626,0.611,0.486,0.381,1.108
1.156,1.828,1.318,1.572,1.732,1.066,0.896,0.962,0.641,0.844,0.937,0.847,1.264,0.936,0.489,1.447,0.354,0.255,0.465,1.096,0.951,0.947,1.176,1.031,0.318,0.134,0.337,0.282,1.875,1.382,0.210,0.208,0.485,0.045,0.051,0.123,0.109,0.120,0.458,0.675,0.196,0.833,0.311,0.324,0.759,0.741,0.641,0.160,1.208,0.515,0.192,0.357,0.274,1.959,1.323,1.125,0.906,0.662,2.253,1.738,1.793,1.428,1.153,1.788,0.545,0.360,0.456,0.806,0.438,0.053,0.595,0.482,0.737,0.152,0.000,0.203,0.631,0.225,0.372,1.801,0.603,0.953,1.439,1.627,1.490,1.164,1.215,1.920
