0.000,0.544,0.135,0.439,0.070,1.317,2.219,1.572,1.585,0.627,0.737,1.235,2.937,1.567,1.598,0.908,0.750,0.298,0.649,0.841,1.409,1.994,2.843,0.388,0.208,1.118,0.116,1.569,0.475,0.865,2.626,0.231,0.894,0.653,2.221,2.138,1.503,1.574,0.964,1.442,0.805,0.702,0.340,0.413,0.007,0.669,1.736,0.176,0.852,0.992,0.775,0.308,0.847,0.369,0.104,0.042,0.190,0.448,0.278,0.332,0.658,0.178,0.237,0.223,0.243,1.357,1.848,0.853,0.248,0.255,0.089,0.721,0.681,0.849,0.573,0.054,0.720,1.632,1.152,0.161,0.926,0.475,0.392,0.510,0.030,1.663,0.264,0.033,0.881,2.237,1.731,2.904,2.646,3.599
0.544,0.000,0.081,1.051,0.782,1.287,2.540,1.637,2.172,0.009,0.564,1.516,2.548,1.023,1.523,1.287,1.040,0.742,1.206,0.875,1.378,1.760,3.521,0.130,1.050,2.621,1.105,2.930,1.329,2.147,4.224,1.382,2.048,1.948,3.253,3.551,2.005,2.415,1.849,2.116,1.770,1.226,1.099,0.221,0.569,0.236,1.986,0.254,1.486,1.565,0.294,1.044,1.785,1.336,0.855,0.998,1.025,1.472,0.618,1.184,1.731,0.786,0.468,0.221,0.936,0.837,1.168,0.258,1.202,1.541,1.140,1.832,1.682,0.167,0.493,1.004,0.294,2.907,0.198,0.946,0.228,0.085,0.824,0.014,0.065,1.384,0.263,0.619,1.861,3.443,2.897,3.911,3.775,4.456
0.135,0.081,0.000,0.026,1.159,1.368,2.775,2.114,1.815,0.347,0.186,0.606,2.539,1.863,1.457,1.432,1.196,0.555,0.766,0.583,1.161,1.192,1.087,0.640,1.563,1.464,0.641,1.084,0.884,1.605,3.036,0.564,1.395,1.451,2.422,2.897,1.710,2.037,1.575,1.848,1.562,1.155,1.278,0.742,1.269,0.002,1.299,0.491,1.450,1.419,0.342,0.959,1.459,0.635,0.439,0.538,0.914,1.144,0.622,0.917,1.433,0.682,0.855,0.766,1.046,0.404,1.198,0.318,0.967,0.930,0.928,1.347,1.604,0.300,0.534,1.281,0.371,2.912,0.166,1.623,0.350,0.851,1.678,1.053,1.342,0.153,1.225,1.430,2.164,3.407,2.591,3.304,3.337,3.946
0.439,1.051,0.026,0.000,0.622,1.453,4.331,3.011,2.855,0.478,0.124,0.469,2.441,1.282,0.799,0.370,0.396,0.230,0.037,0.358,1.073,1.608,2.152,0.748,0.680,1.063,0.040,1.262,0.156,0.686,2.620,0.127,0.634,0.381,1.923,2.075,1.008,1.197,0.534,0.928,0.430,0.003,0.247,1.117,0.862,1.395,2.918,0.925,0.267,0.480,1.389,0.112,0.659,0.153,0.226,0.082,0.086,0.392,0.367,0.111,0.534,0.227,0.483,0.777,0.142,1.692,2.141,1.329,0.148,0.553,0.051,0.728,0.488,0.897,0.642,0.021,0.779,2.014,0.893,0.013,0.981,0.422,0.207,0.725,0.365,1.555,0.144,0.112,1.032,2.241,1.538,2.854,2.787,3.696
0.070,0.782,1.159,0.622,0.000,1.367,0.970,0.700,2.522,0.351,0.455,0.435,1.527,1.778,0.138,1.041,1.644,0.358,0.229,0.804,2.206,2.901,2.737,1.417,2.124,1.896,1.021,1.832,1.048,1.113,2.131,0.090,0.029,0.116,1.106,0.300,0.061,0.267,0.319,0.080,0.400,0.588,0.402,1.038,0.758,1.271,2.233,0.817,0.058,0.041,1.458,0.227,0.265,0.082,0.742,0.252,0.104,0.150,0.259,0.705,0.710,0.001,0.045,0.195,0.218,0.898,1.488,1.017,0.204,0.212,0.053,0.205,0.350,1.577,0.614,0.452,0.888,1.754,0.911,0.044,0.272,0.379,1.043,0.406,0.645,0.793,0.168,0.180,0.725,1.582,1.317,1.953,1.593,2.404
1.317,1.287,1.368,1.453,1.367,0.000,0.890,0.113,0.461,0.417,0.254,0.112,1.688,1.798,0.874,1.715,2.059,0.720,0.409,0.876,1.671,1.065,0.662,0.425,0.295,0.056,0.133,0.272,0.533,0.781,1.205,0.183,0.034,0.326,1.035,0.869,0.708,0.905,0.593,0.918,0.491,0.646,0.962,0.813,1.756,0.056,0.085,0.604,1.010,0.791,0.617,0.401,0.359,0.345,0.837,0.569,0.196,0.088,0.288,0.434,0.570,0.251,0.498,1.003,0.743,0.430,1.509,0.597,0.011,0.916,0.239,0.161,0.653,1.138,0.458,0.006,0.787,1.044,1.237,0.895,0.092,0.422,1.679,0.666,1.656,0.672,0.325,0.655,0.696,1.854,1.489,1.631,1.383,2.053
2.219,2.540,2.775,4.331,0.970,0.890,0.000,0.243,1.203,1.380,0.032,1.176,1.662,1.861,0.925,3.328,4.767,2.773,1.796,2.939,4.402,3.267,1.312,1.869,1.714,1.668,1.985,1.728,2.616,2.593,2.629,1.755,0.825,1.460,2.094,0.940,1.021,1.527,1.221,1.311,0.967,0.885,1.583,1.194,2.252,0.748,0.387,1.319,1.751,1.493,0.152,1.401,1.442,1.393,0.245,0.723,1.258,0.990,0.543,1.968,2.127,0.807,1.317,1.718,1.822,0.400,0.509,0.379,1.103,0.322,0.794,0.927,1.551,1.134,0.499,0.078,0.281,1.647,0.833,0.947,0.786,1.044,2.289,0.382,1.496,0.978,0.022,0.566,0.857,2.099,2.485,2.468,2.039,2.791
1.572,1.637,2.114,3.011,0.700,0.113,0.243,0.000,0.263,1.858,0.309,0.466,1.298,1.509,0.709,2.419,3.836,2.136,1.400,2.724,4.237,3.140,0.697,1.146,0.402,0.869,1.235,1.186,1.708,1.636,1.839,0.949,0.430,0.765,1.558,0.212,1.073,1.369,1.026,1.312,0.771,1.068,1.344,0.904,1.782,0.812,0.931,1.415,1.766,1.697,0.409,1.324,1.263,1.079,0.095,0.537,1.095,0.757,0.349,1.601,1.571,0.490,1.046,1.619,1.614,0.198,0.630,0.440,0.864,0.100,0.489,0.661,1.240,1.144,0.052,0.032,0.470,1.310,1.044,0.774,0.324,0.694,2.008,0.324,1.451,0.963,0.092,0.505,0.789,1.884,2.013,2.286,1.787,2.708
1.585,2.172,1.815,2.855,2.522,0.461,1.203,0.263,0.000,1.931,0.539,1.201,1.359,0.656,0.103,1.258,2.753,1.614,1.074,3.636,4.890,4.103,1.787,0.680,0.247,0.443,0.363,1.326,0.923,0.660,1.382,0.395,0.320,0.279,1.156,0.754,0.467,0.569,0.025,0.476,0.385,0.052,0.254,1.038,0.507,0.618,0.718,0.080,0.562,0.739,0.690,0.150,0.365,0.580,0.637,0.222,0.077,0.158,0.877,0.538,0.503,0.648,0.550,0.198,0.230,1.353,1.853,0.739,0.172,0.674,0.562,0.064,0.012,2.422,1.252,1.397,1.707,0.249,2.281,0.998,1.205,0.867,0.184,1.632,0.496,2.504,1.456,1.115,0.532,0.538,0.850,1.728,1.095,2.374
0.627,0.009,0.347,0.478,0.351,0.417,1.380,1.858,1.931,0.000,0.521,0.373,1.668,0.038,0.115,0.541,0.497,0.607,0.395,0.008,0.947,1.844,2.191,0.212,0.200,0.870,0.300,1.385,0.091,0.315,1.683,0.461,0.048,0.341,1.081,0.293,0.686,0.758,0.141,0.628,0.034,0.184,0.205,0.920,0.841,0.801,1.447,0.328,0.466,0.808,0.730,0.139,0.601,0.232,0.321,0.019,0.121,0.345,0.188,0.521,0.466,0.087,0.141,0.111,0.274,1.009,1.469,0.639,0.288,0.183,0.002,0.457,0.408,1.090,0.751,0.123,0.767,1.497,0.987,0.060,0.682,0.076,0.722,0.406,0.436,1.078,0.109,0.131,0.854,1.691,1.162,2.330,1.990,3.063
0.737,0.564,0.186,0.124,0.455,0.254,0.032,0.309,0.539,0.521,0.000,0.105,0.215,1.959,0.047,1.112,1.307,0.334,0.207,0.272,0.969,1.792,2.366,0.765,0.318,0.791,0.712,1.858,0.351,0.376,1.336,0.021,0.190,0.241,1.051,0.608,1.293,1.189,0.666,1.291,0.471,1.193,0.466,0.183,0.176,0.362,0.420,0.836,1.383,1.828,0.523,0.971,1.165,0.979,0.250,0.665,0.807,0.790,0.276,1.184,0.855,0.326,0.366,0.733,0.999,0.300,0.641,0.423,0.806,0.272,0.369,0.783,0.784,0.771,0.458,0.102,0.408,1.137,0.925,0.289,0.388,0.080,1.058,0.105,0.834,0.953,0.183,0.323,0.853,1.492,1.246,2.375,1.825,3.065
1.235,1.516,0.606,0.469,0.435,0.112,1.176,0.466,1.201,0.373,0.105,0.000,0.422,1.542,1.529,0.515,1.721,0.260,0.988,0.338,0.234,1.139,2.200,1.289,0.199,1.120,1.385,2.163,0.961,1.014,1.561,0.579,0.947,0.611,1.514,0.087,2.183,2.040,1.652,2.273,1.540,2.578,1.892,1.491,1.694,1.820,2.211,2.266,2.572,2.829,1.666,1.996,1.895,1.452,0.859,1.282,1.737,1.479,1.177,1.991,1.580,1.141,1.492,2.126,2.108,0.870,0.372,1.520,1.584,0.588,1.133,1.321,1.742,0.258,0.460,1.145,0.560,1.658,0.141,1.525,0.594,1.000,2.190,1.231,2.113,0.031,1.180,1.436,1.713,2.384,2.117,2.811,2.217,3.221
2.937,2.548,2.539,2.441,1.527,1.688,1.662,1.298,1.359,1.668,0.215,0.422,0.000,0.282,0.602,0.806,1.265,0.697,1.101,1.396,0.316,2.530,4.135,2.374,1.513,2.284,1.753,2.942,1.077,0.868,1.612,0.004,0.320,0.531,0.465,1.151,0.420,0.428,0.145,0.307,0.004,0.779,0.286,0.030,0.473,0.199,0.191,0.452,0.780,1.193,0.109,0.636,0.871,0.607,0.045,0.582,0.746,0.906,0.787,1.575,0.965,0.904,0.883,0.990,1.189,0.462,0.021,0.527,1.103,0.783,0.699,0.756,0.975,0.194,0.028,0.645,0.340,2.106,0.130,1.076,0.590,1.227,1.919,0.888,2.039,0.592,1.499,1.464,1.690,1.934,1.433,2.146,1.533,2.408
1.567,1.023,1.863,1.282,1.778,1.798,1.861,1.509,0.656,0.038,1.959,1.542,0.282,0.000,0.829,0.709,0.438,1.015,1.468,0.983,0.625,2.143,2.083,1.877,1.191,1.298,0.931,1.303,0.336,0.203,0.579,0.975,0.895,1.153,0.409,1.499,0.585,0.387,0.806,0.450,0.748,0.191,0.187,0.382,0.240,0.527,0.356,0.109,0.106,0.261,0.839,0.125,0.070,0.472,1.152,0.510,0.062,0.127,0.101,0.768,0.253,0.013,0.341,0.617,0.526,0.158,0.871,0.411,0.150,0.474,0.261,0.378,0.194,1.351,0.764,0.245,0.700,1.238,0.806,0.531,0.039,0.778,1.648,0.476,1.808,0.070,0.861,0.829,0.807,1.200,0.731,1.013,0.529,1.276
1.598,1.523,1.457,0.799,0.138,0.874,0.925,0.709,0.103,0.115,0.047,1.529,0.602,0.829,0.000,0.577,0.359,0.250,0.430,0.059,1.160,2.728,4.403,1.961,0.978,1.999,1.494,3.049,1.110,0.927,1.895,0.318,0.121,0.343,0.971,0.774,0.344,0.529,0.007,0.404,0.062,0.494,0.095,0.422,0.584,0.141,0.323,0.228,0.714,1.044,0.168,0.510,0.800,0.729,0.155,0.454,0.558,0.690,0.363,1.361,0.940,0.530,0.440,0.574,0.892,0.084,0.442,0.172,0.827,0.536,0.409,0.613,0.714,0.895,0.336,0.034,0.252,1.493,0.583,0.407,0.003,0.530,1.285,0.106,1.183,0.362,0.573,0.642,0.984,1.455,1.302,2.101,1.465,2.435
0.908,1.287,1.432,0.370,1.041,1.715,3.328,2.419,1.258,0.541,1.112,0.515,0.806,0.709,0.577,0.000,0.138,0.576,1.165,0.867,0.584,1.436,1.789,2.766,0.837,1.295,1.579,1.527,1.071,0.497,0.043,0.647,1.215,1.021,0.901,2.087,0.635,0.332,0.461,0.154,0.429,0.585,0.767,0.978,1.400,0.692,1.659,1.081,0.864,0.817,0.025,0.510,0.145,0.220,1.081,0.280,0.455,0.017,0.277,1.375,0.617,0.358,1.020,1.720,1.297,0.749,0.080,0.443,0.478,0.758,0.064,0.491,0.533,1.213,0.434,0.074,0.408,0.708,0.799,1.027,0.577,1.140,2.280,1.129,2.575,0.385,1.033,1.205,0.707,0.940,0.822,0.421,0.130,0.470
0.750,1.040,1.196,0.396,1.644,2.059,4.767,3.836,2.753,0.497,1.307,1.721,1.265,0.438,0.359,0.138,0.000,0.380,1.238,1.534,0.267,0.299,0.397,2.336,0.226,0.248,1.121,0.009,0.357,0.170,1.480,1.350,1.556,1.435,1.830,2.766,0.688,0.616,0.599,0.217,0.529,0.872,1.145,1.652,2.435,1.310,3.158,1.748,1.099,0.912,0.382,0.585,0.238,0.854,1.571,0.772,0.376,0.456,0.124,1.198,0.211,0.095,1.269,2.410,1.490,1.145,0.043,0.672,0.151,1.764,0.446,1.169,0.361,1.264,0.583,0.130,0.521,0.138,1.015,1.273,0.741,1.329,2.754,1.611,3.243,0.687,1.194,1.390,0.506,0.651,0.425,0.399,0.981,0.502
0.298,0.742,0.555,0.230,0.358,0.720,2.773,2.136,1.614,0.607,0.334,0.260,0.697,1.015,0.250,0.576,0.380,0.000,0.393,0.154,0.466,0.506,0.998,1.594,0.457,0.150,0.871,0.871,0.266,0.266,1.040,0.833,1.652,1.258,1.270,2.441,0.287,0.170,0.152,0.322,0.297,1.184,1.020,1.258,1.935,1.261,2.845,1.642,1.301,1.217,0.498,0.676,0.068,0.210,1.177,0.425,0.387,0.296,0.127,1.089,0.278,0.118,0.659,1.718,1.198,0.446,0.297,0.578,0.150,1.438,0.479,0.846,0.211,1.554,0.905,0.540,0.876,0.439,1.578,0.469,0.099,0.298,1.629,0.573,1.874,0.470,0.183,0.463,0.081,0.148,0.256,0.116,0.683,0.076
0.649,1.206,0.766,0.037,0.229,0.409,1.796,1.400,1.074,0.395,0.207,0.988,1.101,1.468,0.430,1.165,1.238,0.393,0.000,0.452,0.129,0.710,2.382,1.440,0.261,0.744,1.225,2.259,0.402,0.002,0.323,0.432,1.025,1.204,1.312,3.670,0.092,0.104,0.129,0.737,0.104,1.839,0.812,0.687,0.710,1.538,2.787,1.786,1.661,1.909,1.218,1.118,0.739,0.967,0.289,0.520,0.862,0.435,0.317,1.620,0.720,0.380,0.578,1.409,1.334,0.473,0.256,1.208,0.786,0.361,0.105,0.004,0.430,1.065,0.612,0.383,0.404,0.286,1.189,0.128,0.188,0.082,1.091,0.127,1.173,0.625,0.045,0.233,0.004,0.194,0.166,0.240,0.447,0.505
0.841,0.875,0.583,0.358,0.804,0.876,2.939,2.724,3.636,0.008,0.272,0.338,1.396,0.983,0.059,0.867,1.534,0.154,0.452,0.000,0.246,0.335,0.422,1.414,0.752,0.180,0.430,0.358,0.089,0.779,1.796,1.108,1.397,1.777,1.884,3.561,0.037,0.379,0.427,0.283,0.554,1.344,0.749,0.919,1.422,1.401,3.545,1.826,1.320,1.444,0.899,0.620,0.191,0.471,1.329,0.669,0.189,0.609,0.382,0.762,0.267,0.440,0.424,1.654,1.034,0.326,0.403,0.695,0.164,1.982,0.796,1.163,0.088,1.497,1.165,0.694,0.946,0.614,1.737,0.255,0.304,0.093,1.438,0.376,1.787,0.557,0.090,0.362,0.212,0.080,0.150,0.402,1.180,0.340
1.409,1.378,1.161,1.073,2.206,1.671,4.402,4.237,4.890,0.947,0.969,0.234,0.316,0.625,1.160,0.584,0.267,0.466,0.129,0.246,0.000,0.059,0.579,1.779,0.642,0.446,0.184,0.588,0.107,0.951,2.293,1.556,1.230,1.580,1.661,2.360,0.366,0.170,0.227,0.546,0.272,1.665,1.242,1.750,2.575,1.632,3.915,1.983,1.362,1.200,0.601,0.405,0.611,1.395,1.880,1.378,0.123,1.087,0.600,0.272,0.695,0.744,0.556,1.966,1.002,0.476,0.684,0.389,0.609,2.784,1.132,1.684,0.099,1.289,1.186,0.475,0.876,0.682,1.740,0.802,0.075,0.337,1.832,1.046,2.538,0.043,0.499,0.873,0.060,0.301,0.013,0.569,1.275,0.592
1.994,1.760,1.192,1.608,2.901,1.065,3.267,3.140,4.103,1.844,1.792,1.139,2.530,2.143,2.728,1.436,0.299,0.506,0.710,0.335,0.059,0.000,0.681,1.190,0.952,0.362,0.064,0.426,0.058,0.351,0.426,0.954,0.085,0.289,0.413,0.171,1.767,1.257,0.963,1.769,0.889,2.258,1.652,1.827,2.507,1.471,2.577,1.835,1.844,1.758,0.632,0.815,0.281,0.720,0.902,0.716,0.305,0.302,0.235,0.261,0.146,0.414,0.621,1.671,1.080,0.123,0.985,0.268,0.141,1.770,0.475,0.542,0.602,0.467,0.680,0.332,0.392,0.330,1.274,1.242,0.127,0.271,1.689,1.185,2.288,0.150,0.736,1.175,0.759,1.656,1.079,1.262,0.736,1.586
2.843,3.521,1.087,2.152,2.737,0.662,1.312,0.697,1.787,2.191,2.366,2.200,4.135,2.083,4.403,1.789,0.397,0.998,2.382,0.422,0.579,0.681,0.000,0.315,1.939,0.116,0.063,0.598,0.587,1.066,2.459,0.789,2.991,2.288,3.516,4.225,4.398,3.948,3.494,4.325,3.474,4.355,3.403,3.254,3.736,2.671,2.590,2.993,3.615,3.565,1.957,2.356,2.212,0.817,1.144,0.871,1.739,1.438,1.028,0.926,1.176,0.725,1.514,2.325,2.108,0.554,0.450,1.239,1.199,0.013,1.133,1.607,2.383,1.858,0.864,2.351,1.314,2.056,0.033,2.705,0.437,0.561,1.990,2.193,2.445,0.158,1.586,2.316,2.536,4.186,3.240,4.112,3.758,4.574
0.388,0.130,0.640,0.748,1.417,0.425,1.869,1.146,0.680,0.212,0.765,1.289,2.374,1.877,1.961,2.766,2.336,1.594,1.440,1.414,1.779,1.190,0.315,0.000,1.415,0.237,0.140,0.074,1.127,1.098,1.423,0.469,0.719,1.013,1.745,1.617,1.703,1.763,1.504,1.949,1.346,1.843,1.909,1.933,2.922,1.102,1.282,1.568,1.918,1.630,0.232,1.025,0.811,0.051,0.405,0.257,0.606,0.164,0.127,0.580,0.743,0.176,0.705,1.505,1.194,0.192,1.280,0.023,0.182,1.030,0.053,0.118,1.054,0.660,0.253,0.310,0.494,0.688,1.438,1.210,0.169,0.079,1.586,0.868,1.729,0.988,0.139,0.802,0.705,2.130,1.935,2.016,1.677,2.403
0.208,1.050,1.563,0.680,2.124,0.295,1.714,0.402,0.247,0.200,0.318,0.199,1.513,1.191,0.978,0.837,0.226,0.457,0.261,0.752,0.642,0.952,1.939,1.415,0.000,0.714,0.406,1.585,0.563,0.163,0.639,0.995,0.036,0.283,0.634,1.479,0.734,0.902,0.727,1.054,0.833,1.032,1.383,1.622,2.436,0.343,0.263,0.831,1.092,0.788,0.530,0.370,0.199,1.072,1.039,0.837,0.197,0.149,0.024,0.168,0.231,0.109,0.902,1.448,0.804,0.069,1.215,0.491,0.002,1.111,0.177,0.350,0.820,0.181,0.196,0.875,0.132,1.353,0.502,2.024,0.416,1.077,2.278,2.132,3.050,0.916,1.724,1.991,1.482,2.401,1.458,1.295,1.295,1.643
1.118,2.621,1.464,1.063,1.896,0.056,1.668,0.869,0.443,0.870,0.791,1.120,2.284,1.298,1.999,1.295,0.248,0.150,0.744,0.180,0.446,0.362,0.116,0.237,0.714,0.000,0.344,0.658,0.132,0.627,1.487,0.171,1.163,1.186,1.715,2.693,1.878,1.928,1.703,2.157,1.792,2.228,2.180,2.472,3.040,1.144,0.990,1.468,1.872,1.570,0.147,0.884,0.732,0.526,0.462,0.413,0.534,0.223,0.157,0.256,0.414,0.023,0.859,1.510,1.075,0.015,1.132,0.072,0.228,0.878,0.097,0.168,1.271,0.530,0.028,1.252,0.341,1.286,0.647,2.225,0.118,0.426,1.731,1.950,2.481,0.239,1.313,2.067,1.624,3.013,2.145,2.070,1.960,2.377
0.116,1.105,0.641,0.040,1.021,0.133,1.985,1.235,0.363,0.300,0.712,1.385,1.753,0.931,1.494,1.579,1.121,0.871,1.225,0.430,0.184,0.064,0.063,0.140,0.406,0.344,0.000,0.691,0.477,1.452,0.979,0.802,0.854,1.789,1.494,2.341,1.428,1.750,1.876,2.058,1.917,2.224,3.030,3.992,4.762,1.902,1.969,2.123,2.161,1.473,0.288,1.071,0.572,0.548,0.767,0.652,0.597,0.097,0.023,0.414,0.637,0.201,1.197,2.226,1.480,0.555,0.980,0.108,0.046,1.638,0.154,0.312,1.366,0.211,0.211,0.881,0.222,0.595,1.480,2.544,0.399,0.148,1.924,2.289,2.733,0.074,0.623,1.846,0.638,2.000,2.027,1.046,1.061,1.304
1.569,2.930,1.084,1.262,1.832,0.272,1.728,1.186,1.326,1.385,1.858,2.163,2.942,1.303,3.049,1.527,0.009,0.871,2.259,0.358,0.588,0.426,0.598,0.074,1.585,0.658,0.691,0.000,0.145,0.829,2.228,1.037,3.077,2.561,3.252,4.151,3.806,3.648,3.334,4.032,3.404,4.418,3.642,3.867,4.246,2.773,2.673,2.857,3.362,3.029,1.510,1.888,1.575,0.146,0.422,0.150,1.176,0.736,0.429,0.346,0.599,0.092,1.051,2.040,1.702,0.232,0.860,0.803,0.549,0.928,0.485,0.853,2.011,1.661,0.431,1.900,1.054,0.755,0.738,2.486,0.110,0.168,1.356,1.957,2.062,0.247,0.951,1.942,1.759,3.687,3.129,3.251,2.871,3.422
0.475,1.329,0.884,0.156,1.048,0.533,2.616,1.708,0.923,0.091,0.351,0.961,1.077,0.336,1.110,1.071,0.357,0.266,0.402,0.089,0.107,0.058,0.587,1.127,0.563,0.132,0.477,0.145,0.000,0.040,0.213,0.674,0.461,0.029,0.316,0.335,0.762,0.799,0.733,1.197,0.680,1.737,1.753,2.286,2.992,1.296,2.092,1.593,1.532,1.212,0.178,0.647,0.160,0.617,1.136,0.674,0.301,0.315,0.182,0.604,0.197,0.265,0.694,1.682,1.091,0.262,0.757,0.153,0.015,1.548,0.464,0.706,0.546,0.902,0.703,0.040,0.611,0.286,1.502,1.176,0.100,0.238,1.654,1.172,2.197,0.268,0.470,0.986,0.316,1.127,1.004,0.575,0.240,0.834
0.865,2.147,1.605,0.686,1.113,0.781,2.593,1.636,0.660,0.315,0.376,1.014,0.868,0.203,0.927,0.497,0.170,0.266,0.002,0.779,0.951,0.351,1.066,1.098,0.163,0.627,1.452,0.829,0.040,0.000,0.652,0.486,0.197,0.315,0.044,0.855,0.495,0.651,0.795,1.111,0.970,1.982,2.435,3.635,3.728,1.793,2.273,1.808,1.555,1.068,0.212,0.645,0.045,0.975,1.325,0.728,0.391,0.252,0.246,0.832,0.218,0.146,1.179,2.112,1.389,1.030,0.131,0.438,0.207,1.426,0.249,0.864,0.859,0.009,0.223,0.693,0.340,0.411,0.786,2.137,0.656,0.798,2.049,2.159,2.855,0.736,1.284,1.928,0.776,1.236,1.147,0.141,0.178,0.094
2.626,4.224,3.036,2.620,2.131,1.205,2.629,1.839,1.382,1.683,1.336,1.561,1.612,0.579,1.895,0.043,1.480,1.040,0.323,1.796,2.293,0.426,2.459,1.423,0.639,1.487,0.979,2.228,0.213,0.652,0.000,0.911,2.164,0.582,0.810,3.028,2.030,1.771,1.494,2.230,2.111,3.449,2.350,2.872,2.439,1.839,1.859,1.612,1.747,1.603,0.564,0.627,0.314,1.318,0.803,0.505,0.401,0.254,0.751,0.444,0.324,0.521,1.035,1.587,1.103,0.937,0.083,0.630,0.493,0.527,0.319,0.093,1.299,2.445,0.334,2.194,1.912,1.210,0.638,2.690,0.737,0.962,1.683,2.594,2.809,1.553,2.331,2.731,2.334,3.095,1.649,1.409,1.136,1.168
0.231,1.382,0.564,0.127,0.090,0.183,1.755,0.949,0.395,0.461,0.021,0.579,0.004,0.975,0.318,0.647,1.350,0.833,0.432,1.108,1.556,0.954,0.789,0.469,0.995,0.171,0.802,1.037,0.674,0.486,0.911,0.000,0.334,0.598,0.086,0.133,1.163,1.578,1.768,2.178,1.750,3.435,3.044,3.301,3.670,3.000,3.554,2.995,2.857,2.546,1.693,1.823,1.182,0.515,0.109,0.469,1.376,0.682,0.761,1.601,0.976,0.625,1.360,2.495,2.080,1.055,0.446,1.576,1.012,0.708,0.444,0.150,1.372,0.074,0.010,0.771,0.295,0.498,0.905,1.458,0.179,0.334,1.718,1.443,1.971,0.159,0.645,1.051,0.632,0.954,1.219,0.603,0.364,0.906
0.894,2.048,1.395,0.634,0.029,0.034,0.825,0.430,0.320,0.048,0.190,0.947,0.320,0.895,0.121,1.215,1.556,1.652,1.025,1.397,1.230,0.085,2.991,0.719,0.036,1.163,0.854,3.077,0.461,0.197,2.164,0.334,0.000,0.421,1.088,1.093,0.497,0.863,0.521,1.027,0.588,1.389,0.333,0.060,0.153,0.064,0.307,0.279,0.844,1.106,0.130,0.394,0.691,0.312,0.296,0.293,0.430,0.598,0.326,0.961,0.516,0.377,0.146,0.369,0.524,0.263,0.408,0.128,0.712,0.474,0.293,0.497,0.558,0.224,0.575,0.349,0.020,0.585,0.641,0.437,0.507,0.082,0.589,0.311,0.807,0.394,0.464,0.520,0.791,1.086,0.765,1.871,1.345,2.017
0.653,1.948,1.451,0.381,0.116,0.326,1.460,0.765,0.279,0.341,0.241,0.611,0.531,1.153,0.343,1.021,1.435,1.258,1.204,1.777,1.580,0.289,2.288,1.013,0.283,1.186,1.789,2.561,0.029,0.315,0.582,0.598,0.421,0.000,0.819,0.349,0.836,0.017,0.609,0.525,1.102,1.946,1.903,1.715,1.204,1.787,1.416,1.705,1.716,1.691,1.052,1.369,1.272,1.061,0.115,1.134,1.478,1.455,1.563,2.392,1.577,1.650,1.447,1.836,1.921,1.395,1.364,1.749,1.853,1.151,1.350,0.919,1.626,0.865,0.707,1.184,1.311,0.306,0.347,1.356,0.698,0.880,1.554,1.449,1.707,0.597,1.231,1.249,1.140,0.220,0.533,0.460,0.125,0.006
2.221,3.253,2.422,1.923,1.106,1.035,2.094,1.558,1.156,1.081,1.051,1.514,0.465,0.409,0.971,0.901,1.830,1.270,1.312,1.884,1.661,0.413,3.516,1.745,0.634,1.715,1.494,3.252,0.316,0.044,0.810,0.086,1.088,0.819,0.000,0.014,1.804,1.059,0.563,1.514,0.873,2.957,1.019,1.119,0.439,1.259,1.494,1.160,1.350,1.683,0.760,0.746,0.732,0.268,0.174,0.437,0.700,0.769,0.814,1.313,0.431,0.807,0.739,1.115,1.123,0.682,0.410,0.981,1.001,0.474,0.590,0.523,0.897,0.847,0.002,0.998,0.916,0.929,0.118,1.218,0.347,0.666,1.279,1.187,1.841,0.624,1.358,1.475,1.381,1.235,0.765,1.555,0.750,1.446
2.138,3.551,2.897,2.075,0.300,0.869,0.940,0.212,0.754,0.293,0.608,0.087,1.151,1.499,0.774,2.087,2.766,2.441,3.670,3.561,2.360,0.171,4.225,1.617,1.479,2.693,2.341,4.151,0.335,0.855,3.028,0.133,1.093,0.349,0.014,0.000,1.252,0.123,0.264,0.297,0.516,0.654,0.040,0.315,1.878,0.065,0.918,0.007,0.488,1.354,0.441,0.970,1.833,1.505,1.212,2.002,1.600,2.476,2.312,2.552,1.799,2.420,1.501,0.977,1.505,1.242,1.511,1.412,2.593,3.347,2.265,2.473,1.841,2.192,1.232,2.372,2.156,3.159,2.041,1.853,1.241,1.839,1.971,1.758,2.090,1.653,2.667,2.270,3.145,2.606,1.583,3.427,3.089,3.320
1.503,2.005,1.710,1.008,0.061,0.708,1.021,1.073,0.467,0.686,1.293,2.183,0.420,0.585,0.344,0.635,0.688,0.287,0.092,0.037,0.366,1.767,4.398,1.703,0.734,1.878,1.428,3.806,0.762,0.495,2.030,1.163,0.497,0.836,1.804,1.252,0.000,0.010,0.696,0.043,0.878,0.259,1.256,1.555,2.791,0.792,0.934,0.754,0.130,0.648,0.452,0.118,0.525,1.155,0.117,0.565,0.058,0.568,0.001,1.108,0.491,0.267,0.525,0.648,0.062,0.595,0.423,0.003,0.629,0.961,0.168,0.684,0.043,0.923,0.809,0.690,0.310,0.425,0.852,0.741,0.679,0.412,0.160,0.942,0.030,0.826,0.235,0.218,0.046,0.315,0.087,1.755,0.841,2.238
1.574,2.415,2.037,1.197,0.267,0.905,1.527,1.369,0.569,0.758,1.189,2.040,0.428,0.387,0.529,0.332,0.616,0.170,0.104,0.379,0.170,1.257,3.948,1.763,0.902,1.928,1.750,3.648,0.799,0.651,1.771,1.578,0.863,0.017,1.059,0.123,0.010,0.000,0.516,0.471,0.370,1.390,0.672,0.422,1.874,0.089,0.047,0.303,0.090,0.883,0.044,0.114,0.735,1.529,0.156,0.937,0.373,0.973,0.546,1.535,0.745,0.806,0.126,0.246,0.381,0.113,0.414,0.670,1.091,1.474,0.652,1.065,0.267,0.219,0.190,0.112,0.580,0.259,0.190,0.211,0.148,0.061,0.012,0.252,0.396,0.140,0.258,0.292,0.260,0.707,0.119,0.800,0.153,1.101
0.964,1.849,1.575,0.534,0.319,0.593,1.221,1.026,0.025,0.141,0.666,1.652,0.145,0.806,0.007,0.461,0.599,0.152,0.129,0.427,0.227,0.963,3.494,1.504,0.727,1.703,1.876,3.334,0.733,0.795,1.494,1.768,0.521,0.609,0.563,0.264,0.696,0.516,0.000,0.448,0.081,0.547,0.524,0.343,1.893,0.492,0.136,0.130,0.564,1.701,1.039,0.995,1.822,3.358,1.438,2.226,1.298,1.966,1.232,2.473,1.746,1.526,0.260,0.063,0.885,0.589,1.368,1.706,2.028,2.436,1.453,2.088,0.636,0.405,0.387,0.043,0.843,0.012,0.095,0.343,0.074,0.026,0.014,0.321,0.149,0.176,0.103,0.077,0.047,1.314,0.252,0.147,0.417,0.003
1.442,2.116,1.848,0.928,0.080,0.918,1.311,1.312,0.476,0.628,1.291,2.273,0.307,0.450,0.404,0.154,0.217,0.322,0.737,0.283,0.546,1.769,4.325,1.949,1.054,2.157,2.058,4.032,1.197,1.111,2.230,2.178,1.027,0.525,1.514,0.297,0.043,0.471,0.448,0.000,0.545,0.715,0.980,0.929,2.881,0.003,0.343,0.489,0.077,1.187,0.355,0.457,1.356,2.813,1.021,1.723,0.747,1.506,0.741,2.047,1.368,1.107,0.130,0.462,0.566,0.126,0.681,0.999,1.521,2.148,1.044,1.773,0.453,0.025,0.045,0.388,0.550,0.401,0.174,0.599,0.111,0.104,0.160,0.777,0.011,0.415,0.068,0.019,0.098,0.832,0.181,1.268,0.620,1.818
0.805,1.770,1.562,0.430,0.400,0.491,0.967,0.771,0.385,0.034,0.471,1.540,0.004,0.748,0.062,0.429,0.529,0.297,0.104,0.554,0.272,0.889,3.474,1.346,0.833,1.792,1.917,3.404,0.680,0.970,2.111,1.750,0.588,1.102,0.873,0.516,0.878,0.370,0.081,0.545,0.000,0.137,1.040,0.680,2.245,0.415,1.034,0.736,0.171,0.744,0.028,0.572,1.676,2.758,1.090,1.952,1.108,2.039,1.274,2.406,1.921,1.636,0.208,0.231,0.697,0.403,1.108,1.138,2.043,2.756,1.634,2.359,0.841,0.480,0.505,0.085,0.960,0.265,0.246,0.323,0.066,0.068,0.034,0.308,0.052,0.140,0.180,0.087,0.238,1.204,0.029,0.392,0.577,0.788
0.702,1.226,1.155,0.003,0.588,0.646,0.885,1.068,0.052,0.184,1.193,2.578,0.779,0.191,0.494,0.585,0.872,1.184,1.839,1.344,1.665,2.258,4.355,1.843,1.032,2.228,2.224,4.418,1.737,1.982,3.449,3.435,1.389,1.946,2.957,0.654,0.259,1.390,0.547,0.715,0.137,0.000,1.159,1.812,3.074,0.862,1.576,0.712,0.385,0.806,0.454,0.423,1.249,2.561,0.526,1.255,0.575,1.155,0.212,1.948,1.714,0.722,0.415,0.705,0.507,0.479,0.113,0.266,1.154,1.618,0.724,1.451,0.505,1.583,0.265,1.306,0.273,0.200,1.041,1.343,0.530,0.564,0.435,1.637,0.707,1.298,0.977,0.831,0.581,0.943,0.978,2.203,1.253,2.300
0.340,1.099,1.278,0.247,0.402,0.962,1.583,1.344,0.254,0.205,0.466,1.892,0.286,0.187,0.095,0.767,1.145,1.020,0.812,0.749,1.242,1.652,3.403,1.909,1.383,2.180,3.030,3.642,1.753,2.435,2.350,3.044,0.333,1.903,1.019,0.040,1.256,0.672,0.524,0.980,1.040,1.159,0.000,0.398,0.152,0.018,0.492,0.213,0.097,0.280,0.816,0.462,0.802,2.247,0.294,1.086,0.898,1.137,0.889,3.132,2.704,1.590,0.745,0.623,1.686,1.038,1.136,0.931,1.645,1.540,1.138,0.773,1.029,1.717,0.719,1.412,0.340,0.139,0.469,0.598,0.672,0.452,0.652,0.477,0.358,0.253,0.306,0.168,0.744,2.063,0.702,0.273,0.666,0.306
0.413,0.221,0.742,1.117,1.038,0.813,1.194,0.904,1.038,0.920,0.183,1.491,0.030,0.382,0.422,0.978,1.652,1.258,0.687,0.919,1.750,1.827,3.254,1.933,1.622,2.472,3.992,3.867,2.286,3.635,2.872,3.301,0.060,1.715,1.119,0.315,1.555,0.422,0.343,0.929,0.680,1.812,0.398,0.000,0.450,0.605,1.596,0.033,0.272,0.017,0.733,0.808,1.111,2.201,0.052,1.251,1.248,1.356,1.150,3.485,3.106,1.875,1.384,1.222,2.138,1.337,1.118,0.853,1.883,1.647,1.368,0.962,1.460,2.588,1.022,1.142,0.048,0.590,0.436,0.329,1.231,1.061,1.588,0.388,0.656,0.369,0.243,0.173,0.299,0.787,1.785,0.537,0.173,0.490
0.007,0.569,1.269,0.862,0.758,1.756,2.252,1.782,0.507,0.841,0.176,1.694,0.473,0.240,0.584,1.400,2.435,1.935,0.710,1.422,2.575,2.507,3.736,2.922,2.436,3.040,4.762,4.246,2.992,3.728,2.439,3.670,0.153,1.204,0.439,1.878,2.791,1.874,1.893,2.881,2.245,3.074,0.152,0.450,0.000,0.387,0.288,0.219,0.560,0.843,0.690,0.902,0.924,2.897,0.233,1.657,1.646,1.557,1.786,4.960,3.999,2.706,2.355,2.372,3.180,2.906,2.659,1.932,2.509,1.986,1.765,0.784,1.443,2.252,1.590,1.409,0.539,0.697,0.211,0.022,2.353,2.152,2.637,0.125,1.583,0.599,0.344,0.421,0.296,1.463,1.226,0.480,1.217,1.059
0.669,0.236,0.002,1.395,1.271,0.056,0.748,0.812,0.618,0.801,0.362,1.820,0.199,0.527,0.141,0.692,1.310,1.261,1.538,1.401,1.632,1.471,2.671,1.102,0.343,1.144,1.902,2.773,1.296,1.793,1.839,3.000,0.064,1.787,1.259,0.065,0.792,0.089,0.492,0.003,0.415,0.862,0.018,0.605,0.387,0.000,0.344,0.505,0.932,0.472,0.364,0.847,1.000,2.761,0.102,1.035,0.801,0.664,0.192,2.529,2.404,0.457,0.401,0.052,0.993,0.350,0.089,0.544,0.983,0.635,0.248,0.458,0.033,3.603,0.603,3.074,1.436,1.629,2.247,2.558,0.868,1.165,0.787,2.364,1.371,2.074,2.257,2.052,2.546,3.148,0.030,0.227,0.566,0.160
1.736,1.986,1.299,2.918,2.233,0.085,0.387,0.931,0.718,1.447,0.420,2.211,0.191,0.356,0.323,1.659,3.158,2.845,2.787,3.545,3.915,2.577,2.590,1.282,0.263,0.990,1.969,2.673,2.092,2.273,1.859,3.554,0.307,1.416,1.494,0.918,0.934,0.047,0.136,0.343,1.034,1.576,0.492,1.596,0.288,0.344,0.000,0.403,0.663,0.173,0.555,0.789,0.777,3.241,0.252,0.885,0.562,0.125,1.088,2.557,2.489,0.233,0.967,0.494,0.755,1.060,0.612,0.102,0.420,0.081,0.374,0.030,0.419,4.813,1.057,4.413,2.563,2.110,3.547,4.032,1.400,1.968,1.470,4.673,3.031,3.818,4.249,3.680,3.715,3.057,0.093,0.097,0.806,0.182
0.176,0.254,0.491,0.925,0.817,0.604,1.319,1.415,0.080,0.328,0.836,2.266,0.452,0.109,0.228,1.081,1.748,1.642,1.786,1.826,1.983,1.835,2.993,1.568,0.831,1.468,2.123,2.857,1.593,1.808,1.612,2.995,0.279,1.705,1.160,0.007,0.754,0.303,0.130,0.489,0.736,0.712,0.213,0.033,0.219,0.505,0.403,0.000,0.102,0.906,0.942,0.670,0.717,4.018,0.141,1.370,0.720,0.568,0.273,3.186,2.970,0.661,0.636,0.666,0.772,0.189,0.929,1.181,1.087,0.910,0.292,0.299,0.350,2.212,0.049,3.471,0.655,1.727,1.752,2.326,0.344,1.029,1.290,2.424,1.390,1.572,2.240,1.689,2.824,3.195,0.348,0.984,1.636,1.133
0.852,1.486,1.450,0.267,0.058,1.010,1.751,1.766,0.562,0.466,1.383,2.572,0.780,0.106,0.714,0.864,1.099,1.301,1.661,1.320,1.362,1.844,3.615,1.918,1.092,1.872,2.161,3.362,1.532,1.555,1.747,2.857,0.844,1.716,1.350,0.488,0.130,0.090,0.564,0.077,0.171,0.385,0.097,0.272,0.560,0.932,0.663,0.102,0.000,0.172,0.022,0.355,0.890,4.024,0.305,1.454,0.499,0.938,0.213,2.438,1.987,0.869,0.454,0.622,0.513,0.351,0.981,1.260,1.202,1.447,0.648,0.929,0.024,0.635,0.188,1.761,0.298,0.966,0.797,1.219,0.079,0.566,0.867,1.265,0.517,0.705,1.009,0.637,1.474,2.401,0.257,0.709,1.534,1.041
0.992,1.565,1.419,0.480,0.041,0.791,1.493,1.697,0.739,0.808,1.828,2.829,1.193,0.261,1.044,0.817,0.912,1.217,1.909,1.444,1.200,1.758,3.565,1.630,0.788,1.570,1.473,3.029,1.212,1.068,1.603,2.546,1.106,1.691,1.683,1.354,0.648,0.883,1.701,1.187,0.744,0.806,0.280,0.017,0.843,0.472,0.173,0.906,0.172,0.000,0.224,0.703,0.766,4.643,1.009,1.353,0.482,0.480,0.617,1.175,0.877,0.024,1.587,2.049,0.728,0.553,0.148,0.365,0.379,1.315,0.052,1.023,0.609,0.205,0.248,1.863,0.133,1.385,1.111,1.657,0.757,1.447,2.128,1.899,1.316,1.189,1.587,1.055,1.874,2.362,0.548,0.460,1.043,0.530
0.775,0.294,0.342,1.389,1.458,0.617,0.152,0.409,0.690,0.730,0.523,1.666,0.109,0.839,0.168,0.025,0.382,0.498,1.218,0.899,0.601,0.632,1.957,0.232,0.530,0.147,0.288,1.510,0.178,0.212,0.564,1.693,0.130,1.052,0.760,0.441,0.452,0.044,1.039,0.355,0.028,0.454,0.816,0.733,0.690,0.364,0.555,0.942,0.022,0.224,0.000,0.278,0.959,5.285,0.676,1.831,0.058,0.051,1.622,1.060,1.174,0.863,2.628,2.961,1.579,1.555,0.383,0.007,0.020,0.422,0.813,0.077,1.589,1.819,1.161,3.624,1.299,3.007,2.610,3.164,1.919,2.822,3.535,3.425,2.919,2.731,3.399,2.700,3.756,3.733,1.502,1.492,1.718,1.173
0.308,1.044,0.959,0.112,0.227,0.401,1.401,1.324,0.150,0.139,0.971,1.996,0.636,0.125,0.510,0.510,0.585,0.676,1.118,0.620,0.405,0.815,2.356,1.025,0.370,0.884,1.071,1.888,0.647,0.645,0.627,1.823,0.394,1.369,0.746,0.970,0.118,0.114,0.995,0.457,0.572,0.423,0.462,0.808,0.902,0.847,0.789,0.670,0.355,0.703,0.278,0.000,0.112,3.367,0.591,0.939,0.039,0.035,0.376,1.647,1.310,0.184,0.986,0.751,0.423,0.137,1.024,1.424,0.529,0.526,0.128,0.295,0.699,0.198,0.009,1.663,0.132,2.080,1.062,1.188,0.494,1.239,1.741,1.047,0.897,0.850,1.397,0.923,2.196,2.637,0.947,1.644,2.078,1.996
0.847,1.785,1.459,0.659,0.265,0.359,1.442,1.263,0.365,0.601,1.165,1.895,0.871,0.070,0.800,0.145,0.238,0.068,0.739,0.191,0.611,0.281,2.212,0.811,0.199,0.732,0.572,1.575,0.160,0.045,0.314,1.182,0.691,1.272,0.732,1.833,0.525,0.735,1.822,1.356,1.676,1.249,0.802,1.111,0.924,1.000,0.777,0.717,0.890,0.766,0.959,0.112,0.000,1.282,0.027,0.510,0.310,0.217,0.026,0.274,0.490,0.100,0.868,0.609,0.700,0.063,0.744,0.949,0.341,0.743,0.053,0.118,0.398,1.294,0.126,0.053,0.827,1.710,0.306,0.289,0.496,1.108,1.568,0.065,0.372,0.265,0.480,0.197,1.086,1.732,0.946,1.416,1.447,1.656
0.369,1.336,0.635,0.153,0.082,0.345,1.393,1.079,0.580,0.232,0.979,1.452,0.607,0.472,0.729,0.220,0.854,0.210,0.967,0.471,1.395,0.720,0.817,0.051,1.072,0.526,0.548,0.146,0.617,0.975,1.318,0.515,0.312,1.061,0.268,1.505,1.155,1.529,3.358,2.813,2.758,2.561,2.247,2.201,2.897,2.761,3.241,4.018,4.024,4.643,5.285,3.367,1.282,0.000,0.256,0.168,1.177,0.766,0.384,0.530,1.940,0.881,0.418,1.262,0.279,0.171,0.509,2.519,0.408,2.660,0.912,1.449,0.250,1.084,0.434,0.195,0.329,2.979,1.361,0.030,1.026,1.728,1.337,0.289,0.153,0.851,0.878,0.374,1.473,1.710,1.280,1.944,1.941,1.927
0.104,0.855,0.439,0.226,0.742,0.837,0.245,0.095,0.637,0.321,0.250,0.859,0.045,1.152,0.155,1.081,1.571,1.177,0.289,1.329,1.880,0.902,1.144,0.405,1.039,0.462,0.767,0.422,1.136,1.325,0.803,0.109,0.296,0.115,0.174,1.212,0.117,0.156,1.438,1.021,1.090,0.526,0.294,0.052,0.233,0.102,0.252,0.141,0.305,1.009,0.676,0.591,0.027,0.256,0.000,0.544,0.573,0.428,0.769,0.823,1.863,0.937,1.894,1.483,1.878,1.159,0.279,0.003,0.316,0.167,1.019,0.779,1.610,0.496,1.185,0.649,0.264,2.735,1.296,1.288,1.764,2.221,2.544,0.997,1.410,1.336,1.369,1.222,1.901,2.650,2.158,2.235,1.893,1.774
0.042,0.998,0.538,0.082,0.252,0.569,0.723,0.537,0.222,0.019,0.665,1.282,0.582,0.510,0.454,0.280,0.772,0.425,0.520,0.669,1.378,0.716,0.871,0.257,0.837,0.413,0.652,0.150,0.674,0.728,0.505,0.469,0.293,1.134,0.437,2.002,0.565,0.937,2.226,1.723,1.952,1.255,1.086,1.251,1.657,1.035,0.885,1.370,1.454,1.353,1.831,0.939,0.510,0.168,0.544,0.000,0.278,0.638,0.563,1.460,1.614,0.888,1.228,0.413,1.058,0.444,0.300,0.841,0.785,0.793,0.618,0.435,0.567,1.217,0.172,0.177,0.377,2.683,0.841,0.452,1.157,2.042,2.438,0.154,1.024,0.879,1.152,0.739,1.643,1.777,1.236,1.566,1.069,1.410
0.190,1.025,0.914,0.086,0.104,0.196,1.258,1.095,0.077,0.121,0.807,1.737,0.746,0.062,0.558,0.455,0.376,0.387,0.862,0.189,0.123,0.305,1.739,0.606,0.197,0.534,0.597,1.176,0.301,0.391,0.401,1.376,0.430,1.478,0.700,1.600,0.058,0.373,1.298,0.747,1.108,0.575,0.898,1.248,1.646,0.801,0.562,0.720,0.499,0.482,0.058,0.039,0.310,1.177,0.573,0.278,0.000,0.335,0.174,0.931,0.905,0.175,0.762,0.390,0.629,0.307,1.379,1.046,0.390,0.375,0.033,0.416,0.384,0.575,0.407,0.640,0.501,2.129,0.562,0.552,0.343,1.218,1.868,0.271,0.746,0.464,1.066,0.613,1.859,2.011,0.799,1.520,1.474,1.763
0.448,1.472,1.144,0.392,0.150,0.088,0.990,0.757,0.158,0.345,0.790,1.479,0.906,0.127,0.690,0.017,0.456,0.296,0.435,0.609,1.087,0.302,1.438,0.164,0.149,0.223,0.097,0.736,0.315,0.252,0.254,0.682,0.598,1.455,0.769,2.476,0.568,0.973,1.966,1.506,2.039,1.155,1.137,1.356,1.557,0.664,0.125,0.568,0.938,0.480,0.051,0.035,0.217,0.766,0.428,0.638,0.335,0.000,0.000,0.939,1.280,0.252,0.986,0.542,1.212,0.251,0.176,0.128,0.059,0.614,0.035,0.002,0.184,1.786,0.287,0.941,0.945,1.949,0.151,0.129,0.694,1.388,1.847,0.458,0.458,0.216,0.379,0.138,0.946,1.200,0.791,1.059,0.346,0.733
0.278,0.618,0.622,0.367,0.259,0.288,0.543,0.349,0.877,0.188,0.276,1.177,0.787,0.101,0.363,0.277,0.124,0.127,0.317,0.382,0.600,0.235,1.028,0.127,0.024,0.157,0.023,0.429,0.182,0.246,0.751,0.761,0.326,1.563,0.814,2.312,0.001,0.546,1.232,0.741,1.274,0.212,0.889,1.150,1.786,0.192,1.088,0.273,0.213,0.617,1.622,0.376,0.026,0.384,0.769,0.563,0.174,0.000,0.000,0.249,1.079,0.398,1.085,0.741,1.411,0.447,0.331,2.011,0.327,0.906,0.303,0.108,0.022,0.891,0.711,0.425,0.582,1.879,0.189,0.039,0.516,1.419,2.240,0.492,0.867,0.311,0.809,0.492,1.490,1.047,0.367,0.763,0.013,0.397
0.332,1.184,0.917,0.111,0.705,0.434,1.968,1.601,0.538,0.521,1.184,1.991,1.575,0.768,1.361,1.375,1.198,1.089,1.620,0.762,0.272,0.261,0.926,0.580,0.168,0.256,0.414,0.346,0.604,0.832,0.444,1.601,0.961,2.392,1.313,2.552,1.108,1.535,2.473,2.047,2.406,1.948,3.132,3.485,4.960,2.529,2.557,3.186,2.438,1.175,1.060,1.647,0.274,0.530,0.823,1.460,0.931,0.939,0.249,0.000,1.289,0.556,1.687,3.831,1.588,1.786,1.233,1.462,0.958,3.018,0.336,0.839,1.034,1.230,1.337,0.747,1.056,2.297,0.703,1.311,0.464,0.827,0.351,1.854,0.702,0.157,0.424,0.416,1.209,0.449,0.375,0.663,0.421,0.682
0.658,1.731,1.433,0.534,0.710,0.570,2.127,1.571,0.503,0.466,0.855,1.580,0.965,0.253,0.940,0.617,0.211,0.278,0.720,0.267,0.695,0.146,1.176,0.743,0.231,0.414,0.637,0.599,0.197,0.218,0.324,0.976,0.516,1.577,0.431,1.799,0.491,0.745,1.746,1.368,1.921,1.714,2.704,3.106,3.999,2.404,2.489,2.970,1.987,0.877,1.174,1.310,0.490,1.940,1.863,1.614,0.905,1.280,1.079,1.289,0.000,0.767,1.674,3.097,1.665,2.050,2.096,2.492,0.319,2.437,0.108,1.958,0.779,1.588,1.217,1.223,1.413,2.047,0.073,1.519,0.670,0.007,0.439,2.214,1.345,0.821,0.603,0.909,0.550,0.887,0.379,1.711,1.607,1.958
0.178,0.786,0.682,0.227,0.001,0.251,0.807,0.490,0.648,0.087,0.326,1.141,0.904,0.013,0.530,0.358,0.095,0.118,0.380,0.440,0.744,0.414,0.725,0.176,0.109,0.023,0.201,0.092,0.265,0.146,0.521,0.625,0.377,1.650,0.807,2.420,0.267,0.806,1.526,1.107,1.636,0.722,1.590,1.875,2.706,0.457,0.233,0.661,0.869,0.024,0.863,0.184,0.100,0.881,0.937,0.888,0.175,0.252,0.398,0.556,0.767,0.000,0.260,0.764,0.501,0.135,0.375,0.976,0.022,0.451,0.040,0.422,0.477,1.198,0.951,1.167,0.828,2.087,0.264,0.902,0.312,1.193,1.233,1.529,0.100,0.011,0.290,0.017,1.047,0.569,0.152,0.683,0.065,0.296
0.237,0.468,0.855,0.483,0.045,0.498,1.317,1.046,0.550,0.141,0.366,1.492,0.883,0.341,0.440,1.020,1.269,0.659,0.578,0.424,0.556,0.621,1.514,0.705,0.902,0.859,1.197,1.051,0.694,1.179,1.035,1.360,0.146,1.447,0.739,1.501,0.525,0.126,0.260,0.130,0.208,0.415,0.745,1.384,2.355,0.401,0.967,0.636,0.454,1.587,2.628,0.986,0.868,0.418,1.894,1.228,0.762,0.986,1.085,1.687,1.674,0.260,0.000,0.133,0.829,0.972,0.085,2.449,0.361,0.301,0.640,1.084,0.280,0.709,0.651,1.660,0.004,1.792,0.975,0.209,0.466,0.403,0.919,0.440,0.191,0.009,1.031,0.498,2.546,1.508,0.142,1.072,0.900,1.048
0.223,0.221,0.766,0.777,0.195,1.003,1.718,1.619,0.198,0.111,0.733,2.126,0.990,0.617,0.574,1.720,2.410,1.718,1.409,1.654,1.966,1.671,2.325,1.505,1.448,1.510,2.226,2.040,1.682,2.112,1.587,2.495,0.369,1.836,1.115,0.977,0.648,0.246,0.063,0.462,0.231,0.705,0.623,1.222,2.372,0.052,0.494,0.666,0.622,2.049,2.961,0.751,0.609,1.262,1.483,0.413,0.390,0.542,0.741,3.831,3.097,0.764,0.133,0.000,0.466,1.387,1.305,1.365,0.267,0.216,0.100,0.678,0.137,1.574,0.790,3.043,0.236,1.570,1.245,1.295,0.752,0.265,0.926,1.362,0.790,0.564,1.961,1.077,2.914,2.102,0.128,1.005,1.306,1.310
0.243,0.936,1.046,0.142,0.218,0.743,1.822,1.614,0.230,0.274,0.999,2.108,1.189,0.526,0.892,1.297,1.490,1.198,1.334,1.034,1.002,1.080,2.108,1.194,0.804,1.075,1.480,1.702,1.091,1.389,1.103,2.080,0.524,1.921,1.123,1.505,0.062,0.381,0.885,0.566,0.697,0.507,1.686,2.138,3.180,0.993,0.755,0.772,0.513,0.728,1.579,0.423,0.700,0.279,1.878,1.058,0.629,1.212,1.411,1.588,1.665,0.501,0.829,0.466,0.000,0.424,0.205,1.103,0.558,0.918,1.273,1.280,0.470,0.844,0.094,2.410,0.118,2.313,1.791,0.671,0.095,1.016,1.108,0.380,0.233,0.605,1.395,0.660,2.966,2.086,0.165,1.078,1.219,1.049
1.357,0.837,0.404,1.692,0.898,0.430,0.400,0.198,1.353,1.009,0.300,0.870,0.462,0.158,0.084,0.749,1.145,0.446,0.473,0.326,0.476,0.123,0.554,0.192,0.069,0.015,0.555,0.232,0.262,1.030,0.937,1.055,0.263,1.395,0.682,1.242,0.595,0.113,0.589,0.126,0.403,0.479,1.038,1.337,2.906,0.350,1.060,0.189,0.351,0.553,1.555,0.137,0.063,0.171,1.159,0.444,0.307,0.251,0.447,1.786,2.050,0.135,0.972,1.387,0.424,0.000,0.739,1.123,0.238,0.467,0.236,0.585,0.205,1.633,0.248,1.596,1.094,2.252,2.833,0.667,0.393,1.578,0.348,0.244,1.097,1.512,2.768,1.712,2.966,1.187,0.133,0.621,0.293,0.294
1.848,1.168,1.198,2.141,1.488,1.509,0.509,0.630,1.853,1.469,0.641,0.372,0.021,0.871,0.442,0.080,0.043,0.297,0.256,0.403,0.684,0.985,0.450,1.280,1.215,1.132,0.980,0.860,0.757,0.131,0.083,0.446,0.408,1.364,0.410,1.511,0.423,0.414,1.368,0.681,1.108,0.113,1.136,1.118,2.659,0.089,0.612,0.929,0.981,0.148,0.383,1.024,0.744,0.509,0.279,0.300,1.379,0.176,0.331,1.233,2.096,0.375,0.085,1.305,0.205,0.739,0.000,0.380,0.669,0.506,0.055,0.281,0.000,0.548,0.193,0.788,0.699,3.098,2.053,0.844,1.312,2.812,3.090,0.534,2.105,1.981,2.850,1.879,2.813,1.606,0.581,1.060,0.340,0.540
0.853,0.258,0.318,1.329,1.017,0.597,0.379,0.440,0.739,0.639,0.423,1.520,0.527,0.411,0.172,0.443,0.672,0.578,1.208,0.695,0.389,0.268,1.239,0.023,0.491,0.072,0.108,0.803,0.153,0.438,0.630,1.576,0.128,1.749,0.981,1.412,0.003,0.670,1.706,0.999,1.138,0.266,0.931,0.853,1.932,0.544,0.102,1.181,1.260,0.365,0.007,1.424,0.949,2.519,0.003,0.841,1.046,0.128,2.011,1.462,2.492,0.976,2.449,1.365,1.103,1.123,0.380,0.000,0.030,0.242,0.725,0.153,0.686,1.002,0.404,2.639,0.819,3.145,2.497,2.080,1.509,2.731,3.448,2.201,2.326,2.218,3.104,2.158,3.706,2.669,0.798,1.097,0.874,0.705
0.248,1.202,0.967,0.148,0.204,0.011,1.103,0.864,0.172,0.288,0.806,1.584,1.103,0.150,0.827,0.478,0.151,0.150,0.786,0.164,0.609,0.141,1.199,0.182,0.002,0.228,0.046,0.549,0.015,0.207,0.493,1.012,0.712,1.853,1.001,2.593,0.629,1.091,2.028,1.521,2.043,1.154,1.645,1.883,2.509,0.983,0.420,1.087,1.202,0.379,0.020,0.529,0.341,0.408,0.316,0.785,0.390,0.059,0.327,0.958,0.319,0.022,0.361,0.267,0.558,0.238,0.669,0.030,0.000,0.015,0.333,0.065,0.320,1.608,0.877,0.961,1.033,1.940,0.038,0.458,0.286,1.245,1.743,0.861,0.352,0.067,0.458,0.053,1.052,0.896,0.307,0.819,0.190,0.629
0.255,1.541,0.930,0.553,0.212,0.916,0.322,0.100,0.674,0.183,0.272,0.588,0.783,0.474,0.536,0.758,1.764,1.438,0.361,1.982,2.784,1.770,0.013,1.030,1.111,0.878,1.638,0.928,1.548,1.426,0.527,0.708,0.474,1.151,0.474,3.347,0.961,1.474,2.436,2.148,2.756,1.618,1.540,1.647,1.986,0.635,0.081,0.910,1.447,1.315,0.422,0.526,0.743,2.660,0.167,0.793,0.375,0.614,0.906,3.018,2.437,0.451,0.301,0.216,0.918,0.467,0.506,0.242,0.015,0.000,0.397,0.438,0.447,3.287,0.415,3.453,1.467,1.659,0.878,1.413,0.932,1.394,1.341,1.972,0.077,0.313,0.793,0.611,0.766,0.317,0.613,0.472,1.189,0.420
