index,residue,burial_state,exposure,ss
1,I,buried,0.341,C
2,E,intermediate,0.504,E
3,V,buried,0.352,H
4,E,exposed,0.672,H
5,K,intermediate,0.54,G
6,P,intermediate,0.447,H
7,L,buried,0.295,H
8,Y,intermediate,0.505,H
9,G,exposed,0.601,H
10,V,buried,0.375,E
11,E,buried,0.162,G
12,V,buried,0.32,H
13,F,buried,0.108,E
14,V,buried,0.0,H
15,G,buried,0.354,E
16,E,intermediate,0.535,E
17,T,intermediate,0.561,G
18,A,intermediate,0.555,E
19,H,intermediate,0.537,E
20,F,intermediate,0.473,G
21,E,exposed,0.603,H
22,I,intermediate,0.534,H
23,E,exposed,0.715,H
24,L,exposed,0.725,H
25,S,exposed,0.917,G
26,E,exposed,0.755,G
27,P,exposed,0.624,E
28,D,intermediate,0.455,H
29,V,buried,0.367,H
30,H,buried,0.331,G
31,G,buried,0.178,E
32,Q,buried,0.262,E
33,W,buried,0.29,H
34,K,intermediate,0.439,E
35,L,exposed,0.637,H
36,K,exposed,0.76,E
37,G,exposed,0.737,C
38,Q,intermediate,0.595,E
39,P,intermediate,0.465,E
40,L,buried,0.393,E
41,T,buried,0.331,G
42,A,buried,0.339,E
43,S,buried,0.272,E
44,P,buried,0.315,E
45,D,buried,0.361,E
46,C,intermediate,0.414,G
47,E,intermediate,0.563,E
48,I,exposed,0.705,E
49,I,exposed,0.863,C
50,E,exposed,0.957,E
51,D,exposed,1.0,C
52,G,exposed,0.992,H
53,K,exposed,0.941,G
54,K,exposed,0.722,E
55,H,intermediate,0.469,H
56,I,exposed,0.675,H
57,L,intermediate,0.506,G
58,I,intermediate,0.515,G
59,L,intermediate,0.475,E
60,H,buried,0.391,E
61,N,intermediate,0.486,G
62,C,intermediate,0.443,E
63,Q,intermediate,0.529,E
64,L,exposed,0.707,G
65,G,exposed,0.707,E
66,M,intermediate,0.538,H
67,T,intermediate,0.562,H
68,G,intermediate,0.453,E
69,E,buried,0.238,H
70,V,buried,0.166,H
71,S,buried,0.272,H
72,F,buried,0.157,H
73,Q,intermediate,0.421,E
74,A,intermediate,0.568,H
75,A,exposed,0.666,E
76,N,exposed,0.688,H
77,A,intermediate,0.559,E
78,K,exposed,0.659,H
79,S,intermediate,0.439,C
80,A,buried,0.332,E
81,A,buried,0.303,H
82,N,buried,0.178,E
83,L,buried,0.03,H
84,K,buried,0.232,E
85,V,buried,0.362,H
86,K,buried,0.311,H
87,E,intermediate,0.452,E
