0.000,0.978,1.211,0.623,2.076,2.594,2.532,3.297,3.059,3.097,4.287,2.530,4.301,3.773,3.599,3.377,2.930,3.048,4.021,3.931,4.359,4.349,4.776,3.581,1.589,3.188,4.574,3.307,1.911,2.856,2.457,2.436,3.136,3.369,1.943,2.964,2.351,2.342,2.952,3.391,3.985,3.602,3.343,1.602,2.471,1.702,2.149
0.978,0.000,0.893,1.220,2.441,2.009,3.155,3.583,2.877,2.935,3.639,1.958,3.565,3.566,4.294,4.728,5.072,4.623,4.505,5.556,6.236,5.843,6.603,5.657,3.142,5.447,6.656,5.016,2.892,3.792,3.082,2.831,3.266,3.614,2.356,3.331,2.797,1.947,2.244,2.656,3.153,2.941,2.762,2.040,1.048,1.212,1.318
1.211,0.893,0.000,0.810,1.665,1.558,2.320,1.969,1.880,2.536,2.912,2.290,3.603,3.956,5.092,5.201,6.124,5.130,4.550,6.326,7.081,6.616,7.432,6.172,3.868,5.950,6.923,5.374,3.395,4.331,3.546,3.360,3.820,3.937,2.625,3.778,3.198,1.977,1.947,2.300,2.741,2.726,2.740,2.289,1.339,1.517,1.551
0.623,1.220,0.810,0.000,1.049,2.379,1.215,0.929,1.796,2.004,2.071,1.749,2.291,3.839,4.482,4.812,6.236,4.744,3.938,6.322,7.315,6.547,7.056,5.700,4.067,5.838,6.073,4.750,3.207,3.897,2.986,2.931,3.524,3.857,2.237,3.170,2.526,2.155,2.685,3.146,3.723,3.399,3.495,2.528,1.939,2.413,1.835
2.076,2.441,1.665,1.049,0.000,0.520,1.441,1.074,1.280,0.494,0.953,1.559,1.160,2.379,2.710,3.356,3.968,4.144,2.112,4.442,5.034,4.769,5.112,3.836,1.651,3.451,4.176,2.953,2.406,2.319,1.997,2.339,2.392,3.519,2.632,2.487,1.223,3.484,4.341,4.621,5.123,4.698,5.203,4.118,4.829,4.577,4.099
2.594,2.009,1.558,2.379,0.520,0.000,1.791,1.228,1.769,1.431,1.770,2.141,2.109,2.380,1.716,2.250,3.496,3.325,1.162,2.824,3.768,3.073,2.920,2.209,0.323,1.733,3.473,2.367,2.628,2.026,2.044,2.377,2.651,3.451,3.231,2.465,1.328,3.792,4.230,4.094,4.665,4.360,4.953,4.290,4.555,4.224,4.266
2.532,3.155,2.320,1.215,1.441,1.791,0.000,0.334,1.280,1.152,1.390,2.424,2.198,3.180,3.111,4.204,5.709,4.894,2.799,5.053,5.905,4.759,5.228,4.335,2.443,4.052,5.144,3.941,3.253,3.018,2.717,2.701,3.173,4.550,3.613,3.540,2.294,4.335,5.303,5.572,6.147,5.652,5.903,4.852,5.188,5.522,5.295
3.297,3.583,1.969,0.929,1.074,1.228,0.334,0.000,0.322,1.542,0.914,1.508,1.768,2.611,2.573,3.575,5.138,4.242,2.385,4.512,5.159,4.305,4.741,3.772,2.027,3.652,5.108,3.339,2.518,2.544,2.752,1.813,2.625,4.536,3.802,3.298,2.947,5.192,6.050,5.935,6.434,5.508,5.375,4.419,5.319,5.966,5.854
3.059,2.877,1.880,1.796,1.280,1.769,1.280,0.322,0.000,0.542,1.166,1.329,1.964,2.559,2.882,3.137,3.952,3.393,2.075,3.936,4.384,3.421,4.089,3.265,2.045,3.020,4.273,2.526,2.692,2.564,3.094,2.072,2.470,4.676,4.155,2.971,2.652,5.398,6.023,5.964,6.709,5.427,5.031,4.163,5.230,5.474,5.571
3.097,2.935,2.536,2.004,0.494,1.431,1.152,1.542,0.542,0.000,0.584,1.009,1.072,2.043,2.678,2.721,2.394,3.089,1.723,3.432,3.709,3.932,4.468,3.045,1.275,2.311,3.581,1.888,2.051,2.057,2.194,1.453,1.607,3.512,2.958,2.128,1.954,4.370,4.820,4.680,5.129,4.489,4.671,3.582,4.781,4.992,5.125
4.287,3.639,2.912,2.071,0.953,1.770,1.390,0.914,1.166,0.584,0.000,1.297,1.393,1.629,1.780,1.517,1.828,2.463,2.149,2.634,3.182,4.112,4.119,3.563,2.382,2.531,3.370,2.771,3.958,3.810,4.346,2.756,2.778,4.608,4.804,3.297,4.348,6.083,5.203,4.354,4.423,4.128,4.299,3.810,5.124,4.962,5.507
2.530,1.958,2.290,1.749,1.559,2.141,2.424,1.508,1.329,1.009,1.297,0.000,1.090,1.463,2.154,2.388,2.406,2.484,2.229,2.963,2.428,3.258,3.240,2.584,1.936,1.901,2.740,2.228,2.772,2.329,2.537,1.296,1.459,3.239,3.123,1.942,2.064,3.742,2.693,2.433,3.244,3.476,4.065,3.261,4.244,3.751,4.377
4.301,3.565,3.603,2.291,1.160,2.109,2.198,1.768,1.964,1.072,1.393,1.090,0.000,0.727,1.504,1.033,1.274,2.753,2.426,2.353,2.723,4.207,3.832,3.804,3.382,2.916,3.311,3.243,4.326,3.848,4.113,2.406,2.546,4.123,4.399,3.223,4.212,5.301,4.031,3.273,3.693,3.820,4.213,4.214,5.372,4.560,5.208
3.773,3.566,3.956,3.839,2.379,2.380,3.180,2.611,2.559,2.043,1.629,1.463,0.727,0.000,0.738,1.324,1.647,2.765,1.948,2.174,2.850,3.817,3.469,3.106,3.010,2.822,2.562,2.597,3.323,2.985,3.389,2.338,2.205,2.954,3.595,2.421,3.052,4.266,3.162,2.765,3.558,3.581,3.886,3.906,4.805,4.065,4.189
3.599,4.294,5.092,4.482,2.710,1.716,3.111,2.573,2.882,2.678,1.780,2.154,1.504,0.738,0.000,1.018,2.180,2.098,1.685,1.578,2.090,2.981,2.749,2.582,2.388,2.795,2.814,1.996,1.674,1.901,2.063,1.536,1.428,1.816,1.788,1.106,1.917,2.592,1.853,1.694,2.380,2.422,3.081,2.684,3.356,2.975,3.466
3.377,4.728,5.201,4.812,3.356,2.250,4.204,3.575,3.137,2.721,1.517,2.388,1.033,1.324,1.018,0.000,1.081,1.247,0.975,1.670,2.310,2.706,2.488,2.254,1.810,2.346,1.701,1.635,2.265,2.689,2.545,2.620,1.669,2.108,2.022,1.271,2.337,2.644,2.107,2.015,2.139,2.084,1.685,1.310,2.154,2.484,3.028
2.930,5.072,6.124,6.236,3.968,3.496,5.709,5.138,3.952,2.394,1.828,2.406,1.274,1.647,2.180,1.081,0.000,1.423,3.412,1.489,1.911,1.403,1.296,1.925,2.282,3.071,2.159,2.108,3.232,3.513,3.984,3.840,2.891,3.046,3.649,2.754,3.951,4.175,3.539,3.180,2.624,2.416,2.256,2.271,2.994,3.651,3.887
3.048,4.623,5.130,4.744,4.144,3.325,4.894,4.242,3.393,3.089,2.463,2.484,2.753,2.765,2.098,1.247,1.423,0.000,1.345,1.609,2.462,2.027,2.062,1.571,3.112,2.156,1.683,1.118,2.483,3.064,2.994,2.804,1.678,2.218,2.577,1.807,2.725,2.946,2.489,2.281,1.723,1.628,1.355,1.047,1.736,2.609,2.472
4.021,4.505,4.550,3.938,2.112,1.162,2.799,2.385,2.075,1.723,2.149,2.229,2.426,1.948,1.685,0.975,3.412,1.345,0.000,1.431,2.017,2.454,0.937,1.720,1.192,1.997,2.878,2.287,2.188,2.219,2.480,2.969,2.678,2.207,1.242,1.873,0.721,1.085,1.808,2.111,3.161,3.246,2.736,2.710,2.910,3.419,3.076
3.931,5.556,6.326,6.322,4.442,2.824,5.053,4.512,3.936,3.432,2.634,2.963,2.353,2.174,1.578,1.670,1.489,1.609,1.431,0.000,0.682,1.964,1.318,1.347,1.922,1.326,1.452,1.598,2.503,2.744,3.503,2.917,3.082,3.065,2.915,1.982,1.919,2.795,2.802,2.723,3.114,2.762,2.951,2.603,2.809,3.321,3.019
4.359,6.236,7.081,7.315,5.034,3.768,5.905,5.159,4.384,3.709,3.182,2.428,2.723,2.850,2.090,2.310,1.911,2.462,2.017,0.682,0.000,0.422,1.752,1.259,2.214,0.911,1.484,1.478,1.895,2.394,3.512,2.924,3.782,3.597,3.424,2.682,2.077,3.179,3.452,3.307,3.653,3.330,3.264,2.949,2.860,3.808,3.647
4.349,5.843,6.616,6.547,4.769,3.073,4.759,4.305,3.421,3.932,4.112,3.258,4.207,3.817,2.981,2.706,1.403,2.027,2.454,1.964,0.422,0.000,0.338,0.986,2.545,1.362,1.452,0.914,1.244,1.958,2.710,3.033,3.740,3.027,2.779,2.519,1.996,2.854,3.388,3.617,4.032,4.072,4.428,3.237,2.823,3.888,3.738
4.776,6.603,7.432,7.056,5.112,2.920,5.228,4.741,4.089,4.468,4.119,3.240,3.832,3.469,2.749,2.488,1.296,2.062,0.937,1.318,1.752,0.338,0.000,0.580,2.319,1.411,1.806,1.218,1.595,1.125,1.875,2.408,2.977,2.100,1.964,2.134,1.358,2.048,2.315,2.580,3.042,2.903,3.674,3.115,3.296,4.253,3.987
3.581,5.657,6.172,5.700,3.836,2.209,4.335,3.772,3.265,3.045,3.563,2.584,3.804,3.106,2.582,2.254,1.925,1.571,1.720,1.347,1.259,0.986,0.580,0.000,1.889,1.589,1.418,0.782,0.858,1.289,1.047,1.749,3.042,1.538,2.220,2.439,1.538,2.369,2.067,2.118,2.364,2.258,2.982,2.804,3.075,3.979,3.645
1.589,3.142,3.868,4.067,1.651,0.323,2.443,2.027,2.045,1.275,2.382,1.936,3.382,3.010,2.388,1.810,2.282,3.112,1.192,1.922,2.214,2.545,2.319,1.889,0.000,1.319,3.192,2.033,2.184,1.733,1.611,1.961,2.657,2.615,2.656,2.292,0.905,2.915,2.935,2.649,2.934,2.884,3.605,2.921,3.153,3.373,3.511
3.188,5.447,5.950,5.838,3.451,1.733,4.052,3.652,3.020,2.311,2.531,1.901,2.916,2.822,2.795,2.346,3.071,2.156,1.997,1.326,0.911,1.362,1.411,1.589,1.319,0.000,1.136,1.340,1.577,1.692,1.399,2.415,3.101,1.430,2.557,3.064,2.517,3.052,2.514,2.372,2.735,2.533,2.508,2.480,2.632,3.975,3.776
4.574,6.656,6.923,6.073,4.176,3.473,5.144,5.108,4.273,3.581,3.370,2.740,3.311,2.562,2.814,1.701,2.159,1.683,2.878,1.452,1.484,1.452,1.806,1.418,3.192,1.136,0.000,0.621,2.021,1.879,1.452,2.405,2.789,1.223,1.858,2.520,3.260,2.741,2.265,2.426,3.170,2.949,2.964,2.972,3.666,4.967,5.109
3.307,5.016,5.374,4.750,2.953,2.367,3.941,3.339,2.526,1.888,2.771,2.228,3.243,2.597,1.996,1.635,2.108,1.118,2.287,1.598,1.478,0.914,1.218,0.782,2.033,1.340,0.621,0.000,0.792,1.297,1.272,2.173,1.942,1.120,1.638,1.975,2.478,2.414,2.007,1.743,1.844,1.786,1.782,1.666,2.311,3.433,3.353
1.911,2.892,3.395,3.207,2.406,2.628,3.253,2.518,2.692,2.051,3.958,2.772,4.326,3.323,1.674,2.265,3.232,2.483,2.188,2.503,1.895,1.244,1.595,0.858,2.184,1.577,2.021,0.792,0.000,1.252,0.874,2.365,1.864,1.318,1.658,1.765,2.175,2.460,2.274,2.218,2.621,2.525,3.224,2.794,3.640,2.922,3.567
2.856,3.792,4.331,3.897,2.319,2.026,3.018,2.544,2.564,2.057,3.810,2.329,3.848,2.985,1.901,2.689,3.513,3.064,2.219,2.744,2.394,1.958,1.125,1.289,1.733,1.692,1.879,1.297,1.252,0.000,0.331,1.556,1.161,1.193,1.173,1.189,1.401,1.665,1.974,2.471,2.873,3.038,3.586,3.151,3.623,3.286,3.660
2.457,3.082,3.546,2.986,1.997,2.044,2.717,2.752,3.094,2.194,4.346,2.537,4.113,3.389,2.063,2.545,3.984,2.994,2.480,3.503,3.512,2.710,1.875,1.047,1.611,1.399,1.452,1.272,0.874,0.331,0.000,1.048,1.936,1.096,0.623,1.378,1.495,1.563,1.780,2.757,3.446,3.210,3.576,2.792,3.035,2.796,3.157
2.436,2.831,3.360,2.931,2.339,2.377,2.701,1.813,2.072,1.453,2.756,1.296,2.406,2.338,1.536,2.620,3.840,2.804,2.969,2.917,2.924,3.033,2.408,1.749,1.961,2.415,2.405,2.173,2.365,1.556,1.048,0.000,1.042,2.122,1.391,1.076,1.795,2.071,2.027,2.930,3.727,3.712,3.867,2.703,2.599,2.508,3.031
3.136,3.266,3.820,3.524,2.392,2.651,3.173,2.625,2.470,1.607,2.778,1.459,2.546,2.205,1.428,1.669,2.891,1.678,2.678,3.082,3.782,3.740,2.977,3.042,2.657,3.101,2.789,1.942,1.864,1.161,1.936,1.042,0.000,0.836,1.868,1.540,1.505,1.230,1.362,2.121,3.494,2.827,3.139,2.342,2.369,2.189,2.016
3.369,3.614,3.937,3.857,3.519,3.451,4.550,4.536,4.676,3.512,4.608,3.239,4.123,2.954,1.816,2.108,3.046,2.218,2.207,3.065,3.597,3.027,2.100,1.538,2.615,1.430,1.223,1.120,1.318,1.193,1.096,2.122,0.836,0.000,0.661,1.669,2.388,1.687,0.940,1.683,2.340,2.491,2.640,1.798,2.545,2.618,2.370
1.943,2.356,2.625,2.237,2.632,3.231,3.613,3.802,4.155,2.958,4.804,3.123,4.399,3.595,1.788,2.022,3.649,2.577,1.242,2.915,3.424,2.779,1.964,2.220,2.656,2.557,1.858,1.638,1.658,1.173,0.623,1.391,1.868,0.661,0.000,1.142,1.255,0.922,1.155,1.811,2.670,2.197,2.807,1.950,2.269,2.498,2.734
2.964,3.331,3.778,3.170,2.487,2.465,3.540,3.298,2.971,2.128,3.297,1.942,3.223,2.421,1.106,1.271,2.754,1.807,1.873,1.982,2.682,2.519,2.134,2.439,2.292,3.064,2.520,1.975,1.765,1.189,1.378,1.076,1.540,1.669,1.142,0.000,1.112,1.691,1.446,1.523,2.625,2.633,2.753,2.247,1.790,2.340,2.254
2.351,2.797,3.198,2.526,1.223,1.328,2.294,2.947,2.652,1.954,4.348,2.064,4.212,3.052,1.917,2.337,3.951,2.725,0.721,1.919,2.077,1.996,1.358,1.538,0.905,2.517,3.260,2.478,2.175,1.401,1.495,1.795,1.505,2.388,1.255,1.112,0.000,0.846,1.802,1.961,2.797,2.181,2.140,2.208,2.517,2.946,3.046
2.342,1.947,1.977,2.155,3.484,3.792,4.335,5.192,5.398,4.370,6.083,3.742,5.301,4.266,2.592,2.644,4.175,2.946,1.085,2.795,3.179,2.854,2.048,2.369,2.915,3.052,2.741,2.414,2.460,1.665,1.563,2.071,1.230,1.687,0.922,1.691,0.846,0.000,0.394,1.352,1.102,1.305,2.020,1.505,2.158,2.926,3.314
2.952,2.244,1.947,2.685,4.341,4.230,5.303,6.050,6.023,4.820,5.203,2.693,4.031,3.162,1.853,2.107,3.539,2.489,1.808,2.802,3.452,3.388,2.315,2.067,2.935,2.514,2.265,2.007,2.274,1.974,1.780,2.027,1.362,0.940,1.155,1.446,1.802,0.394,0.000,0.504,1.346,0.890,2.243,0.980,1.002,1.866,2.098
3.391,2.656,2.300,3.146,4.621,4.094,5.572,5.935,5.964,4.680,4.354,2.433,3.273,2.765,1.694,2.015,3.180,2.281,2.111,2.723,3.307,3.617,2.580,2.118,2.649,2.372,2.426,1.743,2.218,2.471,2.757,2.930,2.121,1.683,1.811,1.523,1.961,1.352,0.504,0.000,0.608,1.247,1.763,1.083,1.296,1.518,1.386
3.985,3.153,2.741,3.723,5.123,4.665,6.147,6.434,6.709,5.129,4.423,3.244,3.693,3.558,2.380,2.139,2.624,1.723,3.161,3.114,3.653,4.032,3.042,2.364,2.934,2.735,3.170,1.844,2.621,2.873,3.446,3.727,3.494,2.340,2.670,2.625,2.797,1.102,1.346,0.608,0.000,0.686,1.036,0.668,0.921,1.414,1.354
3.602,2.941,2.726,3.399,4.698,4.360,5.652,5.508,5.427,4.489,4.128,3.476,3.820,3.581,2.422,2.084,2.416,1.628,3.246,2.762,3.330,4.072,2.903,2.258,2.884,2.533,2.949,1.786,2.525,3.038,3.210,3.712,2.827,2.491,2.197,2.633,2.181,1.305,0.890,1.247,0.686,0.000,0.918,0.923,1.121,1.284,1.163
3.343,2.762,2.740,3.495,5.203,4.953,5.903,5.375,5.031,4.671,4.299,4.065,4.213,3.886,3.081,1.685,2.256,1.355,2.736,2.951,3.264,4.428,3.674,2.982,3.605,2.508,2.964,1.782,3.224,3.586,3.576,3.867,3.139,2.640,2.807,2.753,2.140,2.020,2.243,1.763,1.036,0.918,0.000,1.182,1.072,1.124,1.437
1.602,2.040,2.289,2.528,4.118,4.290,4.852,4.419,4.163,3.582,3.810,3.261,4.214,3.906,2.684,1.310,2.271,1.047,2.710,2.603,2.949,3.237,3.115,2.804,2.921,2.480,2.972,1.666,2.794,3.151,2.792,2.703,2.342,1.798,1.950,2.247,2.208,1.505,0.980,1.083,0.668,0.923,1.182,0.000,0.550,1.332,1.596
2.471,1.048,1.339,1.939,4.829,4.555,5.188,5.319,5.230,4.781,5.124,4.244,5.372,4.805,3.356,2.154,2.994,1.736,2.910,2.809,2.860,2.823,3.296,3.075,3.153,2.632,3.666,2.311,3.640,3.623,3.035,2.599,2.369,2.545,2.269,1.790,2.517,2.158,1.002,1.296,0.921,1.121,1.072,0.550,0.000,0.609,1.360
1.702,1.212,1.517,2.413,4.577,4.224,5.522,5.966,5.474,4.992,4.962,3.751,4.560,4.065,2.975,2.484,3.651,2.609,3.419,3.321,3.808,3.888,4.253,3.979,3.373,3.975,4.967,3.433,2.922,3.286,2.796,2.508,2.189,2.618,2.498,2.340,2.946,2.926,1.866,1.518,1.414,1.284,1.124,1.332,0.609,0.000,0.299
2.149,1.318,1.551,1.835,4.099,4.266,5.295,5.854,5.571,5.125,5.507,4.377,5.208,4.189,3.466,3.028,3.887,2.472,3.076,3.019,3.647,3.738,3.987,3.645,3.511,3.776,5.109,3.353,3.567,3.660,3.157,3.031,2.016,2.370,2.734,2.254,3.046,3.314,2.098,1.386,1.354,1.163,1.437,1.596,1.360,0.299,0.000
