0.000,0.329,0.095,0.271,0.016,0.077,0.043,0.036,0.098,0.305,0.459,0.431,0.609,0.477,0.569,0.369,0.369,0.595,0.403,0.695,0.641,0.788,0.959,0.940,1.011,1.296,1.095,0.882,0.677,0.854,0.667,0.657,0.780,0.892,0.862,0.880,0.962,1.232,1.192,0.942,0.723,0.771,0.583,0.716,0.908,0.757,0.936,0.688,0.679,1.012,0.954,0.776,0.894,0.676,0.688,1.378,1.093,1.155,0.998,1.010,1.211,1.645,1.435,1.557,1.335,0.967,0.994,1.146,0.457,0.833,1.058,0.751,0.347,0.447,0.574,0.664,0.571,0.715,0.797,0.874,1.022,0.889,0.939,0.808,0.725,0.443,0.101,0.004,0.012,0.079,0.044,0.010,0.400,0.107,0.595,0.123,0.440,0.436,0.741,0.765,0.851,0.849,1.011
0.329,0.000,0.024,0.213,0.139,0.090,0.181,0.195,0.286,0.452,0.549,0.566,0.772,0.524,0.644,0.436,0.349,0.571,0.369,0.591,0.534,0.680,0.839,0.803,0.845,1.003,0.798,0.687,0.566,0.675,0.518,0.466,0.552,0.624,0.658,0.650,0.683,0.842,0.796,0.528,0.216,0.287,0.102,0.276,0.507,0.343,0.586,0.422,0.509,0.769,0.674,0.542,0.644,0.377,0.403,0.971,0.620,0.645,0.526,0.495,0.555,0.974,0.865,0.919,1.173,0.416,0.370,0.811,0.528,0.633,0.812,0.694,0.519,0.376,0.361,0.359,0.296,0.483,0.621,0.697,0.940,0.894,0.877,0.856,0.783,0.660,0.266,0.413,0.407,0.391,0.345,0.366,0.026,0.202,0.718,0.220,0.405,0.444,0.730,0.634,0.808,0.781,0.903
0.095,0.024,0.000,0.206,0.047,0.147,0.158,0.200,0.110,0.157,0.223,0.173,0.344,0.283,0.309,0.143,0.061,0.380,0.187,0.410,0.469,0.590,0.779,0.772,0.872,1.103,0.864,0.765,0.626,0.748,0.528,0.468,0.522,0.694,0.671,0.690,0.774,1.051,0.938,0.771,0.546,0.560,0.348,0.476,0.662,0.525,0.752,0.578,0.572,0.823,0.790,0.647,0.706,0.490,0.545,1.093,0.806,0.835,0.703,0.711,0.726,1.167,1.021,1.078,1.263,0.558,0.427,0.715,0.239,0.527,0.680,0.408,0.275,0.193,0.287,0.400,0.370,0.528,0.663,0.641,0.842,0.743,0.685,0.585,0.571,0.376,0.004,0.114,0.060,0.008,0.016,0.057,0.254,0.129,0.486,0.193,0.367,0.361,0.775,0.779,0.945,0.877,1.110
0.271,0.213,0.206,0.000,0.310,0.435,0.451,0.601,0.525,0.153,0.124,0.236,0.092,0.010,0.069,0.209,0.292,0.129,0.069,0.113,0.301,0.413,0.637,0.659,0.829,1.091,0.797,0.746,0.619,0.750,0.466,0.371,0.410,0.670,0.595,0.640,0.771,1.120,0.921,0.863,0.726,0.682,0.459,0.526,0.685,0.597,0.799,0.688,0.637,0.798,0.799,0.665,0.656,0.475,0.573,1.054,0.833,0.831,0.740,0.786,0.762,1.189,1.003,0.979,1.076,0.586,0.422,0.569,0.142,0.438,0.532,0.192,0.146,0.020,0.185,0.360,0.357,0.486,0.628,0.514,0.700,0.569,0.443,0.318,0.359,0.166,0.192,0.038,0.103,0.180,0.231,0.056,0.108,0.282,0.258,0.327,0.311,0.282,0.826,0.914,1.157,1.020,1.312
0.016,0.139,0.047,0.310,0.000,0.137,0.086,0.364,0.371,0.032,0.004,0.131,0.085,0.028,0.057,0.212,0.398,0.031,0.113,0.040,0.161,0.303,0.544,0.585,0.752,0.873,0.594,0.628,0.566,0.639,0.360,0.192,0.204,0.456,0.438,0.444,0.565,0.764,0.531,0.440,0.290,0.281,0.081,0.146,0.345,0.289,0.523,0.538,0.576,0.603,0.552,0.438,0.377,0.156,0.258,0.639,0.410,0.347,0.313,0.356,0.279,0.667,0.506,0.369,0.563,0.161,0.001,0.146,0.082,0.093,0.178,0.082,0.021,0.246,0.141,0.015,0.021,0.172,0.374,0.258,0.496,0.428,0.213,0.127,0.170,0.062,0.319,0.047,0.134,0.139,0.156,0.007,0.183,0.013,0.156,0.418,0.221,0.368,0.809,0.709,1.112,1.044,1.198
0.077,0.090,0.147,0.435,0.137,0.000,0.200,0.342,0.373,0.026,0.029,0.145,0.199,0.026,0.070,0.179,0.425,0.030,0.068,0.066,0.191,0.322,0.551,0.580,0.736,0.724,0.492,0.640,0.669,0.707,0.438,0.224,0.193,0.446,0.446,0.409,0.497,0.604,0.338,0.240,0.143,0.170,0.014,0.076,0.286,0.254,0.488,0.625,0.719,0.632,0.568,0.479,0.370,0.139,0.246,0.518,0.302,0.196,0.199,0.236,0.092,0.418,0.273,0.031,0.233,0.017,0.161,0.062,0.180,0.043,0.022,0.219,0.075,0.323,0.234,0.058,0.031,0.133,0.378,0.228,0.471,0.440,0.136,0.050,0.115,0.027,0.332,0.042,0.160,0.182,0.134,0.004,0.236,0.051,0.018,0.389,0.005,0.361,0.763,0.509,0.961,1.064,1.154
0.043,0.181,0.158,0.451,0.086,0.200,0.000,0.154,0.366,0.417,0.327,0.344,0.353,0.387,0.422,0.397,0.073,0.361,0.245,0.312,0.428,0.452,0.514,0.366,0.326,0.100,0.024,0.338,0.562,0.558,0.455,0.320,0.209,0.290,0.342,0.210,0.081,0.083,0.091,0.280,0.310,0.187,0.190,0.048,0.142,0.016,0.221,0.420,0.613,0.590,0.537,0.532,0.506,0.268,0.373,0.500,0.192,0.141,0.147,0.110,0.173,0.007,0.092,0.476,0.230,0.234,0.260,0.179,0.064,0.067,0.077,0.067,0.234,0.010,0.021,0.079,0.144,0.344,0.585,0.458,0.711,0.785,0.487,0.479,0.521,0.458,0.135,0.441,0.266,0.214,0.331,0.260,0.350,0.096,0.012,0.173,0.492,0.137,0.311,0.187,0.055,0.419,0.563
0.036,0.195,0.200,0.601,0.364,0.342,0.154,0.000,0.201,0.132,0.258,0.258,0.149,0.281,0.334,0.315,0.000,0.352,0.226,0.233,0.439,0.474,0.524,0.327,0.309,0.094,0.011,0.347,0.645,0.694,0.595,0.428,0.345,0.429,0.436,0.301,0.173,0.191,0.005,0.148,0.153,0.034,0.014,0.094,0.300,0.220,0.366,0.687,0.943,0.783,0.709,0.724,0.637,0.397,0.516,0.583,0.327,0.217,0.283,0.261,0.001,0.173,0.058,0.316,0.040,0.106,0.151,0.101,0.008,0.103,0.144,0.025,0.255,0.030,0.041,0.183,0.260,0.455,0.721,0.571,0.807,0.883,0.480,0.464,0.506,0.437,0.143,0.388,0.172,0.033,0.244,0.225,0.360,0.074,0.071,0.226,0.418,0.158,0.277,0.089,0.105,0.484,0.617
0.098,0.286,0.110,0.525,0.371,0.373,0.366,0.201,0.000,0.048,0.309,0.258,0.049,0.174,0.244,0.135,0.121,0.298,0.124,0.105,0.352,0.438,0.530,0.355,0.383,0.249,0.081,0.351,0.605,0.727,0.602,0.424,0.415,0.515,0.483,0.385,0.303,0.347,0.157,0.020,0.003,0.099,0.113,0.179,0.398,0.359,0.461,0.819,1.095,0.867,0.769,0.784,0.656,0.418,0.557,0.625,0.415,0.258,0.373,0.380,0.177,0.389,0.239,0.094,0.205,0.057,0.030,0.008,0.087,0.137,0.210,0.031,0.253,0.012,0.065,0.233,0.303,0.478,0.748,0.591,0.827,0.875,0.433,0.398,0.448,0.383,0.101,0.301,0.095,0.074,0.158,0.224,0.405,0.127,0.017,0.328,0.256,0.024,0.357,0.088,0.281,0.613,0.714
0.305,0.452,0.157,0.153,0.032,0.026,0.417,0.132,0.048,0.000,0.095,0.028,0.078,0.022,0.011,0.073,0.336,0.044,0.145,0.081,0.115,0.196,0.343,0.236,0.300,0.238,0.028,0.202,0.358,0.487,0.307,0.151,0.154,0.314,0.267,0.224,0.200,0.281,0.079,0.008,0.021,0.021,0.016,0.043,0.226,0.193,0.297,0.576,0.761,0.592,0.527,0.528,0.418,0.216,0.382,0.475,0.271,0.144,0.254,0.289,0.089,0.322,0.166,0.136,0.162,0.087,0.057,0.068,0.005,0.067,0.064,0.133,0.135,0.124,0.064,0.094,0.155,0.298,0.527,0.329,0.565,0.562,0.228,0.179,0.282,0.214,0.040,0.227,0.115,0.078,0.080,0.175,0.439,0.085,0.078,0.386,0.167,0.027,0.309,0.090,0.268,0.562,0.654
0.459,0.549,0.223,0.124,0.004,0.029,0.327,0.258,0.309,0.095,0.000,0.003,0.035,0.242,0.150,0.209,0.063,0.271,0.048,0.087,0.332,0.306,0.317,0.055,0.052,0.103,0.263,0.075,0.438,0.568,0.475,0.343,0.295,0.387,0.316,0.232,0.084,0.144,0.024,0.077,0.012,0.064,0.155,0.188,0.340,0.298,0.337,0.748,1.000,0.745,0.702,0.772,0.644,0.464,0.640,0.578,0.383,0.252,0.394,0.408,0.125,0.257,0.126,0.235,0.070,0.136,0.042,0.010,0.137,0.207,0.169,0.009,0.332,0.109,0.143,0.306,0.396,0.545,0.791,0.549,0.758,0.799,0.408,0.362,0.494,0.420,0.233,0.440,0.294,0.206,0.267,0.303,0.522,0.152,0.022,0.402,0.178,0.142,0.107,0.080,0.057,0.327,0.460
0.431,0.566,0.173,0.236,0.131,0.145,0.344,0.258,0.258,0.028,0.003,0.000,0.118,0.033,0.070,0.097,0.134,0.214,0.081,0.066,0.212,0.206,0.207,0.049,0.021,0.132,0.334,0.045,0.312,0.509,0.444,0.316,0.325,0.374,0.268,0.197,0.061,0.139,0.013,0.067,0.011,0.060,0.174,0.192,0.356,0.329,0.314,0.786,1.106,0.785,0.714,0.812,0.667,0.483,0.675,0.577,0.406,0.246,0.441,0.458,0.212,0.352,0.196,0.138,0.202,0.196,0.105,0.051,0.232,0.251,0.237,0.096,0.404,0.170,0.209,0.363,0.460,0.602,0.846,0.620,0.823,0.893,0.424,0.417,0.523,0.476,0.321,0.487,0.307,0.163,0.295,0.335,0.546,0.189,0.023,0.376,0.212,0.166,0.070,0.069,0.026,0.303,0.409
0.609,0.772,0.344,0.092,0.085,0.199,0.353,0.149,0.049,0.078,0.035,0.118,0.000,0.241,0.186,0.332,0.390,0.037,0.381,0.283,0.032,0.033,0.125,0.057,0.016,0.026,0.247,0.119,0.081,0.356,0.236,0.149,0.281,0.339,0.185,0.195,0.117,0.269,0.141,0.084,0.108,0.142,0.246,0.231,0.387,0.358,0.302,0.691,0.968,0.709,0.639,0.735,0.614,0.451,0.685,0.654,0.492,0.341,0.572,0.610,0.437,0.620,0.430,0.155,0.518,0.431,0.326,0.277,0.468,0.439,0.441,0.317,0.588,0.299,0.356,0.476,0.552,0.656,0.846,0.626,0.856,0.864,0.471,0.495,0.617,0.626,0.450,0.621,0.458,0.281,0.414,0.490,0.682,0.297,0.138,0.463,0.095,0.105,0.144,0.079,0.136,0.367,0.466
0.477,0.524,0.283,0.010,0.028,0.026,0.387,0.281,0.174,0.022,0.242,0.033,0.241,0.000,0.029,0.051,0.324,0.091,0.134,0.058,0.161,0.260,0.390,0.225,0.269,0.226,0.035,0.147,0.339,0.589,0.430,0.270,0.331,0.477,0.388,0.341,0.293,0.315,0.120,0.055,0.100,0.159,0.229,0.199,0.387,0.423,0.433,0.866,1.118,0.793,0.701,0.738,0.544,0.358,0.548,0.494,0.368,0.154,0.343,0.401,0.184,0.367,0.201,0.135,0.130,0.162,0.000,0.098,0.041,0.003,0.006,0.211,0.036,0.153,0.056,0.181,0.261,0.388,0.659,0.390,0.590,0.558,0.139,0.005,0.166,0.022,0.088,0.037,0.023,0.055,0.138,0.001,0.301,0.072,0.148,0.337,0.058,0.022,0.096,0.047,0.075,0.445,0.490
0.569,0.644,0.309,0.069,0.057,0.070,0.422,0.334,0.244,0.011,0.150,0.070,0.186,0.029,0.000,0.018,0.114,0.236,0.130,0.134,0.192,0.207,0.216,0.011,0.037,0.020,0.236,0.052,0.265,0.561,0.500,0.375,0.447,0.487,0.344,0.291,0.181,0.235,0.085,0.050,0.127,0.195,0.340,0.312,0.478,0.507,0.426,0.981,1.338,0.912,0.819,0.936,0.731,0.561,0.771,0.589,0.486,0.264,0.515,0.555,0.323,0.451,0.282,0.050,0.261,0.293,0.177,0.075,0.220,0.220,0.212,0.067,0.322,0.138,0.211,0.419,0.521,0.645,0.910,0.642,0.815,0.860,0.334,0.244,0.409,0.310,0.254,0.311,0.195,0.080,0.120,0.227,0.481,0.118,0.016,0.406,0.074,0.063,0.053,0.012,0.003,0.332,0.389
0.369,0.436,0.143,0.209,0.212,0.179,0.397,0.315,0.135,0.073,0.209,0.097,0.332,0.051,0.018,0.000,0.102,0.164,0.097,0.120,0.229,0.313,0.311,0.122,0.169,0.101,0.066,0.088,0.394,0.717,0.694,0.511,0.566,0.593,0.475,0.359,0.288,0.271,0.093,0.035,0.113,0.207,0.346,0.308,0.522,0.612,0.525,1.188,1.624,1.076,0.922,1.017,0.741,0.539,0.714,0.481,0.444,0.137,0.413,0.463,0.257,0.390,0.210,0.125,0.152,0.156,0.020,0.090,0.001,0.030,0.009,0.145,0.024,0.113,0.001,0.276,0.387,0.521,0.840,0.590,0.690,0.757,0.077,0.095,0.074,0.058,0.037,0.070,0.138,0.226,0.199,0.041,0.240,0.068,0.168,0.267,0.131,0.069,0.012,0.010,0.004,0.369,0.374
0.369,0.349,0.061,0.292,0.398,0.425,0.073,0.000,0.121,0.336,0.063,0.134,0.390,0.324,0.114,0.102,0.000,0.063,0.167,0.084,0.167,0.200,0.152,0.061,0.022,0.010,0.163,0.114,0.101,0.527,0.537,0.491,0.596,0.524,0.359,0.239,0.147,0.167,0.014,0.086,0.016,0.138,0.331,0.324,0.545,0.590,0.451,1.063,1.480,1.080,0.946,1.070,0.874,0.662,0.831,0.596,0.517,0.233,0.490,0.500,0.274,0.366,0.170,0.201,0.020,0.075,0.017,0.165,0.090,0.057,0.002,0.205,0.039,0.050,0.071,0.370,0.509,0.671,0.990,0.778,0.887,0.980,0.262,0.036,0.139,0.150,0.046,0.184,0.255,0.360,0.428,0.273,0.007,0.361,0.362,0.018,0.319,0.327,0.268,0.221,0.264,0.086,0.107
0.595,0.571,0.380,0.129,0.031,0.030,0.361,0.352,0.298,0.044,0.271,0.214,0.037,0.091,0.236,0.164,0.063,0.000,0.177,0.006,0.059,0.065,0.147,0.032,0.073,0.095,0.084,0.132,0.039,0.343,0.230,0.126,0.279,0.347,0.214,0.177,0.151,0.140,0.017,0.047,0.019,0.063,0.208,0.123,0.297,0.376,0.281,0.800,1.103,0.715,0.599,0.686,0.464,0.300,0.521,0.324,0.256,0.005,0.259,0.332,0.119,0.258,0.085,0.214,0.041,0.150,0.026,0.187,0.095,0.099,0.162,0.297,0.056,0.188,0.109,0.141,0.237,0.341,0.615,0.302,0.454,0.411,0.022,0.180,0.027,0.126,0.089,0.041,0.041,0.038,0.180,0.082,0.200,0.129,0.151,0.220,0.022,0.061,0.158,0.077,0.133,0.179,0.138
0.403,0.369,0.187,0.069,0.113,0.068,0.245,0.226,0.124,0.145,0.048,0.081,0.381,0.134,0.130,0.097,0.167,0.177,0.000,0.073,0.179,0.167,0.096,0.050,0.003,0.064,0.168,0.054,0.275,0.620,0.601,0.368,0.308,0.423,0.326,0.157,0.116,0.042,0.165,0.155,0.026,0.055,0.205,0.139,0.319,0.449,0.374,1.087,1.484,0.878,0.751,0.820,0.515,0.351,0.520,0.222,0.206,0.083,0.160,0.222,0.047,0.047,0.109,0.446,0.205,0.041,0.208,0.379,0.290,0.273,0.347,0.488,0.233,0.354,0.265,0.021,0.142,0.263,0.569,0.225,0.258,0.258,0.233,0.395,0.167,0.295,0.263,0.210,0.231,0.233,0.332,0.230,0.072,0.264,0.360,0.111,0.179,0.182,0.278,0.215,0.290,0.104,0.075
0.695,0.591,0.410,0.113,0.040,0.066,0.312,0.233,0.105,0.081,0.087,0.066,0.283,0.058,0.134,0.120,0.084,0.006,0.073,0.000,0.285,0.227,0.183,0.062,0.119,0.166,0.026,0.013,0.158,0.701,0.741,0.705,0.798,0.754,0.541,0.439,0.380,0.357,0.202,0.178,0.333,0.439,0.656,0.577,0.763,0.908,0.700,1.451,1.904,1.302,1.155,1.286,0.928,0.776,0.955,0.573,0.634,0.276,0.580,0.646,0.409,0.471,0.292,0.058,0.122,0.287,0.146,0.056,0.031,0.019,0.044,0.204,0.068,0.106,0.050,0.411,0.539,0.638,0.969,0.590,0.527,0.401,0.122,0.405,0.086,0.252,0.110,0.193,0.153,0.169,0.303,0.133,0.170,0.169,0.156,0.264,0.015,0.039,0.114,0.013,0.118,0.228,0.207
0.641,0.534,0.469,0.301,0.161,0.191,0.428,0.439,0.352,0.115,0.332,0.212,0.032,0.161,0.192,0.229,0.167,0.059,0.179,0.285,0.000,0.205,0.221,0.205,0.228,0.248,0.164,0.013,0.022,0.511,0.416,0.216,0.357,0.498,0.401,0.289,0.323,0.180,0.002,0.028,0.131,0.173,0.322,0.163,0.326,0.544,0.424,1.112,1.478,0.836,0.661,0.708,0.307,0.196,0.407,0.048,0.133,0.213,0.085,0.210,0.009,0.102,0.045,0.307,0.110,0.096,0.130,0.330,0.289,0.324,0.459,0.512,0.318,0.442,0.364,0.070,0.021,0.077,0.352,0.104,0.155,0.272,0.493,0.659,0.345,0.414,0.335,0.272,0.188,0.102,0.293,0.193,0.108,0.168,0.159,0.221,0.120,0.080,0.155,0.014,0.134,0.197,0.072
0.788,0.680,0.590,0.413,0.303,0.322,0.452,0.474,0.438,0.196,0.306,0.206,0.033,0.260,0.207,0.313,0.200,0.065,0.167,0.227,0.205,0.000,0.019,0.014,0.033,0.024,0.102,0.206,0.113,0.376,0.242,0.100,0.130,0.348,0.215,0.173,0.158,0.058,0.095,0.007,0.119,0.139,0.311,0.168,0.258,0.415,0.293,0.947,1.231,0.625,0.559,0.651,0.349,0.274,0.500,0.150,0.157,0.094,0.169,0.273,0.006,0.068,0.054,0.327,0.094,0.175,0.025,0.222,0.124,0.117,0.283,0.343,0.072,0.206,0.161,0.080,0.173,0.238,0.477,0.041,0.080,0.021,0.179,0.327,0.034,0.120,0.086,0.015,0.054,0.116,0.065,0.005,0.291,0.031,0.060,0.333,0.174,0.101,0.169,0.036,0.207,0.103,0.013
0.959,0.839,0.779,0.637,0.544,0.551,0.514,0.524,0.530,0.343,0.317,0.207,0.125,0.390,0.216,0.311,0.152,0.147,0.096,0.183,0.221,0.019,0.000,0.004,0.000,0.027,0.204,0.274,0.108,0.277,0.033,0.005,0.057,0.243,0.080,0.181,0.127,0.064,0.080,0.066,0.194,0.180,0.322,0.185,0.209,0.302,0.233,0.726,0.797,0.383,0.433,0.522,0.318,0.274,0.511,0.250,0.183,0.026,0.229,0.329,0.011,0.078,0.014,0.286,0.045,0.284,0.086,0.096,0.010,0.059,0.140,0.208,0.107,0.061,0.035,0.161,0.235,0.297,0.491,0.070,0.181,0.131,0.011,0.117,0.172,0.095,0.061,0.238,0.269,0.347,0.143,0.200,0.478,0.134,0.101,0.505,0.350,0.252,0.056,0.064,0.163,0.134,0.095
0.940,0.803,0.772,0.659,0.585,0.580,0.366,0.327,0.355,0.236,0.055,0.049,0.057,0.225,0.011,0.122,0.061,0.032,0.050,0.062,0.205,0.014,0.004,0.000,0.051,0.035,0.208,0.013,0.275,0.396,0.102,0.049,0.083,0.246,0.102,0.189,0.180,0.153,0.040,0.130,0.286,0.271,0.348,0.242,0.249,0.308,0.330,0.698,0.618,0.349,0.460,0.509,0.345,0.306,0.520,0.348,0.253,0.146,0.273,0.361,0.016,0.077,0.001,0.303,0.102,0.267,0.081,0.088,0.018,0.089,0.113,0.230,0.100,0.079,0.034,0.163,0.237,0.307,0.484,0.081,0.199,0.142,0.025,0.100,0.177,0.094,0.011,0.235,0.256,0.344,0.123,0.190,0.474,0.109,0.056,0.516,0.357,0.255,0.001,0.101,0.158,0.200,0.284
1.011,0.845,0.872,0.829,0.752,0.736,0.326,0.309,0.383,0.300,0.052,0.021,0.016,0.269,0.037,0.169,0.022,0.073,0.003,0.119,0.228,0.033,0.000,0.051,0.000,0.166,0.308,0.066,0.230,0.219,0.008,0.005,0.180,0.091,0.015,0.084,0.063,0.090,0.072,0.149,0.306,0.254,0.296,0.202,0.153,0.157,0.217,0.428,0.216,0.149,0.324,0.371,0.280,0.261,0.465,0.334,0.203,0.166,0.239,0.318,0.051,0.019,0.053,0.330,0.151,0.278,0.097,0.055,0.010,0.141,0.085,0.187,0.152,0.033,0.009,0.152,0.215,0.282,0.426,0.043,0.179,0.137,0.081,0.028,0.241,0.169,0.059,0.323,0.349,0.465,0.217,0.264,0.525,0.179,0.133,0.551,0.469,0.349,0.074,0.156,0.164,0.130,0.287
1.296,1.003,1.103,1.091,0.873,0.724,0.100,0.094,0.249,0.238,0.103,0.132,0.026,0.226,0.020,0.101,0.010,0.095,0.064,0.166,0.248,0.024,0.027,0.035,0.166,0.000,0.080,0.003,0.023,0.043,0.112,0.018,0.131,0.116,0.033,0.143,0.150,0.398,0.229,0.489,0.694,0.600,0.575,0.468,0.339,0.285,0.341,0.250,0.153,0.096,0.371,0.411,0.407,0.447,0.654,0.610,0.473,0.519,0.514,0.591,0.212,0.207,0.199,0.078,0.032,0.502,0.355,0.183,0.172,0.382,0.138,0.007,0.307,0.166,0.221,0.380,0.439,0.480,0.553,0.170,0.282,0.199,0.245,0.129,0.396,0.290,0.186,0.438,0.483,0.602,0.282,0.341,0.569,0.195,0.243,0.589,0.601,0.335,0.117,0.311,0.179,0.160,0.314
1.095,0.798,0.864,0.797,0.594,0.492,0.024,0.011,0.081,0.028,0.263,0.334,0.247,0.035,0.236,0.066,0.163,0.084,0.168,0.026,0.164,0.102,0.204,0.208,0.308,0.080,0.000,0.121,0.116,0.249,0.040,0.044,0.146,0.226,0.010,0.134,0.248,0.321,0.097,0.337,0.631,0.622,0.634,0.504,0.418,0.518,0.560,0.755,0.257,0.214,0.501,0.511,0.391,0.448,0.641,0.482,0.445,0.396,0.430,0.516,0.130,0.105,0.062,0.246,0.198,0.325,0.171,0.043,0.054,0.137,0.097,0.251,0.053,0.063,0.021,0.249,0.332,0.372,0.481,0.039,0.085,0.016,0.014,0.171,0.128,0.010,0.052,0.153,0.201,0.307,0.010,0.089,0.354,0.029,0.014,0.402,0.356,0.136,0.110,0.102,0.312,0.148,0.094
0.882,0.687,0.765,0.746,0.628,0.640,0.338,0.347,0.351,0.202,0.075,0.045,0.119,0.147,0.052,0.088,0.114,0.132,0.054,0.013,0.013,0.206,0.274,0.013,0.066,0.003,0.121,0.000,0.016,0.015,0.281,0.268,0.478,0.143,0.293,0.125,0.037,0.082,0.258,0.027,0.217,0.147,0.192,0.012,0.072,0.076,0.081,0.496,0.128,0.154,0.067,0.107,0.050,0.017,0.192,0.070,0.098,0.189,0.068,0.053,0.298,0.275,0.306,0.515,0.343,0.100,0.130,0.321,0.259,0.182,0.440,0.485,0.166,0.347,0.331,0.151,0.091,0.056,0.081,0.355,0.264,0.304,0.304,0.434,0.122,0.167,0.229,0.018,0.088,0.243,0.030,0.021,0.311,0.002,0.058,0.368,0.363,0.251,0.128,0.039,0.228,0.012,0.053
0.677,0.566,0.626,0.619,0.566,0.669,0.562,0.645,0.605,0.358,0.438,0.312,0.081,0.339,0.265,0.394,0.101,0.039,0.275,0.158,0.022,0.113,0.108,0.275,0.230,0.023,0.116,0.016,0.000,0.012,0.371,0.451,0.671,0.350,0.444,0.238,0.037,0.325,0.481,0.219,0.121,0.213,0.134,0.352,0.407,0.196,0.235,0.412,0.324,0.311,0.195,0.126,0.330,0.331,0.114,0.485,0.491,0.642,0.430,0.287,0.597,0.530,0.561,0.710,0.448,0.089,0.364,0.530,0.405,0.428,0.687,0.634,0.317,0.530,0.575,0.430,0.380,0.342,0.171,0.593,0.481,0.449,0.474,0.579,0.276,0.272,0.321,0.076,0.003,0.166,0.055,0.039,0.247,0.002,0.084,0.304,0.310,0.289,0.162,0.056,0.228,0.063,0.173
0.854,0.675,0.748,0.750,0.639,0.707,0.558,0.694,0.727,0.487,0.568,0.509,0.356,0.589,0.561,0.717,0.527,0.343,0.620,0.701,0.511,0.376,0.277,0.396,0.219,0.043,0.249,0.015,0.012,0.000,0.045,0.027,0.302,0.160,0.068,0.022,0.057,0.346,0.363,0.158,0.072,0.133,0.027,0.164,0.266,0.103,0.205,0.446,0.257,0.212,0.041,0.062,0.062,0.057,0.127,0.300,0.354,0.461,0.277,0.164,0.515,0.524,0.495,0.642,0.412,0.008,0.216,0.368,0.239,0.238,0.480,0.395,0.110,0.237,0.317,0.186,0.135,0.081,0.079,0.301,0.205,0.151,0.103,0.242,0.026,0.027,0.059,0.115,0.179,0.317,0.103,0.085,0.305,0.069,0.093,0.345,0.406,0.343,0.128,0.038,0.305,0.082,0.340
0.667,0.518,0.528,0.466,0.360,0.438,0.455,0.595,0.602,0.307,0.475,0.444,0.236,0.430,0.500,0.694,0.537,0.230,0.601,0.741,0.416,0.242,0.033,0.102,0.008,0.112,0.040,0.281,0.371,0.045,0.000,0.081,0.294,0.127,0.079,0.117,0.069,0.379,0.444,0.293,0.202,0.226,0.026,0.227,0.245,0.003,0.175,0.674,1.051,0.071,0.067,0.182,0.070,0.079,0.110,0.439,0.393,0.605,0.330,0.212,0.515,0.501,0.531,0.698,0.456,0.106,0.328,0.502,0.359,0.401,0.618,0.525,0.263,0.365,0.431,0.266,0.187,0.135,0.053,0.358,0.347,0.277,0.288,0.420,0.159,0.211,0.177,0.073,0.016,0.093,0.086,0.097,0.135,0.102,0.096,0.168,0.169,0.118,0.316,0.210,0.427,0.173,0.423
0.657,0.466,0.468,0.371,0.192,0.224,0.320,0.428,0.424,0.151,0.343,0.316,0.149,0.270,0.375,0.511,0.491,0.126,0.368,0.705,0.216,0.100,0.005,0.049,0.005,0.018,0.044,0.268,0.451,0.027,0.081,0.000,0.005,0.089,0.026,0.031,0.036,0.202,0.284,0.212,0.109,0.091,0.140,0.059,0.005,0.286,0.041,0.840,1.262,0.580,0.384,0.462,0.098,0.075,0.258,0.333,0.198,0.495,0.184,0.066,0.320,0.298,0.379,0.564,0.386,0.069,0.275,0.477,0.385,0.428,0.616,0.539,0.347,0.383,0.411,0.192,0.092,0.051,0.136,0.315,0.437,0.409,0.357,0.517,0.265,0.348,0.251,0.229,0.146,0.052,0.251,0.236,0.010,0.243,0.169,0.058,0.082,0.003,0.376,0.223,0.427,0.180,0.407
0.780,0.552,0.522,0.410,0.204,0.193,0.209,0.345,0.415,0.154,0.295,0.325,0.281,0.331,0.447,0.566,0.596,0.279,0.308,0.798,0.357,0.130,0.057,0.083,0.180,0.131,0.146,0.478,0.671,0.302,0.294,0.005,0.000,0.111,0.187,0.198,0.167,0.336,0.375,0.309,0.207,0.198,0.110,0.028,0.020,0.132,0.154,0.431,0.599,0.412,0.391,0.558,0.413,0.325,0.508,0.041,0.021,0.212,0.023,0.075,0.246,0.263,0.357,0.566,0.381,0.016,0.168,0.377,0.244,0.213,0.408,0.360,0.120,0.089,0.135,0.066,0.186,0.283,0.491,0.124,0.050,0.077,0.098,0.078,0.099,0.081,0.000,0.001,0.038,0.090,0.119,0.143,0.032,0.233,0.107,0.024,0.050,0.080,0.482,0.327,0.560,0.367,0.583
0.892,0.624,0.694,0.670,0.456,0.446,0.290,0.429,0.515,0.314,0.387,0.374,0.339,0.477,0.487,0.593,0.524,0.347,0.423,0.754,0.498,0.348,0.243,0.246,0.091,0.116,0.226,0.143,0.350,0.160,0.127,0.089,0.111,0.000,0.115,0.056,0.043,0.284,0.298,0.177,0.074,0.085,0.159,0.017,0.027,0.074,0.068,0.342,0.058,0.109,0.250,0.275,0.235,0.203,0.363,0.052,0.073,0.166,0.050,0.014,0.360,0.395,0.416,0.595,0.437,0.016,0.156,0.332,0.238,0.167,0.384,0.337,0.090,0.109,0.170,0.007,0.069,0.150,0.297,0.035,0.003,0.015,0.111,0.066,0.140,0.011,0.019,0.073,0.132,0.234,0.007,0.036,0.131,0.118,0.035,0.162,0.279,0.144,0.307,0.168,0.460,0.286,0.541
0.862,0.658,0.671,0.595,0.438,0.446,0.342,0.436,0.483,0.267,0.316,0.268,0.185,0.388,0.344,0.475,0.359,0.214,0.326,0.541,0.401,0.215,0.080,0.102,0.015,0.033,0.010,0.293,0.444,0.068,0.079,0.026,0.187,0.115,0.000,0.001,0.008,0.191,0.289,0.129,0.014,0.015,0.210,0.066,0.063,0.196,0.094,0.664,0.645,0.260,0.344,0.403,0.237,0.206,0.398,0.058,0.002,0.148,0.022,0.107,0.246,0.244,0.302,0.536,0.340,0.069,0.118,0.311,0.206,0.149,0.367,0.371,0.083,0.167,0.185,0.006,0.090,0.161,0.340,0.058,0.018,0.021,0.033,0.186,0.065,0.049,0.054,0.071,0.117,0.212,0.013,0.005,0.221,0.074,0.020,0.249,0.245,0.128,0.290,0.139,0.412,0.182,0.349
0.880,0.650,0.690,0.640,0.444,0.409,0.210,0.301,0.385,0.224,0.232,0.197,0.195,0.341,0.291,0.359,0.239,0.177,0.157,0.439,0.289,0.173,0.181,0.189,0.084,0.143,0.134,0.125,0.238,0.022,0.117,0.031,0.198,0.056,0.001,0.000,0.042,0.106,0.284,0.132,0.003,0.001,0.153,0.048,0.066,0.093,0.096,0.338,0.179,0.192,0.293,0.304,0.252,0.191,0.377,0.236,0.079,0.007,0.081,0.145,0.220,0.193,0.277,0.541,0.373,0.066,0.113,0.299,0.216,0.100,0.312,0.358,0.062,0.137,0.152,0.024,0.101,0.189,0.345,0.011,0.097,0.074,0.085,0.068,0.143,0.006,0.060,0.089,0.133,0.231,0.025,0.028,0.171,0.133,0.013,0.198,0.253,0.097,0.339,0.160,0.431,0.219,0.370
0.962,0.683,0.774,0.771,0.565,0.497,0.081,0.173,0.303,0.200,0.084,0.061,0.117,0.293,0.181,0.288,0.147,0.151,0.116,0.380,0.323,0.158,0.127,0.180,0.063,0.150,0.248,0.037,0.037,0.057,0.069,0.036,0.167,0.043,0.008,0.042,0.000,0.068,0.192,0.014,0.176,0.177,0.252,0.186,0.136,0.091,0.190,0.211,0.113,0.110,0.305,0.304,0.305,0.280,0.442,0.368,0.193,0.186,0.183,0.230,0.181,0.213,0.232,0.530,0.420,0.110,0.033,0.194,0.152,0.027,0.185,0.271,0.027,0.053,0.053,0.111,0.179,0.265,0.386,0.061,0.155,0.122,0.155,0.013,0.229,0.084,0.008,0.181,0.216,0.323,0.049,0.048,0.230,0.088,0.033,0.247,0.329,0.135,0.266,0.119,0.528,0.426,0.499
1.232,0.842,1.051,1.120,0.764,0.604,0.083,0.191,0.347,0.281,0.144,0.139,0.269,0.315,0.235,0.271,0.167,0.140,0.042,0.357,0.180,0.058,0.064,0.153,0.090,0.398,0.321,0.082,0.325,0.346,0.379,0.202,0.336,0.284,0.191,0.106,0.068,0.000,0.072,0.266,0.390,0.207,0.191,0.076,0.097,0.321,0.210,0.565,0.890,0.289,0.068,0.076,0.100,0.114,0.287,0.356,0.120,0.248,0.168,0.231,0.162,0.205,0.166,0.339,0.323,0.281,0.124,0.026,0.047,0.156,0.087,0.139,0.108,0.045,0.026,0.118,0.150,0.196,0.214,0.046,0.070,0.032,0.216,0.098,0.294,0.160,0.065,0.271,0.353,0.502,0.146,0.134,0.263,0.006,0.207,0.269,0.534,0.243,0.134,0.074,0.338,0.392,0.599
1.192,0.796,0.938,0.921,0.531,0.338,0.091,0.005,0.157,0.079,0.024,0.013,0.141,0.120,0.085,0.093,0.014,0.017,0.165,0.202,0.002,0.095,0.080,0.040,0.072,0.229,0.097,0.258,0.481,0.363,0.444,0.284,0.375,0.298,0.289,0.284,0.192,0.072,0.000,0.116,0.259,0.127,0.203,0.083,0.011,0.172,0.151,0.332,0.600,0.156,0.021,0.001,0.150,0.145,0.348,0.472,0.244,0.321,0.289,0.365,0.013,0.069,0.032,0.315,0.301,0.285,0.132,0.069,0.097,0.139,0.092,0.203,0.048,0.011,0.029,0.156,0.206,0.253,0.268,0.001,0.091,0.025,0.182,0.064,0.240,0.069,0.004,0.166,0.241,0.359,0.007,0.013,0.124,0.189,0.055,0.097,0.321,0.008,0.397,0.139,0.463,0.455,0.622
0.942,0.528,0.771,0.863,0.440,0.240,0.280,0.148,0.020,0.008,0.077,0.067,0.084,0.055,0.050,0.035,0.086,0.047,0.155,0.178,0.028,0.007,0.066,0.130,0.149,0.489,0.337,0.027,0.219,0.158,0.293,0.212,0.309,0.177,0.129,0.132,0.014,0.266,0.116,0.000,0.042,0.081,0.157,0.097,0.089,0.276,0.060,0.364,0.583,0.107,0.009,0.090,0.079,0.008,0.128,0.413,0.134,0.258,0.106,0.126,0.207,0.102,0.228,0.594,0.634,0.003,0.131,0.248,0.314,0.029,0.203,0.332,0.118,0.150,0.152,0.058,0.014,0.076,0.109,0.055,0.063,0.016,0.139,0.031,0.145,0.032,0.180,0.023,0.083,0.222,0.135,0.177,0.118,0.349,0.049,0.166,0.221,0.059,0.299,0.175,0.362,0.319,0.310
0.723,0.216,0.546,0.726,0.290,0.143,0.310,0.153,0.003,0.021,0.012,0.011,0.108,0.100,0.127,0.113,0.016,0.019,0.026,0.333,0.131,0.119,0.194,0.286,0.306,0.694,0.631,0.217,0.121,0.072,0.202,0.109,0.207,0.074,0.014,0.003,0.176,0.390,0.259,0.042,0.000,0.027,0.254,0.091,0.062,0.258,0.057,0.434,0.704,0.096,0.009,0.172,0.059,0.023,0.007,0.393,0.109,0.271,0.044,0.096,0.502,0.653,0.563,0.734,0.879,0.298,0.377,0.408,0.532,0.248,0.356,0.432,0.321,0.260,0.294,0.202,0.167,0.050,0.027,0.106,0.027,0.062,0.118,0.033,0.040,0.175,0.325,0.186,0.114,0.032,0.293,0.367,0.390,0.492,0.108,0.348,0.147,0.047,0.262,0.156,0.326,0.285,0.343
0.771,0.287,0.560,0.682,0.281,0.170,0.187,0.034,0.099,0.021,0.064,0.060,0.142,0.159,0.195,0.207,0.138,0.063,0.055,0.439,0.173,0.139,0.180,0.271,0.254,0.600,0.622,0.147,0.213,0.133,0.226,0.091,0.198,0.085,0.015,0.001,0.177,0.207,0.127,0.081,0.027,0.000,0.083,0.047,0.058,0.218,0.060,0.421,0.752,0.122,0.008,0.179,0.065,0.019,0.061,0.316,0.068,0.174,0.100,0.132,0.590,0.733,0.689,0.694,0.785,0.234,0.362,0.469,0.538,0.322,0.474,0.481,0.358,0.273,0.323,0.205,0.152,0.050,0.033,0.146,0.116,0.137,0.075,0.104,0.008,0.226,0.316,0.219,0.131,0.011,0.308,0.372,0.340,0.473,0.122,0.274,0.153,0.038,0.358,0.214,0.444,0.370,0.561
0.583,0.102,0.348,0.459,0.081,0.014,0.190,0.014,0.113,0.016,0.155,0.174,0.246,0.229,0.340,0.346,0.331,0.208,0.205,0.656,0.322,0.311,0.322,0.348,0.296,0.575,0.634,0.192,0.134,0.027,0.026,0.140,0.110,0.159,0.210,0.153,0.252,0.191,0.203,0.157,0.254,0.083,0.000,0.212,0.288,0.137,0.242,0.153,0.406,0.193,0.271,0.037,0.317,0.236,0.210,0.615,0.357,0.351,0.049,0.205,0.725,0.713,0.674,0.667,0.808,0.387,0.496,0.542,0.624,0.438,0.491,0.454,0.427,0.224,0.305,0.154,0.082,0.076,0.108,0.085,0.044,0.021,0.243,0.021,0.044,0.243,0.308,0.318,0.242,0.134,0.394,0.488,0.515,0.576,0.146,0.404,0.035,0.094,0.372,0.276,0.459,0.332,0.515
0.716,0.276,0.476,0.526,0.146,0.076,0.048,0.094,0.179,0.043,0.188,0.192,0.231,0.199,0.312,0.308,0.324,0.123,0.139,0.577,0.163,0.168,0.185,0.242,0.202,0.468,0.504,0.012,0.352,0.164,0.227,0.059,0.028,0.017,0.066,0.048,0.186,0.076,0.083,0.097,0.091,0.047,0.212,0.000,0.147,0.179,0.080,0.157,0.456,0.008,0.057,0.211,0.093,0.058,0.101,0.274,0.086,0.033,0.199,0.172,0.423,0.367,0.422,0.470,0.568,0.180,0.344,0.486,0.552,0.468,0.612,0.494,0.460,0.300,0.387,0.250,0.169,0.082,0.102,0.164,0.241,0.236,0.045,0.177,0.112,0.341,0.335,0.347,0.228,0.099,0.388,0.441,0.386,0.488,0.133,0.266,0.096,0.056,0.385,0.216,0.417,0.300,0.527
0.908,0.507,0.662,0.685,0.345,0.286,0.142,0.300,0.398,0.226,0.340,0.356,0.387,0.387,0.478,0.522,0.545,0.297,0.319,0.763,0.326,0.258,0.209,0.249,0.153,0.339,0.418,0.072,0.407,0.266,0.245,0.005,0.020,0.027,0.063,0.066,0.136,0.097,0.011,0.089,0.062,0.058,0.288,0.147,0.000,0.136,0.085,0.256,0.620,0.121,0.016,0.150,0.172,0.210,0.312,0.104,0.077,0.117,0.104,0.051,0.359,0.408,0.382,0.452,0.454,0.015,0.156,0.311,0.313,0.239,0.410,0.300,0.206,0.080,0.164,0.020,0.041,0.100,0.107,0.073,0.132,0.117,0.178,0.034,0.089,0.113,0.079,0.085,0.019,0.131,0.146,0.196,0.114,0.269,0.029,0.043,0.242,0.075,0.319,0.158,0.424,0.318,0.586
0.757,0.343,0.525,0.597,0.289,0.254,0.016,0.220,0.359,0.193,0.298,0.329,0.358,0.423,0.507,0.612,0.590,0.376,0.449,0.908,0.544,0.415,0.302,0.308,0.157,0.285,0.518,0.076,0.196,0.103,0.003,0.286,0.132,0.074,0.196,0.093,0.091,0.321,0.172,0.276,0.258,0.218,0.137,0.179,0.136,0.000,0.033,0.365,0.732,0.061,0.280,0.131,0.384,0.380,0.369,0.236,0.016,0.021,0.143,0.194,0.641,0.820,0.669,0.749,0.742,0.230,0.322,0.432,0.414,0.281,0.425,0.350,0.222,0.075,0.171,0.024,0.052,0.173,0.233,0.088,0.025,0.054,0.275,0.060,0.162,0.073,0.084,0.081,0.016,0.081,0.166,0.248,0.207,0.357,0.041,0.154,0.155,0.012,0.402,0.310,0.617,0.501,0.790
0.936,0.586,0.752,0.799,0.523,0.488,0.221,0.366,0.461,0.297,0.337,0.314,0.302,0.433,0.426,0.525,0.451,0.281,0.374,0.700,0.424,0.293,0.233,0.330,0.217,0.341,0.560,0.081,0.235,0.205,0.175,0.041,0.154,0.068,0.094,0.096,0.190,0.210,0.151,0.060,0.057,0.060,0.242,0.080,0.085,0.033,0.000,0.126,0.865,0.235,0.039,0.005,0.101,0.132,0.249,0.001,0.126,0.137,0.127,0.061,0.452,0.541,0.473,0.592,0.522,0.005,0.174,0.332,0.300,0.202,0.421,0.363,0.160,0.154,0.220,0.076,0.022,0.038,0.115,0.171,0.145,0.131,0.061,0.125,0.077,0.072,0.096,0.007,0.094,0.230,0.050,0.082,0.058,0.154,0.047,0.121,0.351,0.192,0.253,0.100,0.428,0.308,0.583
0.688,0.422,0.578,0.688,0.538,0.625,0.420,0.687,0.819,0.576,0.748,0.786,0.691,0.866,0.981,1.188,1.063,0.800,1.087,1.451,1.112,0.947,0.726,0.698,0.428,0.250,0.755,0.496,0.412,0.446,0.674,0.840,0.431,0.342,0.664,0.338,0.211,0.565,0.332,0.364,0.434,0.421,0.153,0.157,0.256,0.365,0.126,0.000,0.449,0.270,0.345,0.258,0.370,0.263,0.216,0.210,0.496,0.473,0.478,0.487,0.925,1.085,0.830,0.919,0.757,0.284,0.416,0.452,0.334,0.300,0.447,0.281,0.092,0.034,0.222,0.134,0.093,0.064,0.252,0.114,0.143,0.277,0.392,0.184,0.311,0.137,0.090,0.142,0.175,0.280,0.120,0.003,0.064,0.067,0.157,0.109,0.349,0.310,0.177,0.202,0.520,0.328,0.684
0.679,0.509,0.572,0.637,0.576,0.719,0.613,0.943,1.095,0.761,1.000,1.106,0.968,1.118,1.338,1.624,1.480,1.103,1.484,1.904,1.478,1.231,0.797,0.618,0.216,0.153,0.257,0.128,0.324,0.257,1.051,1.262,0.599,0.058,0.645,0.179,0.113,0.890,0.600,0.583,0.704,0.752,0.406,0.456,0.620,0.732,0.865,0.449,0.000,0.313,0.115,0.300,0.416,0.228,0.209,0.439,0.753,0.743,0.591,0.593,1.016,1.152,0.924,1.002,0.711,0.288,0.421,0.446,0.208,0.241,0.397,0.159,0.083,0.130,0.128,0.095,0.041,0.142,0.387,0.284,0.337,0.579,0.600,0.429,0.519,0.360,0.340,0.369,0.356,0.423,0.332,0.170,0.222,0.087,0.249,0.187,0.333,0.331,0.208,0.296,0.599,0.402,0.804
1.012,0.769,0.823,0.798,0.603,0.632,0.590,0.783,0.867,0.592,0.745,0.785,0.709,0.793,0.912,1.076,1.080,0.715,0.878,1.302,0.836,0.625,0.383,0.349,0.149,0.096,0.214,0.154,0.311,0.212,0.071,0.580,0.412,0.109,0.260,0.192,0.110,0.289,0.156,0.107,0.096,0.122,0.193,0.008,0.121,0.061,0.235,0.270,0.313,0.000,0.082,0.368,0.291,0.288,0.418,0.270,0.299,0.434,0.153,0.056,0.359,0.420,0.350,0.454,0.268,0.131,0.033,0.170,0.037,0.066,0.250,0.083,0.095,0.132,0.004,0.112,0.164,0.224,0.373,0.072,0.063,0.149,0.328,0.135,0.326,0.198,0.264,0.266,0.331,0.418,0.227,0.168,0.302,0.108,0.265,0.318,0.435,0.330,0.130,0.038,0.331,0.172,0.473
0.954,0.674,0.790,0.799,0.552,0.568,0.537,0.709,0.769,0.527,0.702,0.714,0.639,0.701,0.819,0.922,0.946,0.599,0.751,1.155,0.661,0.559,0.433,0.460,0.324,0.371,0.501,0.067,0.195,0.041,0.067,0.384,0.391,0.250,0.344,0.293,0.305,0.068,0.021,0.009,0.009,0.008,0.271,0.057,0.016,0.280,0.039,0.345,0.115,0.082,0.000,0.092,0.094,0.138,0.248,0.433,0.369,0.553,0.265,0.124,0.350,0.372,0.303,0.378,0.271,0.100,0.085,0.212,0.156,0.201,0.362,0.178,0.081,0.024,0.156,0.032,0.012,0.013,0.109,0.152,0.161,0.098,0.179,0.047,0.139,0.014,0.077,0.066,0.175,0.293,0.075,0.034,0.161,0.010,0.222,0.245,0.443,0.338,0.094,0.030,0.233,0.071,0.372
0.776,0.542,0.647,0.665,0.438,0.479,0.532,0.724,0.784,0.528,0.772,0.812,0.735,0.738,0.936,1.017,1.070,0.686,0.820,1.286,0.708,0.651,0.522,0.509,0.371,0.411,0.511,0.107,0.126,0.062,0.182,0.462,0.558,0.275,0.403,0.304,0.304,0.076,0.001,0.090,0.172,0.179,0.037,0.211,0.150,0.131,0.005,0.258,0.300,0.368,0.092,0.000,0.130,0.059,0.047,0.757,0.623,0.891,0.499,0.330,0.473,0.424,0.373,0.426,0.305,0.021,0.218,0.301,0.237,0.338,0.454,0.206,0.163,0.076,0.269,0.185,0.180,0.124,0.018,0.100,0.114,0.007,0.264,0.012,0.127,0.019,0.045,0.010,0.095,0.203,0.024,0.040,0.054,0.047,0.199,0.150,0.366,0.298,0.106,0.019,0.225,0.042,0.354
0.894,0.644,0.706,0.656,0.377,0.370,0.506,0.637,0.656,0.418,0.644,0.667,0.614,0.544,0.731,0.741,0.874,0.464,0.515,0.928,0.307,0.349,0.318,0.345,0.280,0.407,0.391,0.050,0.330,0.062,0.070,0.098,0.413,0.235,0.237,0.252,0.305,0.100,0.150,0.079,0.059,0.065,0.317,0.093,0.172,0.384,0.101,0.370,0.416,0.291,0.094,0.130,0.000,0.074,0.297,0.493,0.148,0.606,0.117,0.055,0.013,0.019,0.026,0.116,0.039,0.197,0.022,0.116,0.102,0.217,0.297,0.105,0.139,0.024,0.131,0.028,0.044,0.000,0.041,0.232,0.294,0.268,0.109,0.143,0.003,0.111,0.039,0.079,0.066,0.166,0.040,0.050,0.075,0.045,0.189,0.181,0.353,0.248,0.094,0.057,0.134,0.023,0.238
0.676,0.377,0.490,0.475,0.156,0.139,0.268,0.397,0.418,0.216,0.464,0.483,0.451,0.358,0.561,0.539,0.662,0.300,0.351,0.776,0.196,0.274,0.274,0.306,0.261,0.447,0.448,0.017,0.331,0.057,0.079,0.075,0.325,0.203,0.206,0.191,0.280,0.114,0.145,0.008,0.023,0.019,0.236,0.058,0.210,0.380,0.132,0.263,0.228,0.288,0.138,0.059,0.074,0.000,0.104,0.532,0.094,0.688,0.234,0.067,0.060,0.022,0.089,0.176,0.196,0.009,0.152,0.271,0.336,0.442,0.466,0.275,0.398,0.217,0.332,0.175,0.170,0.235,0.361,0.231,0.379,0.349,0.024,0.244,0.186,0.339,0.210,0.356,0.193,0.082,0.296,0.310,0.225,0.292,0.015,0.067,0.183,0.084,0.218,0.063,0.230,0.078,0.323
0.688,0.403,0.545,0.573,0.258,0.246,0.373,0.516,0.557,0.382,0.640,0.675,0.685,0.548,0.771,0.714,0.831,0.521,0.520,0.955,0.407,0.500,0.511,0.520,0.465,0.654,0.641,0.192,0.114,0.127,0.110,0.258,0.508,0.363,0.398,0.377,0.442,0.287,0.348,0.128,0.007,0.061,0.210,0.101,0.312,0.369,0.249,0.216,0.209,0.418,0.248,0.047,0.297,0.104,0.000,0.136,0.054,0.707,0.291,0.088,0.013,0.104,0.065,0.015,0.073,0.062,0.090,0.120,0.231,0.352,0.269,0.062,0.272,0.035,0.218,0.109,0.229,0.156,0.087,0.211,0.052,0.038,0.395,0.101,0.078,0.135,0.063,0.228,0.071,0.038,0.150,0.193,0.170,0.176,0.200,0.010,0.314,0.233,0.032,0.084,0.053,0.086,0.145
1.378,0.971,1.093,1.054,0.639,0.518,0.500,0.583,0.625,0.475,0.578,0.577,0.654,0.494,0.589,0.481,0.596,0.324,0.222,0.573,0.048,0.150,0.250,0.348,0.334,0.610,0.482,0.070,0.485,0.300,0.439,0.333,0.041,0.052,0.058,0.236,0.368,0.356,0.472,0.413,0.393,0.316,0.615,0.274,0.104,0.236,0.001,0.210,0.439,0.270,0.433,0.757,0.493,0.532,0.136,0.000,0.184,0.176,0.344,0.554,0.512,0.516,0.436,0.373,0.307,0.604,0.472,0.285,0.178,0.166,0.050,0.171,0.086,0.210,0.177,0.338,0.236,0.020,0.320,0.371,0.276,0.331,0.216,0.013,0.174,0.053,0.167,0.116,0.315,0.449,0.118,0.131,0.231,0.104,0.412,0.326,0.594,0.381,0.066,0.300,0.088,0.120,0.100
1.093,0.620,0.806,0.833,0.410,0.302,0.192,0.327,0.415,0.271,0.383,0.406,0.492,0.368,0.486,0.444,0.517,0.256,0.206,0.634,0.133,0.157,0.183,0.253,0.203,0.473,0.445,0.098,0.491,0.354,0.393,0.198,0.021,0.073,0.002,0.079,0.193,0.120,0.244,0.134,0.109,0.068,0.357,0.086,0.077,0.016,0.126,0.496,0.753,0.299,0.369,0.623,0.148,0.094,0.054,0.184,0.000,0.054,0.019,0.146,0.060,0.027,0.018,0.007,0.141,0.219,0.113,0.038,0.139,0.083,0.195,0.075,0.124,0.070,0.001,0.092,0.081,0.030,0.183,0.165,0.199,0.214,0.231,0.042,0.120,0.069,0.002,0.054,0.101,0.225,0.089,0.128,0.090,0.184,0.171,0.001,0.348,0.150,0.181,0.014,0.214,0.181,0.413
1.155,0.645,0.835,0.831,0.347,0.196,0.141,0.217,0.258,0.144,0.252,0.246,0.341,0.154,0.264,0.137,0.233,0.005,0.083,0.276,0.213,0.094,0.026,0.146,0.166,0.519,0.396,0.189,0.642,0.461,0.605,0.495,0.212,0.166,0.148,0.007,0.186,0.248,0.321,0.258,0.271,0.174,0.351,0.033,0.117,0.021,0.137,0.473,0.743,0.434,0.553,0.891,0.606,0.688,0.707,0.176,0.054,0.000,0.259,0.432,0.530,0.473,0.304,0.301,0.090,0.380,0.269,0.053,0.137,0.118,0.222,0.115,0.264,0.090,0.112,0.069,0.163,0.406,0.743,0.561,0.537,0.587,0.066,0.234,0.159,0.287,0.186,0.242,0.021,0.135,0.230,0.222,0.159,0.233,0.115,0.032,0.325,0.101,0.175,0.085,0.097,0.101,0.298
0.998,0.526,0.703,0.740,0.313,0.199,0.147,0.283,0.373,0.254,0.394,0.441,0.572,0.343,0.515,0.413,0.490,0.259,0.160,0.580,0.085,0.169,0.229,0.273,0.239,0.514,0.430,0.068,0.430,0.277,0.330,0.184,0.023,0.050,0.022,0.081,0.183,0.168,0.289,0.106,0.044,0.100,0.049,0.199,0.104,0.143,0.127,0.478,0.591,0.153,0.265,0.499,0.117,0.234,0.291,0.344,0.019,0.259,0.000,0.087,0.271,0.270,0.187,0.187,0.007,0.213,0.156,0.071,0.089,0.037,0.023,0.074,0.093,0.179,0.101,0.104,0.019,0.002,0.233,0.011,0.027,0.056,0.379,0.236,0.206,0.009,0.048,0.056,0.098,0.204,0.089,0.151,0.188,0.202,0.206,0.091,0.291,0.117,0.130,0.027,0.123,0.112,0.305
1.010,0.495,0.711,0.786,0.356,0.236,0.110,0.261,0.380,0.289,0.408,0.458,0.610,0.401,0.555,0.463,0.500,0.332,0.222,0.646,0.210,0.273,0.329,0.361,0.318,0.591,0.516,0.053,0.287,0.164,0.212,0.066,0.075,0.014,0.107,0.145,0.230,0.231,0.365,0.126,0.096,0.132,0.205,0.172,0.051,0.194,0.061,0.487,0.593,0.056,0.124,0.330,0.055,0.067,0.088,0.554,0.146,0.432,0.087,0.000,0.215,0.257,0.211,0.180,0.084,0.156,0.114,0.098,0.101,0.033,0.065,0.110,0.029,0.213,0.128,0.118,0.040,0.106,0.030,0.124,0.158,0.123,0.501,0.362,0.338,0.099,0.082,0.028,0.154,0.259,0.032,0.116,0.197,0.194,0.255,0.106,0.322,0.150,0.072,0.051,0.092,0.087,0.251
1.211,0.555,0.726,0.762,0.279,0.092,0.173,0.001,0.177,0.089,0.125,0.212,0.437,0.184,0.323,0.257,0.274,0.119,0.047,0.409,0.009,0.006,0.011,0.016,0.051,0.212,0.130,0.298,0.597,0.515,0.515,0.320,0.246,0.360,0.246,0.220,0.181,0.162,0.013,0.207,0.502,0.590,0.725,0.423,0.359,0.641,0.452,0.925,1.016,0.359,0.350,0.473,0.013,0.060,0.013,0.512,0.060,0.530,0.271,0.215,0.000,0.015,0.066,0.004,0.271,0.140,0.211,0.081,0.043,0.245,0.133,0.099,0.099,0.321,0.298,0.244,0.249,0.257,0.031,0.100,0.127,0.103,0.470,0.416,0.402,0.167,0.171,0.163,0.252,0.326,0.026,0.133,0.238,0.305,0.118,0.297,0.127,0.107,0.345,0.234,0.400,0.461,0.610
1.645,0.974,1.167,1.189,0.667,0.418,0.007,0.173,0.389,0.322,0.257,0.352,0.620,0.367,0.451,0.390,0.366,0.258,0.047,0.471,0.102,0.068,0.078,0.077,0.019,0.207,0.105,0.275,0.530,0.524,0.501,0.298,0.263,0.395,0.244,0.193,0.213,0.205,0.069,0.102,0.653,0.733,0.713,0.367,0.408,0.820,0.541,1.085,1.152,0.420,0.372,0.424,0.019,0.022,0.104,0.516,0.027,0.473,0.270,0.257,0.015,0.000,0.175,0.255,0.042,0.548,0.584,0.440,0.304,0.606,0.397,0.352,0.444,0.517,0.472,0.362,0.330,0.340,0.167,0.161,0.286,0.266,0.620,0.601,0.653,0.484,0.435,0.548,0.641,0.738,0.337,0.248,0.164,0.024,0.410,0.011,0.415,0.106,0.151,0.055,0.273,0.412,0.543
1.435,0.865,1.021,1.003,0.506,0.273,0.092,0.058,0.239,0.166,0.126,0.196,0.430,0.201,0.282,0.210,0.170,0.085,0.109,0.292,0.045,0.054,0.014,0.001,0.053,0.199,0.062,0.306,0.561,0.495,0.531,0.379,0.357,0.416,0.302,0.277,0.232,0.166,0.032,0.228,0.563,0.689,0.674,0.422,0.382,0.669,0.473,0.830,0.924,0.350,0.303,0.373,0.026,0.089,0.065,0.436,0.018,0.304,0.187,0.211,0.066,0.175,0.000,0.033,0.174,0.401,0.329,0.185,0.072,0.357,0.152,0.092,0.219,0.254,0.217,0.173,0.176,0.212,0.101,0.039,0.161,0.127,0.414,0.367,0.440,0.262,0.197,0.326,0.418,0.522,0.126,0.053,0.028,0.148,0.225,0.105,0.277,0.022,0.283,0.158,0.326,0.398,0.526
1.557,0.919,1.078,0.979,0.369,0.031,0.476,0.316,0.094,0.136,0.235,0.138,0.155,0.135,0.050,0.125,0.201,0.214,0.446,0.058,0.307,0.327,0.286,0.303,0.330,0.078,0.246,0.515,0.710,0.642,0.698,0.564,0.566,0.595,0.536,0.541,0.530,0.339,0.315,0.594,0.734,0.694,0.667,0.470,0.452,0.749,0.592,0.919,1.002,0.454,0.378,0.426,0.116,0.176,0.015,0.373,0.007,0.301,0.187,0.180,0.004,0.255,0.033,0.000,0.295,0.536,0.353,0.154,0.064,0.419,0.145,0.004,0.214,0.172,0.176,0.089,0.127,0.155,0.030,0.042,0.086,0.050,0.267,0.299,0.347,0.205,0.113,0.331,0.407,0.518,0.044,0.032,0.082,0.315,0.007,0.432,0.031,0.355,0.512,0.461,0.506,0.625,0.623
