0.000,0.021,0.004,0.021,0.009,0.011,0.026,0.057,0.046,0.055,0.070,0.059,0.023,0.052,0.047,0.052,0.060,0.019,0.027,0.029,0.001,0.027,0.010,0.024,0.018,0.010,0.003
0.021,0.000,0.012,0.044,0.003,0.011,0.046,0.092,0.067,0.072,0.073,0.064,0.023,0.043,0.047,0.063,0.053,0.016,0.029,0.006,0.012,0.019,0.022,0.031,0.014,0.003,0.032
0.004,0.012,0.000,0.001,0.018,0.024,0.002,0.048,0.001,0.004,0.016,0.016,0.018,0.001,0.003,0.024,0.020,0.006,0.033,0.027,0.039,0.014,0.039,0.045,0.008,0.007,0.018
0.021,0.044,0.001,0.000,0.027,0.017,0.001,0.056,0.008,0.004,0.013,0.022,0.010,0.001,0.009,0.011,0.004,0.031,0.020,0.011,0.019,0.015,0.027,0.033,0.016,0.011,0.017
0.009,0.003,0.018,0.027,0.000,0.019,0.004,0.033,0.029,0.037,0.020,0.009,0.032,0.019,0.020,0.010,0.003,0.006,0.009,0.037,0.031,0.005,0.040,0.038,0.017,0.012,0.020
0.011,0.011,0.024,0.017,0.019,0.000,0.002,0.034,0.034,0.045,0.029,0.011,0.028,0.032,0.023,0.000,0.009,0.020,0.000,0.029,0.030,0.013,0.035,0.031,0.021,0.006,0.027
0.026,0.046,0.002,0.001,0.004,0.002,0.000,0.016,0.011,0.029,0.016,0.006,0.008,0.007,0.010,0.005,0.005,0.012,0.029,0.016,0.009,0.052,0.006,0.003,0.045,0.033,0.002
0.057,0.092,0.048,0.056,0.033,0.034,0.016,0.000,0.005,0.023,0.020,0.014,0.037,0.041,0.040,0.009,0.003,0.003,0.048,0.060,0.024,0.052,0.016,0.025,0.030,0.024,0.012
0.046,0.067,0.001,0.008,0.029,0.034,0.011,0.005,0.000,0.020,0.004,0.022,0.004,0.013,0.007,0.010,0.019,0.009,0.001,0.047,0.017,0.055,0.011,0.005,0.052,0.037,0.016
0.055,0.072,0.004,0.004,0.037,0.045,0.029,0.023,0.020,0.000,0.014,0.020,0.005,0.046,0.015,0.012,0.003,0.023,0.016,0.036,0.000,0.031,0.003,0.008,0.033,0.023,0.012
0.070,0.073,0.016,0.013,0.020,0.029,0.016,0.020,0.004,0.014,0.000,0.015,0.041,0.065,0.021,0.012,0.010,0.011,0.007,0.056,0.006,0.017,0.008,0.027,0.018,0.014,0.017
0.059,0.064,0.016,0.022,0.009,0.011,0.006,0.014,0.022,0.020,0.015,0.000,0.002,0.035,0.009,0.003,0.025,0.004,0.007,0.072,0.029,0.044,0.027,0.009,0.040,0.024,0.025
0.023,0.023,0.018,0.010,0.032,0.028,0.008,0.037,0.004,0.005,0.041,0.002,0.000,0.030,0.002,0.021,0.001,0.018,0.017,0.049,0.009,0.027,0.019,0.008,0.024,0.003,0.001
0.052,0.043,0.001,0.001,0.019,0.032,0.007,0.041,0.013,0.046,0.065,0.035,0.030,0.000,0.029,0.011,0.049,0.017,0.017,0.088,0.050,0.098,0.060,0.045,0.091,0.072,0.055
0.047,0.047,0.003,0.009,0.020,0.023,0.010,0.040,0.007,0.015,0.021,0.009,0.002,0.029,0.000,0.022,0.006,0.010,0.009,0.068,0.044,0.090,0.026,0.018,0.062,0.045,0.024
0.052,0.063,0.024,0.011,0.010,0.000,0.005,0.009,0.010,0.012,0.012,0.003,0.021,0.011,0.022,0.000,0.009,0.009,0.043,0.080,0.049,0.074,0.007,0.016,0.041,0.039,0.021
0.060,0.053,0.020,0.004,0.003,0.009,0.005,0.003,0.019,0.003,0.010,0.025,0.001,0.049,0.006,0.009,0.000,0.002,0.040,0.076,0.057,0.084,0.011,0.002,0.050,0.061,0.039
0.019,0.016,0.006,0.031,0.006,0.020,0.012,0.003,0.009,0.023,0.011,0.004,0.018,0.017,0.010,0.009,0.002,0.000,0.043,0.009,0.004,0.034,0.020,0.022,0.030,0.037,0.006
0.027,0.029,0.033,0.020,0.009,0.000,0.029,0.048,0.001,0.016,0.007,0.007,0.017,0.017,0.009,0.043,0.040,0.043,0.000,0.067,0.027,0.005,0.039,0.036,0.017,0.011,0.030
0.029,0.006,0.027,0.011,0.037,0.029,0.016,0.060,0.047,0.036,0.056,0.072,0.049,0.088,0.068,0.080,0.076,0.009,0.067,0.000,0.041,0.053,0.028,0.021,0.066,0.065,0.023
0.001,0.012,0.039,0.019,0.031,0.030,0.009,0.024,0.017,0.000,0.006,0.029,0.009,0.050,0.044,0.049,0.057,0.004,0.027,0.041,0.000,0.034,0.005,0.006,0.048,0.035,0.001
0.027,0.019,0.014,0.015,0.005,0.013,0.052,0.052,0.055,0.031,0.017,0.044,0.027,0.098,0.090,0.074,0.084,0.034,0.005,0.053,0.034,0.000,0.022,0.019,0.034,0.011,0.057
0.010,0.022,0.039,0.027,0.040,0.035,0.006,0.016,0.011,0.003,0.008,0.027,0.019,0.060,0.026,0.007,0.011,0.020,0.039,0.028,0.005,0.022,0.000,0.011,0.009,0.012,0.027
0.024,0.031,0.045,0.033,0.038,0.031,0.003,0.025,0.005,0.008,0.027,0.009,0.008,0.045,0.018,0.016,0.002,0.022,0.036,0.021,0.006,0.019,0.011,0.000,0.020,0.044,0.043
0.018,0.014,0.008,0.016,0.017,0.021,0.045,0.030,0.052,0.033,0.018,0.040,0.024,0.091,0.062,0.041,0.050,0.030,0.017,0.066,0.048,0.034,0.009,0.020,0.000,0.012,0.012
0.010,0.003,0.007,0.011,0.012,0.006,0.033,0.024,0.037,0.023,0.014,0.024,0.003,0.072,0.045,0.039,0.061,0.037,0.011,0.065,0.035,0.011,0.012,0.044,0.012,0.000,0.017
0.003,0.032,0.018,0.017,0.020,0.027,0.002,0.012,0.016,0.012,0.017,0.025,0.001,0.055,0.024,0.021,0.039,0.006,0.030,0.023,0.001,0.057,0.027,0.043,0.012,0.017,0.000
